1.769022921525869319e-01
1.620974164459976219e-01
3.092840869733985421e-01
4.558963254682221744e-01
4.148967575466311897e-01
4.017374734931442037e-01
1.094220798522813204e-01
3.573407532681799337e-01
3.825702764357719055e-01
2.145887129520429870e-01
2.625965009102413372e-01
1.915439992013986403e-01
1.216805376718221587e-01
2.430700158758459795e-01
2.623496165623422915e-01
2.127594662174433771e-01
1.983995683978763969e-01
3.940897930140405125e-01
2.647068622738215637e-01
4.135055912008013812e-01
1.580706365851958506e-01
-7.298388187002698103e-04
3.427213533418057567e-01
3.733836368648288939e-01
3.892477933884667674e-01
3.069905840773469730e-01
2.087959642519081338e-01
1.724040232505846537e-01
2.717746459479469801e-01
3.376800893085653565e-01
2.621794474019122911e-01
1.406335975234958291e-01
3.052707510435521687e-01
3.245100684000781777e-01
2.919438249953879017e-01
4.271510999202897674e-01
3.280595500619737925e-01
1.341907688917538810e-01
4.532001872732713266e-01
7.246104562044600184e-02
3.465012596011896595e-01
4.527096977894483065e-01
1.839649680791790587e-01
1.389647245109737750e-01
1.395800418839291956e-01
2.777036308190818370e-01
2.528451168238473046e-01
4.136273226096311428e-01
4.724955407244910699e-01
2.160231972432675729e-01
1.816212605845053674e-01
3.776831816888157056e-02
3.885532405914879361e-01
3.523260303672360871e-01
2.435202661151668613e-01
2.091890757878561435e-01
2.920774919690311000e-01
4.280026552391517636e-01
2.540829224186596513e-01
1.649520078392485156e-01
4.175857775877813149e-01
2.972302498733005449e-01
3.236698487517243317e-01
2.067132883134104038e-01
1.188881554020521508e-01
3.067658565671175785e-01
1.254622648996232825e-01
3.407772280095237583e-01
2.825648617680615385e-02
2.165169521066017122e-01
2.552291157135387900e-01
2.256754246679940346e-01
3.654934434906155216e-01
3.437919998697191448e-01
3.130866182270053422e-01
3.949011163287902137e-01
1.991398450320662136e-02
7.712813311159340268e-02
3.938582125681871493e-01
2.715409932983728347e-01
4.081396690830493279e-01
1.067469243485724556e-01
2.950158106235422073e-01
1.863674650809220845e-01
2.616948647484463319e-01
2.261993291525552230e-01
4.447663675883916645e-01
2.138044365232677213e-01
3.751211982317215754e-01
6.068001206065167796e-01
4.460510153105544107e-01
3.894721823223003532e-01
1.551274249208738354e-01
6.151463100813973073e-01
3.199535334048042579e-01
1.729253229374768663e-01
1.927258727276626171e-01
6.752089950243675420e-02
