-9.182674909274121111e-01
-8.508083246042300596e-01
2.891209437490211975e-01
-6.977472975356279195e-01
9.315932472496938344e-01
-1.092488249465040084e-01
5.708101412158447241e-01
7.706521511151122050e-01
2.412662847612863926e-01
2.470313892537134848e-01
-7.113829834454359347e-01
-5.494678256884895085e-01
-6.808065925497506221e-01
-2.907305590241443527e-01
-9.518823116182155708e-01
1.310096058733511981e-01
3.967309698072717383e-01
-7.884956265341259707e-01
1.314075295970238422e-01
9.891467648902034782e-01
-6.659686730433191926e-01
5.127445254084612714e-01
-9.179757792452634124e-01
-6.693831535121808063e-01
-3.698517004109259654e-01
9.342179213025841866e-01
-9.645650913883753175e-01
-5.697617253073585797e-01
4.782189265219006780e-01
-9.000274520477081763e-01
1.424828869217774352e-01
-5.907269786418164470e-01
-6.645998489651568919e-01
-8.865229227231348208e-01
-6.142734826413095428e-01
2.605883264332501392e-01
1.012761813059456784e-01
4.761782692805760497e-01
-9.756792178447681874e-01
-9.944339533021137045e-01
9.829053833073846391e-01
1.856613223721942929e-01
7.255500189344528117e-01
3.451165076874091464e-01
8.522959229866864383e-01
-1.624343634392448055e-01
4.893928673875975188e-01
7.009628913068866041e-02
-5.857628828417202893e-01
5.816019282638005272e-01
9.531733107116321380e-01
-6.824659290939659728e-01
-4.253341680162349148e-01
-7.798665536565925205e-01
-6.024310022038612544e-01
-5.890951971061898496e-01
-4.314302570029129313e-01
-8.959248532544989985e-01
8.815023734231210994e-01
6.145277626210231547e-01
5.947358919492422569e-01
-9.492161355325994254e-01
9.054595011146362449e-01
-8.129752719602840738e-01
-7.135047141553342298e-01
5.211424821707466570e-01
9.727211565673040683e-01
-8.828874700514528495e-01
5.039014118430771294e-01
9.564940144764699781e-01
-7.680601604303423091e-01
8.487846232341813568e-01
-9.446684159121706559e-01
8.373337851726013747e-01
-7.277202443849855040e-01
5.606800655467660821e-01
-9.910528891724841305e-01
9.203094586249402909e-01
8.531024181178818999e-01
-8.782766058169129142e-01
7.199655123098370746e-01
9.562621489172665745e-01
-8.427148272193472067e-01
6.776207489407077844e-01
7.045384478347541668e-01
9.091330009913420884e-01
7.497026798810958459e-01
-9.831718294399021119e-01
8.606748136703372687e-01
-4.669649911530728281e-01
8.397720914490338640e-01
6.785830232026508479e-01
5.754880376168595157e-01
5.296068957312161096e-03
-8.993138955773593013e-01
2.328865456988126192e-01
-6.522749416048405635e-01
5.107180466835359312e-01
1.651982845611253414e-01
-2.198642738386975548e-01
4.552243494322796846e-01
-5.111852679939951072e-01
-8.997762378035972786e-01
1.292168386994690943e-01
5.521530691505581734e-01
9.862444610466267747e-01
7.431278501053747432e-01
-5.523033672507013381e-02
-4.549312689696187739e-01
-5.891248252155988352e-01
6.595679080942126182e-01
3.197759521333218835e-01
7.099289083995552474e-01
-8.182933911954102246e-01
-1.395612247973030545e-02
9.205185636492043688e-01
4.931522088846065910e-01
9.347070737452541911e-01
7.444793629552046710e-01
7.615505820115184843e-01
6.415622525508691831e-01
9.789102668722767797e-01
7.069249802071948530e-01
-9.839644084748377928e-01
8.549467352459183545e-01
2.947394237643615189e-01
-8.296353857657546849e-01
2.218801388038049716e-02
-3.352742017626662019e-01
9.792451533661864493e-01
8.826663723624376123e-01
-4.429794041151347006e-01
-9.325828513693633637e-01
5.770612887288493198e-01
8.737075053856844242e-01
-4.273542106964237641e-01
9.434298733013509741e-01
-2.182800407355761640e-01
-9.910693304098531220e-01
-8.748358301296874640e-01
-6.159694740290384551e-01
1.163892134528043965e-01
7.216487673317090179e-01
4.419272342894513539e-01
2.291758708160283042e-01
5.159451881708047027e-01
-5.419854674983565213e-02
5.973458736880857822e-01
-5.017959516456822477e-01
3.849904166587558296e-01
5.610106959473214194e-02
-8.342945091984118600e-01
7.695836569421352635e-01
-7.898269561341653144e-01
6.286054999426415879e-02
8.920306770003029184e-01
-6.117212323260456941e-01
-9.887028832000999135e-01
-8.429416668744459384e-01
-1.149152884221494308e-01
-6.623534632269393319e-01
5.714379854907278844e-01
-5.777529912038168458e-01
-6.682945141885733298e-01
-5.595686996312986272e-01
-5.827537296317273352e-01
8.339568471162293051e-01
9.745483787348929727e-01
-1.732042615219476778e-01
-6.901007155372023139e-01
1.092368321734588088e-02
-4.486408663382040474e-01
-6.246102600928470361e-01
5.174224600351574610e-01
-5.468513024368738540e-01
1.769523549211495794e-01
-2.717394584203474683e-01
-3.874697947940819454e-01
2.622996312505031236e-03
1.136821085366080952e-01
2.555265892461721644e-01
-9.088822895159701654e-01
-7.391776012500048676e-01
-7.022765860766628787e-01
7.717807645738739009e-01
-4.288402777225955309e-01
-8.019365692055927530e-01
4.008997357277735429e-01
6.060771653191768804e-01
9.784762237733083401e-01
6.246846655872012599e-01
-8.774705352738870756e-01
9.933935998258136557e-01
-9.924650922630059435e-01
4.953736566258113982e-01
9.557025455999026420e-01
-8.987328734644774997e-01
-5.158303991877206673e-01
-8.703849212958619797e-01
6.192419088803574612e-01
-8.445151615412377355e-01
-7.852487794551007427e-01
-9.716655436121485190e-01
-9.655762564494141387e-01
8.493375305869698133e-01
1.422064045195380322e-01
-8.347677701650825233e-01
-7.677700166246363978e-01
8.763454499828696731e-01
-6.675203744443941600e-01
-8.221843139758705510e-01
-7.707605230413479003e-01
-9.627351817632039399e-01
-9.894776789132522232e-01
-2.275479257505724218e-01
-7.943584309074236405e-01
-6.378332320567005054e-01
-4.015599110571712038e-01
7.728795807804546003e-01
4.457636506999736459e-01
-7.469474272564143869e-01
-5.844960549201126954e-01
6.372901535101700432e-01
-4.343692524065307925e-01
-4.312141507608939217e-01
6.564550315909928324e-01
9.550132964905428956e-01
9.011416236946701019e-01
-7.792998751156861026e-01
9.881416854593357835e-01
9.916578063064921400e-01
-6.295501958786048347e-01
8.736240586000569852e-01
3.648616057877822616e-01
-9.167505138121587738e-01
9.660098909473685547e-02
1.025558921626460451e-01
9.177021302893374477e-01
-8.975055405982331758e-01
6.528313340793086006e-01
-9.787607808701955792e-01
-9.255763028457446584e-01
3.266940591067528654e-01
4.523163580552186369e-01
-8.106000609178005689e-01
5.515236979005639917e-01
-8.965952469144964354e-01
7.623756010009433703e-01
-1.426098573627497534e-01
6.512354510821319886e-01
5.890670276397618199e-01
5.675905314757191400e-01
7.098445617019871756e-02
-2.723947976741364352e-01
4.836631139049130113e-01
-3.241221092006877358e-01
2.909577956462769954e-01
-5.024405725593286132e-01
-6.105262101994807233e-01
-9.523771367273606847e-01
9.752151567032963930e-01
-5.169141220040964768e-01
-8.647136452128477702e-01
5.499522029028857117e-01
-3.212127810861007404e-01
-8.835761875801101395e-01
-7.520920649660121082e-01
-2.320407787287844248e-01
-4.104684173884042275e-01
-4.211424224173888065e-01
-5.102816825561069525e-01
8.326388002776909936e-01
9.742789650560931825e-02
-7.574812716783838606e-01
-9.072431418701782935e-01
2.738441395268297329e-01
-2.179222827681246422e-01
9.870599667903430241e-01
-9.310739818791616829e-01
6.551176703263709156e-01
-9.383791763915056983e-01
-4.453630645981102587e-01
-8.361606242310524184e-01
-7.145475188976502245e-01
9.801338884859944756e-01
9.925748013243365087e-01
4.815956783282341336e-01
-6.456208675217176562e-01
6.653960071929482245e-01
2.860876395000628847e-01
2.570684470510484210e-01
9.266471094774808570e-01
3.395367819097802609e-01
8.478344835161683024e-01
-3.949839762434691481e-01
-3.007888671905754041e-01
-1.098448244991139938e-01
-7.345831593954489369e-01
-4.616939352457054002e-01
6.028918816601196440e-01
-8.182180073251936747e-01
7.587297960214054449e-01
-1.730232486629738053e-01
-2.468419743838595193e-01
9.125098084131653131e-01
-4.120579906915387003e-01
-3.832019475988367452e-01
7.563982952712708929e-01
-2.929807370480137507e-01
-3.631571770814254752e-01
6.941912340689809779e-01
-7.955983803774959728e-01
7.109025885467267214e-01
-4.948895043767166935e-01
4.255120371075115093e-01
4.924105215268870239e-01
-8.387134985984295854e-01
1.826227151148228089e-01
9.165940391861864267e-01
6.785430047170828427e-01
-7.791951122428029120e-01
8.046080854321686626e-01
-4.667047573907570079e-01
-7.651951130529585088e-01
-9.994515335025516700e-01
4.824617623175093128e-01
-7.130716117189702663e-01
5.697156848764711734e-01
-9.794923567584096213e-01
-3.018685035859638988e-01
-8.982474150531846724e-02
2.225028692062758218e-03
6.474861653742234324e-01
1.749554476385309920e-01
5.109898770706216009e-01
-8.302818344836171427e-01
-1.322524203726022085e-01
-4.548975046053846949e-01
8.865367319732355700e-01
8.632488862306452182e-01
7.333491072704061420e-01
9.697540738820580319e-01
-7.087354290391836287e-01
4.904731875755386494e-01
5.838591772408816549e-01
6.747066134919530445e-01
2.390386091012687009e-01
9.382480633289105310e-01
-9.241410907133356112e-01
-2.375662110816240125e-02
2.866911735690684804e-01
-4.558887495185202088e-01
-6.527495076529291618e-01
6.068905475577743847e-01
-5.735211951879300996e-01
-8.786779563902407109e-01
-3.499841637867334709e-01
4.491682380111891582e-02
6.641236876596861016e-01
2.799829976489900951e-01
-4.098458438803466719e-01
1.571835650646740135e-01
8.499155446627425503e-01
4.328182145969965422e-01
4.445743339001411165e-01
-7.246343250879512254e-01
3.253275091310512401e-01
5.575742517954994648e-01
-9.093126211580945251e-01
-5.917669888792843613e-01
4.383706609075272431e-01
-8.246396291098914144e-01
-7.266813281391197865e-01
-5.317342188758464872e-01
-9.252962355355091040e-01
-6.958668331111441674e-01
-7.024966763624103105e-01
5.774407234964924474e-01
9.102321781288740254e-01
8.000409376123551741e-01
-4.975420999329973615e-01
-9.188504444919144420e-01
-9.199125823673541813e-01
-8.007927146121247564e-01
-5.162260504246203308e-01
-7.845875218987619082e-01
5.820624357824748518e-01
5.211617803130960125e-01
6.000560150055317399e-01
-9.035111769219932309e-01
8.403973744560976344e-01
7.082310162264382480e-01
8.959521534341463589e-01
-8.039454599329968199e-01
-4.074813940584385286e-01
8.086894198378981047e-01
-7.922604226570443275e-01
4.887422166688420999e-01
-9.947265767364896760e-01
6.428314439960260973e-01
2.620320577569268394e-01
-4.715697359198359195e-01
9.590301067512261302e-01
-6.561210525853355957e-02
6.070143934151628340e-02
-7.033397345733196637e-01
-9.599511541675541659e-01
-6.130059360395559986e-01
-1.737445920453766224e-01
9.474268831564780502e-02
8.965481553851070706e-02
-6.747689771581543150e-01
-4.564563447369815452e-01
5.795131163490152559e-02
-5.710235013216830025e-01
2.281404799557126828e-01
-6.626253993724031677e-01
-9.753626548015927877e-01
-2.155798483140854427e-01
2.815398135397455537e-01
8.698576645336940638e-01
-8.603500181616685616e-01
-2.516641820726157608e-01
-7.635219637810748416e-01
8.440349842413257253e-01
3.203588178917768925e-01
6.268664360014086778e-01
-9.674612780487543695e-01
3.286009440554481520e-01
-1.544407948212034865e-01
9.003382067081791007e-01
-6.655709034249894795e-01
7.495723550490446252e-01
-8.387391603399498852e-01
8.886020179803166830e-01
8.322223278653533285e-01
-6.281613768088671890e-01
8.288270746682809831e-01
-7.834828432451849123e-01
-6.873699414141963837e-01
1.069272114573003862e-01
9.534647217825701349e-01
6.848332944490664875e-01
2.141726687408334329e-01
-8.586866318962207423e-01
-8.762794442286354624e-01
-8.136086748388111634e-01
8.404672601376984575e-01
-9.735631781607108071e-01
2.123938016143640806e-01
-9.107254972925046821e-02
-5.638200439025791155e-01
-9.364367961056677681e-01
-4.270549982623593199e-01
1.761079192112653957e-01
8.658334969274090742e-01
9.227057366045249287e-01
4.362382345980465037e-01
8.416929109111787044e-01
-9.381333331692437438e-01
6.060077864789331636e-01
3.405678271639189791e-01
6.212613576221306388e-01
-8.936157291081870957e-01
-9.323110734135505728e-01
-6.327748703767136496e-01
-6.707313049885035294e-01
-8.355211495686322154e-01
-9.856398670276332874e-01
-9.947687075330112760e-01
-3.185174303425463149e-01
3.210443353139390554e-01
6.790502272971967734e-01
3.234251550577026402e-01
-4.828254926984712481e-01
-6.402217363221281987e-01
7.996187846876782190e-01
-9.386297836612936818e-01
-3.024610397083512536e-01
-5.429706923518241579e-01
-8.834743895442290773e-01
9.351288290935904080e-01
7.577692993515441344e-01
-3.874486253077065179e-01
-3.503158418295447274e-01
-4.567487891536698430e-01
6.945699739488854219e-01
-7.824230584446609793e-01
-7.607204630905010090e-01
-4.076322431594031626e-01
7.454496058989943386e-01
8.767567635358359812e-01
-8.678495672987287524e-01
6.038762241676702835e-01
-3.376490391539870295e-01
1.292731096335499874e-01
-8.507664244329927739e-01
-6.018045254979406122e-01
-9.600299762130259928e-01
-8.154326796339630423e-01
1.975165764005483160e-01
-8.890121827374578567e-01
7.860951623898703167e-01
-9.954581042506851496e-01
-8.512411707136138261e-01
-8.435168492480634717e-01
-8.171956261269521793e-01
9.167602329842644560e-01
1.040565256440270092e-01
-8.418876227342039220e-01
6.416288075725156137e-01
8.992186107039439324e-01
-3.605169491587105757e-01
-1.007797899413620524e-02
-4.919337788826246838e-01
7.888666292303898597e-01
5.241477143675290495e-01
-5.246899460535158211e-01
-3.102888924513056423e-01
9.539359744726839674e-01
-9.607675222181282226e-01
-7.658525405266388697e-01
-5.330423095806631206e-01
-8.323118424949912386e-01
-3.987906983381589998e-01
-7.737591760074830072e-01
6.087920568425231327e-01
-5.263240199534109376e-01
7.938259672052562221e-01
-2.647862626809173725e-01
-9.447755613401428443e-01
9.941723677939400261e-01
1.106911461019319809e-01
-3.972132096310383997e-01
7.300717358040732519e-01
-7.981276970304848062e-01
-2.392163041072587759e-01
6.536443937957341355e-01
-4.917472846876101977e-01
-6.503934690170163346e-01
-9.455680384781557368e-01
-2.955762486085784513e-01
-9.138337273941887773e-01
-7.971439660235121183e-01
9.008128032371602867e-01
8.726375477823882232e-01
9.144447235236612403e-01
-4.488156180146856133e-01
-7.135519708465392075e-01
-7.953145317822182259e-01
-7.453874361092682754e-03
-2.784048555886116105e-01
8.660274059226023002e-01
-2.593982591759078082e-01
8.129244150830216009e-01
3.816008512661687169e-01
6.698097178504297533e-02
7.069563159075437087e-01
-8.389070282993977834e-01
9.906839007587154855e-01
-9.848633430815239009e-01
9.048912624568183904e-01
-1.844351673640693412e-01
1.871896545535018941e-01
-2.993085366506041956e-01
-6.254974407248239388e-01
3.648993325486689088e-01
8.822326196225079853e-01
4.682744914204738373e-01
7.230805094708370184e-01
-2.555581607433651814e-01
6.754036824766922464e-01
7.325862733491566026e-01
-6.818496859645752917e-01
6.131977550539828847e-01
5.805174022092988162e-01
-6.407137754698949417e-01
-2.727441149594008740e-01
6.014468241920291058e-01
9.268023431616985164e-01
-1.445447579574236086e-01
8.420023021283613573e-01
1.677595725952327199e-01
7.839109637559209531e-01
-8.652327376876624010e-01
9.695575563676859243e-01
1.402841602625364559e-01
-5.149139789192402894e-02
6.416393438492421497e-01
5.957254865553524015e-01
8.797498068126002879e-01
-8.752587798068591773e-01
-6.938417799348263193e-01
3.712635445267898904e-01
-4.578852751282810329e-01
9.734031861521003082e-01
-9.761698035328021383e-01
-8.199250934288133674e-01
-9.946866444359240278e-01
8.882381393411429293e-01
-8.607729091100829732e-01
-9.948792162258133231e-01
3.534529794820229220e-01
8.879361951978349543e-01
-7.571573915742360050e-01
-4.797559012631902320e-02
8.303046931180069201e-01
-9.473281843184124806e-01
5.018988389906828829e-01
5.698375772333202915e-01
-3.885289445634507177e-01
1.224384110497517275e-02
-9.217957430904648586e-01
5.446175179150488654e-01
-2.713162910561656149e-01
3.133050604809958783e-01
7.766691746770054694e-01
2.657238282306217392e-01
-6.034799828365411400e-01
6.429179408880696389e-01
-2.042677909014092852e-01
-4.134125907485243223e-01
-8.822828355217358087e-01
-9.558370813022720736e-01
-4.487165705175977237e-01
-7.194160415833275590e-02
8.264522989366825945e-01
-4.456372638025654087e-01
-8.926746551798391272e-01
1.617980458314111636e-01
9.383353944136324509e-01
-5.325403598324167653e-01
-9.059368334122545052e-01
-7.112138252506863267e-01
-3.552813928296831847e-01
4.225243923872707974e-01
-9.351254518925627979e-01
-9.962632768852357490e-01
1.122727362224963110e-01
5.025598057168868538e-01
6.480172039880562895e-01
-9.154031624077475504e-01
-8.828576599833821703e-01
-7.885215276373866988e-01
4.913121731547571702e-01
-4.731058203127970208e-01
-2.533611271358508499e-01
-4.014369499212092074e-01
-8.325511363148323518e-01
8.205129424341273126e-01
-5.417361028889178254e-02
6.113491840631716245e-01
-7.407914322900887028e-01
9.205885658196247823e-01
9.101127620296438625e-01
8.285640103959757141e-01
-7.489783889163288411e-01
7.572047232163489072e-01
2.876675387545247209e-01
-9.149129015975050461e-01
-9.871154805258658405e-01
-5.204059082542530357e-01
-5.805131919142939578e-01
-7.530043956868484045e-01
-5.662774283485703108e-01
9.037826588903035141e-01
7.183535102913863879e-01
5.946810475460939660e-01
2.942261279154260722e-01
6.786420303367148854e-01
1.623554547024035344e-01
4.905535591863713352e-01
-3.063011763577986879e-01
-4.989073955410792127e-01
-4.858350537939732372e-01
-3.066087349259483674e-01
3.260915579088163874e-01
9.979574657728781384e-01
-9.905316159734740555e-01
-6.557643934948744757e-01
-6.351505124814982306e-01
1.363565425521998803e-02
-8.077377821479798659e-01
5.042024065812167333e-01
-5.374016681050719502e-01
8.499974795654671178e-01
-7.766001091103705845e-01
8.104044736286445394e-01
2.388954128410175071e-01
-2.747557232604633803e-01
-8.452608506048246984e-01
-2.633259155832478604e-01
8.135826418091215428e-01
-6.210232993352339248e-01
9.711251090228893990e-01
5.125073178200094670e-01
5.634561446707895271e-01
9.557507416992723215e-01
-5.057268849509414244e-01
-7.266505853475893062e-01
9.795658532779589756e-01
-8.849602898042328025e-01
-9.864381689661956276e-01
8.049016897398358905e-02
-6.502958954425511751e-01
-4.968044934718890415e-03
-9.502977633041688188e-01
1.659298980916505406e-01
-9.397716334457212328e-01
7.929803972893583186e-01
8.508945897932069791e-01
3.888264667547738918e-01
-8.793405164099959981e-01
6.343690275227648057e-02
7.723085785427449279e-01
-7.120235395531220313e-01
4.722144907044186213e-01
5.413094707616847856e-01
9.965767260990938681e-01
-5.512693527258184512e-01
-6.217573832670408862e-01
-1.183760514655228802e-01
6.419325471588248622e-01
-8.502386312365244336e-01
6.475901561947426943e-01
9.863436967319976212e-01
-8.678317143557776614e-01
-8.902525895351844909e-01
8.500856501507676466e-01
-8.265214432308546355e-01
-8.489132447760963096e-01
-9.331928023649268544e-01
-7.875472020247062943e-01
-8.596456749814167519e-01
4.948129414246537072e-01
7.129819296224533254e-01
7.400421613909354823e-01
-1.315814408132210123e-01
-2.358747495798006466e-01
-9.499038749276722537e-01
-7.983978898497523513e-02
6.909898700359971002e-01
-9.835862793238159263e-01
8.364383888601890638e-01
8.520691759142788868e-01
5.447975552629169549e-01
7.777000794872688250e-01
6.350842546056184590e-02
5.076595715984889567e-01
-1.501085552975638948e-01
7.640549692067403198e-01
5.415880010972042857e-01
-7.431373678607103850e-01
-3.169286601881566856e-01
8.296904279903214441e-01
7.885773363453345564e-01
-5.325438050119659650e-01
8.884525929779810705e-01
-8.164120239278266355e-01
5.441254317977632926e-01
5.511423412378781972e-01
-8.043262716451743399e-02
6.764312925276304567e-01
8.770014881851280197e-01
-1.334178901257216665e-01
-1.272529148497760776e-01
-5.796388445495834763e-01
-4.705359383536136253e-01
-8.351215875578292813e-01
1.075240427571058088e-01
-4.476901162531792266e-01
5.660131150524154720e-01
-2.443579874414412156e-01
-5.570161403801302535e-01
-6.803292203470802102e-01
-8.691621616745250911e-01
-9.042744837431125893e-01
6.251423132389842818e-01
-6.312728587926903501e-01
8.963578153431889239e-01
-3.313112530983676196e-01
-8.083180556054003763e-01
-9.763782001744858441e-01
3.796216515442334405e-01
-9.300545946326153057e-01
3.668212418424142696e-01
-8.869010452716838966e-01
9.021411740050261363e-01
1.856164940776103556e-01
3.099197944880391908e-01
-1.938916028799022861e-01
-7.375005526189357674e-01
-3.073765843652601637e-01
-9.932915753535270786e-01
-2.800171094491112900e-01
-3.735759032690625370e-01
9.445403164789469841e-01
7.533956932131688489e-02
8.887254120505314603e-01
9.186850726810116274e-01
9.203933739520584467e-01
4.778493213293430464e-01
6.821678314916133079e-01
3.402953014911559992e-01
5.587398600141342264e-01
-1.525421072939907585e-01
1.351523921823410967e-01
3.936526264799282693e-01
3.707821705609072316e-01
-8.272428912531172296e-01
9.276971797054915925e-01
-3.877287739830723168e-02
-6.829744713027474656e-01
7.750191263498005245e-01
-6.881086177398931802e-01
-8.535926212490878573e-01
7.139759700550062371e-01
9.604125764610175198e-01
-9.728032635658914185e-01
-9.871419784615138582e-01
-1.105071871367565572e-01
-1.775679539475661928e-01
-5.023189494764337404e-01
5.288021229835849768e-01
-9.335778403508829815e-01
-3.512744160272907035e-02
8.680043257524276967e-01
8.796972147367628780e-01
-5.109888680871164102e-01
-9.774535342452357334e-01
3.921618828157449332e-01
-2.079354777133833321e-01
9.653162209272958538e-01
-3.674529398178437156e-01
-7.484369555496013238e-01
9.953374414928217728e-01
-1.031490296272554175e-01
6.090470771798921490e-01
6.893387959701322565e-01
-9.384787970729890905e-01
9.149151795032456347e-01
6.183150311277716416e-01
-8.726153981255393433e-01
4.442103781335863255e-01
-3.953405299221173230e-01
-5.196013969343492578e-01
2.697199992043474714e-01
6.341048891667122600e-02
9.783202820622141083e-01
-3.580672943189125990e-01
-6.638577619272615360e-01
9.288792484636905211e-01
8.545950514446238877e-01
-3.928687591839317705e-01
-9.741618608339792651e-01
-9.727997639073046043e-01
8.498139082138005396e-01
3.352444729771086318e-01
8.885469962465051275e-01
-4.805072428741256063e-01
-8.132885056477456853e-01
9.613802481692050872e-01
5.232622218503543143e-01
-1.864055928732494261e-02
8.828695190609241461e-01
-4.356318869933588078e-01
8.447548185792665976e-01
-8.834812537360845486e-01
-2.551369780308438417e-01
1.272284436026934196e-01
-3.914287813826254903e-01
7.000744239588609918e-01
-7.541722383141051811e-01
-5.332229539493301695e-01
-6.176890350507842076e-01
6.222556599922192122e-01
-2.068144299799852814e-01
-9.754526808466983390e-01
-7.705004302436708752e-01
7.197090733369504445e-01
4.434341401237878455e-01
6.625772108032165209e-01
-5.470258719399898606e-01
3.650755258609086340e-01
-7.100619460507150427e-01
-2.476603454565360352e-01
-8.497592399101949745e-01
-7.994532730750496530e-01
-9.892497529800878819e-01
6.586623279286865085e-01
4.245524922021179370e-02
-2.557817306723609851e-01
-7.114775770694772294e-01
-5.988115548285820600e-01
9.224073027370024436e-01
3.926374255421594683e-01
-2.299738103289795388e-01
-5.515131531784058794e-01
-9.463785913939865013e-01
-9.550234743547526550e-01
6.862793116789741577e-01
-9.627849454280724695e-01
3.368000160541895216e-03
5.038089424930349836e-01
-9.119928992153230052e-01
4.324549010222539236e-01
4.346809584237522062e-01
-1.714837506827895097e-01
-1.535864215328283933e-01
6.573398738279013775e-01
9.425934303044584128e-01
-8.770492478253060220e-01
9.814170914093109932e-01
-7.466911428603464351e-01
-5.579271329629638121e-01
5.854102675277765844e-01
9.012808204738231854e-01
-8.587737623846802837e-01
-5.647906993089062411e-01
8.341997581833933140e-01
-5.276637440175682148e-01
-6.872261576981122388e-01
-9.619396423449173561e-01
-6.233113618282000168e-01
8.428932506320344631e-01
5.535281884124780838e-01
7.238229141535152955e-01
-8.251686547058435517e-01
-3.280899108928362340e-01
-3.766813849534467185e-02
9.082479431031710293e-01
2.615734980142780941e-01
-2.256978485459888717e-01
6.025040699618017248e-01
-3.085167436758011195e-01
-9.849523993155191448e-01
-9.553337882390210423e-01
8.172349283768507444e-01
-8.065032265167824121e-01
1.219132959710115122e-01
9.879740371357321749e-01
-5.055923961933511679e-01
4.258405616627108925e-01
6.233881115722199606e-01
-3.730391880106810332e-01
-9.007241716551173116e-02
-9.252847329753597361e-01
-9.949557237859405490e-01
-4.162768125449268219e-01
-6.052376571999587007e-01
-2.270406548959915394e-01
2.182659730971114875e-02
-7.138361717156582742e-01
-8.468335097974863945e-01
3.231536135605972415e-02
9.346803220835556703e-01
9.872987857658424016e-01
6.978407375425128567e-01
2.411997122913877301e-01
-7.999772694101416892e-01
-6.472032030922817425e-01
-8.209738797918728626e-01
-9.851102483472309324e-01
7.372177335140628340e-01
-8.167501357554077246e-03
4.903018966537587287e-01
-3.129371705322303576e-01
7.136199745937249483e-01
-5.908786391669088589e-01
7.850306295502346154e-01
-6.887174299425996571e-02
8.274994956917706146e-01
-2.702140420540435350e-01
-3.045749795524191894e-01
-4.986953418825920137e-01
8.399461744238819749e-01
8.469946201255236229e-01
8.362215790761423628e-01
-7.205409637874233830e-01
-6.092297990385182604e-01
8.340857332910895927e-01
-9.643949436504347661e-01
-9.637906982981642168e-01
-9.381833363172785711e-01
7.475066267647398899e-01
7.294395554267372184e-01
-5.987203492041566211e-01
-5.152037802323314875e-01
-7.533791366442216253e-01
9.446600203228786574e-01
-9.338576841448585908e-01
-1.091291809628510412e-01
9.400290505671596852e-01
6.722668618013344366e-02
-4.517488890770743337e-01
-1.274259174255161775e-01
2.395998863231083575e-01
9.315138921709047448e-01
-7.326322269566617473e-01
4.097970897606245666e-02
-2.210706990035416486e-01
-9.553550859143620233e-01
-2.296495442816625931e-01
6.491944312395744321e-01
-7.719656180258414047e-01
8.039385426049545647e-01
4.466031866872792744e-01
-7.704272846337923975e-01
7.695399639151059290e-01
-6.905553173203794470e-01
8.373664899025089481e-01
-7.077976602851985266e-01
-9.993155923167268417e-01
-9.843970666003776238e-02
9.960749884398720777e-01
1.510133078922460681e-01
4.999553096712269773e-02
9.814401233867852126e-01
2.738132726823150342e-01
9.266830888148185341e-01
7.060125532902299383e-01
-8.283535792405372078e-01
7.111704801734129999e-01
-9.047632681964008494e-01
3.566011191812446524e-01
-6.096136965950573749e-01
8.893476319737344538e-01
7.719842330394232066e-01
8.836992668641464599e-01
-8.357956777945063642e-02
3.422037034358123009e-01
2.319090973023621438e-01
9.752281241283671243e-01
-1.818366029498616476e-02
1.969187826607523839e-01
8.854236067514061892e-01
9.825182023510337093e-01
-2.183702074984361641e-03
6.969295581770146297e-02
4.818155016491621478e-01
-8.992234878590088520e-01
-8.760433069699041786e-01
7.631712174361241496e-01
-6.178570365053717151e-01
-1.531210824236486634e-01
-2.951997917546589356e-01
2.951333730953257239e-01
-9.198866384000682350e-01
1.941329413091871792e-02
-5.697305336027046474e-01
-4.696819433107547459e-01
-5.896646738816154754e-01
5.205571355775808762e-01
-9.879611767295827240e-01
9.517625647582623749e-01
8.380672698456319569e-01
8.448717321453205198e-01
5.304479869567307881e-01
2.478312139453898721e-01
5.229412158500104102e-01
-2.093038729974036061e-01
-5.604960366452542697e-01
8.782686449366303716e-01
5.007027186840481425e-01
-9.002465956951077874e-02
-5.918333263660378041e-01
3.910431308589154553e-01
-9.815365228944314957e-01
-8.258590686528294311e-01
7.679241702044760087e-01
4.434249128151037112e-01
-9.104783049833042874e-01
-9.072924962775283930e-01
9.732928475331844576e-01
3.914287666805347232e-01
-3.678549886545376957e-01
8.573268221958965651e-02
-4.328171826699230285e-01
4.100429989553607824e-01
-8.942594228224035602e-01
7.816973495102600422e-01
9.239286210541508559e-01
-8.628680138486427564e-01
-9.040856255061566760e-01
-6.097141117970689139e-01
-9.560810287749986758e-01
-7.256430889705403064e-01
-2.127564306784929249e-01
-3.172272916044051039e-01
7.539607777969502544e-01
-8.133428915039990770e-01
7.914213704662304005e-01
-7.722570706658927753e-01
-1.202299447322501824e-01
-6.909378738027250888e-01
9.810973090998954538e-01
2.123256877407727061e-01
8.061690368773808402e-01
6.340407799623505314e-01
9.949986288530698886e-01
-5.511395371515382946e-01
-4.419221398759189956e-01
-3.706095097516831083e-01
-3.290999551621111019e-01
-5.561603481365667845e-01
-9.213392110327817131e-01
-9.291235053263395827e-01
-7.094150684838906873e-01
-8.238155766581584105e-01
9.517262087117019931e-01
6.246800988749552364e-01
8.596199760631983988e-01
-2.327635323215432317e-02
-1.270529102973009528e-01
-2.767260401406572701e-01
9.952809603586649789e-01
-1.105873303538251751e-02
3.287063969143111386e-01
-6.750980841158313872e-01
-3.086575142975833685e-02
-6.473086089241091301e-01
-7.409736238046087387e-01
-5.950922294956153547e-01
3.631516167786500437e-01
-5.209752439122501411e-01
1.092212819390807055e-01
-4.572739588845644576e-01
-9.920006125470455238e-01
-2.888629082568039408e-01
-9.518907774067770777e-01
-9.359042884949284602e-01
-6.652469524207579310e-01
-3.622762002099777501e-01
7.645458384147976183e-01
3.710167763251835948e-01
-1.003005319472939361e-01
6.824859113746147843e-01
-7.492607784879580235e-01
-9.697115744199512610e-01
-3.732524603045234701e-01
4.889493397592362678e-01
8.282132352568598588e-01
7.300950179340381929e-01
-8.972768851724590711e-01
4.499123353290161997e-01
9.389686386346542957e-01
9.509102771303128421e-01
2.876006473433328492e-01
6.123868869938458026e-01
6.107826747969520298e-01
-5.961311918841680768e-01
-7.940189713786264258e-01
-1.517956944052424872e-01
8.996859057409095639e-01
-4.575447255690842652e-01
4.908577224782051940e-01
-1.661782430886648010e-01
9.668629734810747500e-01
-2.489415405573886519e-01
8.035729202663943749e-01
-8.391826746411532589e-01
-5.406972659696642758e-01
3.258711521301759229e-01
-7.460757742242761781e-01
5.338103419894345558e-01
-8.013095451381809786e-01
6.130993732209949476e-01
-3.440674076228776301e-01
-3.062906283397148210e-01
-8.816271573427327812e-01
-9.715070071446231248e-01
7.840386239327218343e-01
-5.314010768907229121e-01
-9.372013712798072937e-01
6.575149917046496650e-01
8.441032627215656614e-01
-5.731587212943796139e-01
9.239407039573410696e-02
-6.077213159709466961e-01
-8.559438731859263516e-01
7.364136479587559680e-01
-9.382241485445832474e-01
9.603298235403142646e-01
6.039005467402406291e-01
3.544592224327264840e-01
1.752586526455247595e-01
-4.956882866235641782e-01
-4.725898666471162746e-01
4.879371507160135124e-01
-2.864209751142993698e-01
-1.447141939945911226e-01
-3.053761912415634550e-01
2.931154520278489439e-02
-9.166358500970520629e-01
-9.722096815243460588e-01
-7.925492837986543027e-01
-3.643769414789376215e-01
-9.358396230721577336e-01
-2.882091210026030970e-01
-2.945955021101664961e-01
-7.931911487906911917e-01
8.655878702630902533e-01
-9.706130672554070804e-01
7.087615512772164061e-01
-7.223187695014857690e-01
7.448666885504970914e-01
-9.660123081843441373e-01
-9.019535921884629381e-01
9.343094424740963078e-01
9.381367736642081123e-01
2.965312623237055800e-01
3.405694223688970346e-01
7.436690036130915171e-01
6.950366213917626990e-01
-7.025344692133076441e-01
-5.310270459984797187e-01
6.188049681209231156e-01
5.031858131401103496e-01
-4.659927887562421156e-01
-8.217474581911365927e-01
-4.655510893571582764e-01
-5.495666236413994099e-01
6.220519910210007275e-01
-9.335357352733768266e-02
6.461726882144407380e-01
7.533547271459353212e-01
-5.648843304076647254e-01
9.161219874906287863e-01
9.940721721741866412e-01
9.506899276869615889e-01
8.100940341640636699e-01
-5.501772713833452677e-01
-9.660586422804653406e-01
2.279500429694232833e-01
6.561021845560991439e-01
-3.329771862761859436e-01
5.621280084320509074e-01
7.970430534602684913e-02
-8.605471674103770674e-01
9.280512093893691361e-01
-7.962659138091752187e-01
9.663769295319822872e-01
-9.484010203832403674e-01
-6.839586090701283982e-01
1.041009343819876420e-02
8.808092910538203313e-01
2.648356224293534900e-01
9.047570792859342959e-01
-4.886647122175883373e-01
-9.144566018590559731e-01
9.182170085647007873e-01
-9.063838322957111782e-01
6.337981257850524575e-01
-2.919964439706762005e-01
-5.899465432721670566e-02
5.393415422666021364e-01
-6.214318721294561643e-01
5.454670478245280396e-01
4.839032955818806103e-02
-5.387473452042170763e-01
-2.236764484040528744e-01
4.561604427592341193e-01
-9.541895869028512722e-01
-6.818024526561095033e-02
-7.622667476790842001e-01
5.325255461487716779e-01
7.580649465708316770e-01
-4.085475631502046845e-01
2.138718184210771645e-01
9.834547899145750227e-01
8.834922955637019015e-01
-2.845782907095000813e-01
7.851868972256285106e-01
2.497465244376628202e-01
-9.833976217167734735e-01
-6.817364230558821125e-01
-1.450464003866728802e-01
-2.572466973321605455e-01
-3.096926513067577158e-01
-7.337446427620780698e-02
8.770535889962713938e-01
3.110525734194919956e-01
9.340383830470782023e-01
-2.870249685277769802e-01
-9.068349807918612004e-01
-6.220291024922685041e-01
-3.114871696747232299e-01
-2.199281448964418295e-01
6.911438297867193992e-01
-9.712206543812804682e-01
-1.449796372416351509e-01
1.638322686910437254e-01
8.682396610337688170e-01
-6.391016504356011874e-01
5.719109606862944339e-01
6.950883151570372842e-01
9.466049700507671583e-01
-2.097695477874329528e-01
-7.439193916270665508e-01
-8.536184492624254716e-01
4.338955818321904578e-01
6.103094370646197087e-01
-1.730968041371099830e-01
-5.859294386064962668e-01
-3.082596789318854391e-01
-1.973617439507349691e-01
9.294212980418639081e-01
-4.375737526629449592e-01
2.483696750706126943e-01
-7.651584168624373516e-01
-9.916986124957039017e-01
-1.100315460029293729e-01
8.735332323714350977e-01
-6.458012434068780561e-01
7.732400275581792215e-01
7.021683975454265925e-01
4.293837480402415974e-01
-4.844497143883510493e-01
6.491391212671083766e-01
-4.680032965298890346e-01
-4.920712831802515064e-01
2.523237720675686191e-01
-9.597255570972856864e-01
9.382455661649244938e-01
8.096256898071498842e-01
-5.417812241754275115e-01
9.683227210482278080e-01
-8.933989257610457368e-01
-9.169460272288456615e-01
-9.349115642094453227e-01
-3.038215189383587367e-01
-7.683954859816790606e-01
-9.888791815210865588e-01
-6.062525058936762967e-02
-6.500135538551656822e-01
-3.294847020427541517e-01
-7.114761001087868131e-01
4.430502652552719134e-01
6.058539471244519525e-01
-5.748132129520955313e-01
-8.996979738940609206e-01
6.186642486180764511e-01
-8.051253382619995014e-01
-9.736663783062464717e-01
3.912828801206966745e-01
8.522948868926095711e-01
9.635478593348433263e-01
3.329534819567876447e-01
7.301424267500089549e-01
-8.822695344743056722e-01
3.821465770373204118e-01
-8.289946951077851178e-01
-7.323341082989909268e-01
-9.578081450902000693e-01
9.109390029268643607e-02
9.443236501225742430e-01
-7.900030251529820413e-01
-1.491956063328960247e-01
5.607986877774023826e-01
5.932748715607151224e-01
6.593150723083484044e-01
7.718745497440258063e-01
6.749405794856349061e-01
-5.279739449250150374e-01
3.754932361597596580e-01
9.543587619975055780e-01
8.430559646887660907e-01
-8.149583983061674530e-01
-4.184050516730264402e-01
5.957121313357087722e-01
-3.305755654256690712e-01
-7.385497613764485658e-01
-9.797609933800287552e-01
-3.441462200188030174e-01
7.718232207081929808e-01
-3.064156805745947842e-01
1.583091506267110815e-01
-1.429839895569875452e-01
-9.158544106784273220e-01
-9.901204080171668309e-01
-2.516226796847399472e-01
5.179164136654930140e-01
-8.879912431835880193e-01
-9.274781752216656461e-01
-8.309709500988587960e-01
8.334642142289301336e-01
6.372337419008753390e-01
4.346474343126815465e-01
-3.698239002583066370e-01
6.064086991241274260e-01
-9.573233419282127787e-01
-1.054403403579632914e-01
-9.215665821510403699e-01
3.902905889341682366e-01
7.491965718504641769e-01
-7.990443373167710472e-02
2.282342157030006757e-01
9.382401124868647857e-01
7.163866090868693526e-01
6.204374886371556430e-01
-8.627384701553165725e-01
-6.677931694395968787e-01
3.861926372187877154e-01
7.628542963376421238e-01
-9.655895582676750077e-01
2.386525609720674956e-01
4.194899744249969142e-03
1.400798024208933235e-01
-4.129492168039242683e-01
-6.141918109140287463e-01
-8.514598699431946693e-01
9.392207335348624619e-01
4.989484319090116693e-01
6.456134664184045580e-01
-4.610122018533119315e-01
9.160407596391957341e-01
-8.285838512108696374e-01
-2.795863974562504684e-01
-3.429476260160663204e-01
1.498040677033036783e-01
8.740603704014919817e-01
9.774764256259705908e-01
3.025815644443363150e-01
-6.312912224812126105e-01
-2.201999160173883641e-01
-6.784646071751168073e-01
8.498181228943947341e-01
4.586711164703469734e-01
-6.420437107193611714e-01
-2.632650551096593627e-02
-8.628180244640624164e-01
-5.236485318779309228e-01
6.017795944537506214e-01
-2.056774737611374304e-01
4.541447920762809454e-01
-5.677660418184620195e-01
-9.052682434702579162e-01
-6.667628657750060972e-01
7.111797253132957630e-01
7.473338034757898152e-01
-9.515863390516533515e-01
7.985515165489855960e-01
-6.112688432559774121e-01
-8.430411652757702212e-01
8.549276885956595962e-01
-8.192309757056490671e-01
-6.094211541979931424e-01
-5.985955481073338413e-01
4.427546947233278463e-01
-8.310645757526708977e-01
-8.026352191157923865e-01
-4.116439541702361371e-01
-3.261911143967676230e-01
-9.194076105980878433e-01
-4.689514538196648541e-01
-8.016357009959218516e-01
9.631925111862328359e-01
-4.359176419479759423e-01
7.873459557527480168e-01
1.447945344721801586e-01
8.096063556139342365e-01
4.653187576099242495e-01
-8.822799035979722593e-01
-9.131755663307243864e-01
-5.716403004996137849e-01
1.045831176772638593e-01
-6.841011917448329704e-01
-6.321529518124988645e-01
5.150959860233675913e-01
-9.950097910207568175e-01
-1.129089999404836453e-02
-2.817023812718157938e-01
-2.694957962018568742e-01
8.891421567668794657e-01
6.925015264063087983e-01
9.595662875510916345e-01
7.371608696137433858e-01
-5.741466721831622877e-01
4.982380501756250579e-01
-6.489940846115733741e-01
4.936287798398680260e-01
2.386745527552069923e-02
9.087533421530775701e-01
9.308371551929084387e-01
7.735285028220802994e-01
2.344472985097098006e-01
9.516283279448162213e-02
-7.446321692095309031e-01
-3.199384378846026333e-01
-9.392846039193017971e-01
-7.834034815258890116e-01
-4.516032507448894950e-01
-8.626802750897125671e-01
-9.305917097921743153e-01
-6.496045844063630392e-01
-8.412392130271735269e-01
-4.218424295420469261e-01
-1.021418470034654996e-01
-2.790546909533619946e-02
-6.468076519703006566e-01
-9.813919181124739488e-01
-8.774314489969983200e-01
5.904026382752479707e-01
-6.985487686276989905e-01
-7.502292595153864374e-01
9.494881075813641491e-01
-5.347183466240357230e-02
9.548803519363922021e-01
-9.071058090867688550e-01
8.376644720420545198e-01
4.199222544169408655e-01
-8.141082532725535392e-01
7.270169374366948212e-01
6.634201821870705507e-01
9.929627252383745883e-01
1.230433734723555550e-01
-3.370062518820293729e-01
6.350308003809710389e-01
2.909268108748678250e-01
8.850598909644590284e-01
2.039460860767381978e-01
-7.112600219591191930e-01
-7.170180572153337373e-01
6.333510594105985492e-01
3.173100101801884509e-02
-8.199193506610177318e-01
-9.940958874330724226e-01
-4.592602786312905971e-01
-8.803724393957829131e-02
9.243890591906660514e-01
-8.100730766663357674e-01
6.295949689014506134e-01
2.915695270304301534e-01
-8.854324965057698560e-02
-9.119785594748573976e-01
9.064412685354009680e-01
9.925259809041413472e-01
-5.330358356551643251e-01
8.050998406141703923e-01
9.597011415575982252e-01
8.823867276262981063e-01
6.640939208238225699e-01
9.599093722823178743e-01
-9.521941067362792444e-01
2.736164776181615466e-01
-2.495311771981190418e-01
1.712777617528946361e-01
-9.064416644939246592e-02
-4.405756194749542720e-01
-7.391484053417829436e-01
7.028181324393920626e-01
-9.102523425324007267e-01
-9.970156104195773139e-01
1.863517259206035059e-01
9.277073678428318093e-01
-6.265818853830183999e-01
-9.675594584478329763e-01
8.178703954026274037e-01
-3.163504209257288480e-01
8.741091527979196751e-01
-1.343683053686470230e-02
-1.605535954352131367e-01
-4.484019385748022057e-01
3.160524524422432258e-01
8.025132047757818077e-01
5.040860876180801586e-01
8.253391064920098108e-01
8.297799457837912174e-01
4.487131803897312921e-01
-7.903885261201369916e-01
6.807060116567474894e-01
-5.726418319884092334e-01
2.555366366024858227e-01
2.459981618816779736e-01
9.737189063515203635e-01
-3.989066634504610520e-01
-5.235401774908978734e-01
9.812236915841888729e-01
9.111823444219722123e-01
4.393984003500751578e-01
-8.330383615825580623e-01
2.647725004623334155e-01
-8.844590021071301322e-01
-9.872503974362533130e-01
9.236451369729157257e-01
-2.926186044940582986e-01
2.782634823625562692e-03
3.483945505276810350e-01
8.506209304217640099e-01
-3.233245933902095803e-01
-8.448818750201516625e-01
-5.623982772157800625e-01
-7.184222620719702412e-01
-1.324864238019144436e-01
5.035497020782754296e-01
-9.153474886239477692e-01
-9.699996288464660665e-01
-9.620712928304654410e-01
9.799634851691610971e-01
1.827838955130595133e-01
5.520527749944612594e-01
-2.076142066108743467e-01
1.325912493722437580e-01
-4.728932326237927919e-01
5.767102092174283268e-01
-4.211273139940336363e-01
-8.410100823147224069e-01
-6.903606431877509220e-01
-8.070015622530773980e-01
4.869293455833109130e-01
-8.797131734217770171e-01
8.097887912133467925e-01
-9.553976931413432627e-01
7.214693041620415803e-01
5.450817776728026365e-01
-2.077452853364997742e-01
-2.094571922437818701e-01
2.668383008407452239e-01
-6.893568894697744698e-01
-2.564129500285503571e-01
-8.220806786360598251e-01
8.397440179406018279e-02
-3.112572186450531242e-01
-9.779381005658411841e-01
-9.711840764691844763e-01
5.626879068859218513e-01
2.680319326823840109e-01
9.690138166011780241e-01
-8.568533515285611246e-01
-1.544173850751731081e-01
7.605648486509977158e-01
4.887280559146490733e-01
9.380332201263229530e-01
1.912803351359973203e-01
9.610241724999463164e-01
8.847892875503355903e-01
-7.895146348508115253e-01
-5.705955447729122998e-01
-7.251769961348583093e-01
-4.193517795932380499e-01
7.510776862748312910e-01
-7.292236955160580347e-01
1.451257619627303597e-01
-5.224152679904932040e-01
7.066420223241621779e-01
-8.109905220577271479e-01
-8.710252440987545919e-01
8.034099273904500293e-01
-6.715166440394376712e-01
-4.713178537941587476e-01
9.388823157694905497e-01
-9.986594603912949397e-01
5.976444187887117732e-01
4.123404266985876143e-01
3.024767781348801088e-01
1.705674513342255172e-01
5.592934078161954092e-01
-4.778689327558809929e-01
5.366330626909131540e-01
-2.726528327903789406e-01
-2.512274547016504767e-01
-2.735905534523491722e-02
7.614488346725729606e-01
-9.132900480450717451e-01
3.516276763156388485e-01
7.124771613360856293e-01
-4.348268987904537197e-01
9.746644515040687740e-01
2.723561951546929483e-01
-9.971787765919316593e-01
-6.487791740668937823e-01
8.731834290981448365e-01
9.894052564315162224e-01
6.457579769505445988e-01
-5.539640301047705773e-01
-8.609736373423900746e-01
-8.524540772004414180e-01
9.946117275344195097e-01
-8.523142383781199261e-01
8.533769603032719253e-01
-6.443669564385992032e-01
4.285755863371638608e-01
-8.139562235139621293e-01
-7.664092506620254763e-01
-4.859063309672790876e-01
-6.783903936673685298e-01
-6.613576562648383339e-01
-7.016388822762095190e-01
5.649653031053931684e-01
5.627067759353692189e-01
9.217583757518144072e-01
-4.862948381193732406e-01
-9.114935521472082858e-01
1.244469782150252612e-01
-7.520790571274538205e-01
8.932370653536868543e-01
6.446717902740052297e-01
4.949027447836846227e-01
-9.957563725085663009e-01
-9.723343907389052632e-01
-4.413376527346550837e-01
-8.435389402300206285e-01
-7.748296982667448596e-01
7.360126217608569110e-01
-7.136577508091017652e-01
-8.773523137201139077e-01
8.715491658919982676e-01
8.673174406620380861e-01
-4.499992366184729642e-01
5.633753207047715872e-01
7.790659590981492411e-01
-7.492619845928953914e-01
2.126064055385932794e-01
6.343507315243752664e-01
9.910708781350534569e-01
-1.341105709083847408e-01
-5.353155418252180109e-01
-8.105907486047800869e-01
9.021847271056916417e-01
6.324674756740197301e-01
-9.228872344696549268e-01
6.602496615820363512e-01
6.634143044237950093e-01
8.580783517676141559e-01
9.229372570245213403e-01
9.227343366830847993e-01
5.597829203490143346e-01
9.118169220933265429e-01
7.189679446010981412e-01
4.118252021092478898e-01
-7.959516596995583892e-01
-6.091839525837681180e-01
6.976418859433535236e-01
-8.299277804629643374e-01
4.667145808027116649e-01
1.821008194130541713e-01
-5.004073968102508152e-01
1.782104778104844356e-01
2.008187682837669907e-01
9.256344316020532759e-01
-4.847136367180778782e-01
3.337843381369563767e-02
-9.014890483236547292e-01
-4.266516254855128309e-01
-8.762044819197291057e-01
2.469283544642572326e-01
9.865827141327586647e-01
8.549997813796214041e-01
-8.909000198655694369e-01
5.487613296971900478e-01
8.581726364210811031e-01
4.998370106346531339e-01
2.092058875495784454e-01
-9.243472695706336228e-01
-5.199337572955033959e-01
-3.544636942536378288e-01
-4.242531030263922698e-02
-9.842089144689962765e-01
7.997664008879834530e-01
5.311849252608091820e-01
6.229878829892890879e-01
-1.642489347011586998e-01
9.739144893556483940e-01
-3.593880595876258743e-01
-4.278325956424560150e-01
-8.210970531176536857e-01
-8.287783760862931226e-01
9.479964525653025165e-01
-9.900310492878705571e-01
7.632035402456848194e-01
4.920223988667505877e-01
-9.342650743547891157e-01
7.034806367384396353e-01
9.519890506757139326e-01
1.883649332178518598e-01
-6.350701398514466689e-01
6.341189583587243384e-01
9.721692062449414085e-01
-2.473661494027460939e-01
6.924508055987164123e-01
-4.233715831570283306e-01
-3.867169647742719762e-01
-5.795198871978251010e-01
6.330278677476207649e-01
-7.755664968399746950e-01
9.304372490951431374e-01
-1.893718953685602502e-02
8.502062905367498979e-01
-5.935340354227045534e-01
9.988184044652120841e-01
-2.590249546595587704e-01
8.677575013043635765e-01
5.342106487602978904e-01
-5.135977126063047127e-01
-6.394922827113860286e-01
-8.289108421801083537e-01
-8.979567925247905480e-01
-8.088871606307008744e-01
-1.300592660284560775e-02
8.842553018985976898e-01
8.320319416265786749e-01
7.266151460197424194e-01
9.122144002944215790e-02
5.580591738896671927e-01
-7.339261763862753307e-01
3.283542655727503257e-01
2.220728184362174007e-01
5.148167892086965569e-01
8.427871361276998430e-01
-4.537793308858653063e-01
-6.754160273138977155e-01
8.645335034298360366e-01
-4.565192732942231491e-01
9.568636666189632711e-01
-6.360978292675039114e-01
-3.606699398625731190e-01
9.602067926303694545e-01
-1.692258709791558957e-01
-5.463553546038968367e-01
-3.410384943303224614e-01
6.717546740159303642e-01
-5.777572940976372085e-01
5.475122973270074578e-01
-9.560857031955458663e-01
9.429425614240580789e-01
4.007571832478410423e-01
-4.257963016746971752e-01
4.222418867344991944e-01
-3.602357297445148432e-01
-9.419932822268227701e-01
9.896980292912673782e-01
-6.313944254426877567e-01
-6.876974639678200552e-01
-9.815242360210707506e-01
-9.439299859625289724e-01
8.759365443412119312e-01
-8.782152744484313933e-01
-9.865172611880479447e-01
9.731069331723618543e-01
-6.365041884398034977e-01
-6.747019466914454533e-01
4.723846690599898257e-01
-4.423034827356319143e-01
-9.080010875268378356e-01
5.121619938115755666e-01
8.185491335136746427e-01
-3.635538745997674015e-01
-2.055725622615512949e-01
8.274589791404813877e-01
-7.702737386571824052e-01
-8.587970508512331458e-01
-5.480351935286095211e-01
7.277540213912045974e-01
-5.685824901464728853e-01
-9.009957010609870309e-01
2.864477287759246149e-01
-5.892246339329716420e-01
8.075390208278510062e-01
-7.795853938379581072e-01
8.664714342245414258e-01
-3.588443373622388077e-02
-3.825553734259493077e-01
-4.593322061893211350e-01
-7.749295633902928415e-01
-4.204195684529772326e-01
1.074839982816129247e-01
9.297093713710711249e-01
-4.801687532058742658e-01
8.706245526551017466e-01
-9.135262072367394959e-01
-8.164547053991280112e-01
6.472180514624725767e-01
-1.318420473695400830e-01
2.613451654226659482e-01
9.576933553975844893e-01
-8.935406672211180235e-01
7.686943487844777323e-01
9.495020375099821885e-01
6.043045980506568382e-01
3.281247265216515885e-01
-8.784648681399285230e-01
-6.520326379221621504e-01
4.518158047351622519e-01
5.880214519701238984e-01
3.333640307143022063e-01
8.912134524682877590e-01
8.806261432201921702e-01
-9.404592507462229412e-01
4.825018783946019019e-01
9.574400528701156876e-01
-6.903828763232832122e-01
7.856943066223529559e-01
-2.340255987161857787e-01
7.831288691898945498e-01
-4.302993235929074567e-01
4.911175846159636649e-01
9.074200389135574918e-01
-7.818673909604069161e-01
-2.950169936108673063e-01
-9.257464370354906436e-01
-8.760664018039446832e-01
-6.324685704191299607e-01
9.932956023119851041e-01
-8.241505816856309341e-01
-7.145435368781349883e-01
8.238709144742301094e-01
-9.721130900300384292e-01
7.916093374167814112e-01
3.004851521187608676e-01
-5.686194089858305212e-01
1.352659167784162064e-01
-9.428076987569997680e-01
1.633772581134450841e-01
-8.525097993937711394e-01
-7.021931999960955295e-01
-8.259525753497086731e-01
7.588180969606304060e-01
1.756126299134274094e-01
-9.383053163197135893e-01
-9.107152915993932396e-01
5.175213129806763845e-01
-9.466266133064479282e-01
2.510351099011577380e-01
7.939773049315510534e-01
4.780676768795426024e-01
9.989525437998924007e-01
-1.790175971611007721e-01
9.427773054320526258e-01
-8.137848068814139690e-01
-7.966692121507367164e-01
-3.685164078852755098e-01
-9.329560084533967679e-01
9.599232522990843730e-01
4.276885702598524075e-01
2.161712924189073404e-01
-1.921984684208253302e-01
-5.866124989522436550e-01
-5.719349818319796608e-01
8.834824923796570362e-01
4.521524657215928444e-01
9.725232749001324617e-01
5.397069618319894069e-02
-9.153692512350040111e-01
-7.852503873299840897e-01
-7.905390410279587998e-01
-6.893746762269969963e-01
-4.868014892922468695e-01
7.479738525461544496e-01
8.951100876034479015e-01
2.989176375349706927e-01
5.197973226007974734e-01
5.474415377259932436e-01
8.283613262193938453e-01
-9.211240356482233160e-01
-4.991790320029229622e-01
7.431105921276043302e-01
-9.171173470839556474e-01
-9.585104630453323837e-01
3.723472929449895275e-01
4.965485601037885610e-01
-8.990567714184178882e-01
-1.280265333633464342e-01
-7.319086246856781885e-01
9.436905724790525252e-01
6.580056166501709880e-01
-1.568223870509425355e-01
1.619333143777612616e-02
9.870187170428509349e-01
9.640958939224602009e-01
4.946745035638922539e-01
-2.461563380793083400e-01
-5.942984967638881288e-02
4.667647372985572751e-01
-3.719497708310794959e-01
2.676203030500295954e-01
-1.807586737668836763e-01
6.916178703793780524e-01
-8.194490744747457978e-01
9.328897221371683646e-01
5.891267863618414591e-01
-9.401464969352336942e-02
-4.410373485436999141e-01
-7.653130697885814904e-01
5.787938352354846661e-01
-7.854975493411697762e-01
-3.701621124452910694e-01
-7.140589695332446585e-01
3.105181047110343595e-01
-8.999648824692230153e-01
8.178084699162710969e-01
-2.779336462421599374e-01
7.091838001769282807e-01
6.016414969178865979e-01
-8.528991563804222409e-01
9.177136721930695407e-01
-5.805859143928443489e-01
-1.159100553090293695e-01
-9.490549416453257781e-01
-7.697256693846520337e-01
-1.861922076697156703e-01
7.379209501907753321e-02
-8.523188350135425528e-01
-9.914769446763259664e-01
-3.896894114242815954e-01
-9.190768137125160386e-01
4.043735950674708368e-01
-9.711685960484015556e-01
6.024311036747356241e-01
6.689597399136548717e-01
6.855814585692571184e-01
5.096024164137893386e-01
-9.214478708557354292e-01
7.920079015389802635e-01
-7.061430564821959965e-01
9.610843023512090078e-01
-6.751980681776720283e-01
-9.442801820333979190e-01
4.140335736292441449e-01
-1.227583634509557264e-01
-5.860069428991827589e-01
-8.220626298329956061e-01
9.958261255870084483e-01
-2.970638897524161548e-01
-8.746254857257189652e-01
-6.382050104795006229e-01
-4.600996049521019482e-01
-1.944826610790045818e-01
8.024392207913071395e-01
-3.273092619613207077e-01
-1.641444613528792729e-01
3.677592148877769085e-01
-1.576274586015478096e-01
-6.517456475232245028e-01
-8.047405350457418338e-01
-1.970727289933657533e-01
9.719228579346639307e-01
-8.395122078689809531e-01
-7.245925244619587646e-01
6.383767793777692656e-01
8.968277379510093406e-01
-6.169072190865390048e-01
-8.469585350968724669e-01
2.458828936847739233e-01
7.992183453571615193e-01
2.587061713301476162e-01
7.484894822623278099e-01
-6.740873792294672651e-01
9.614512729693456272e-01
8.614969447625674404e-01
8.433426323249538781e-01
6.030133800237463815e-02
-5.780545499886373673e-01
-5.456829148453583578e-01
4.922520106770126858e-01
6.126042371944012688e-01
-7.798771573135332424e-01
8.340852085506870184e-01
2.262482047674785057e-01
6.888083509491028655e-01
-2.962846697085037562e-01
2.936436923418692668e-01
-8.401900516123939067e-01
3.647716050471884186e-01
-2.671562507987840229e-02
-9.714511638916383252e-01
1.235213765308993683e-01
-6.800578226669212745e-01
-9.158160454426215180e-01
-7.507202696281364274e-01
9.974362647737783361e-01
-7.347390599544644241e-01
1.244022098341174415e-01
6.118782854310413910e-01
-7.010771293006123894e-01
-6.970310709764137025e-01
9.384478225545384023e-01
5.451590499014181690e-01
-8.115312574748179131e-01
-9.786589899474125165e-01
4.507444183513539815e-01
-7.491695110235307986e-01
-9.597399323827026096e-01
-3.513738778472497160e-03
-5.131897871907219466e-01
2.582361621230045423e-01
-8.602138554335170273e-01
-8.143984388316328760e-01
7.254380047469820569e-01
-1.281734315356773402e-01
-9.227974082213996621e-01
-5.785986132151852424e-01
2.835497445743471734e-01
7.158637484375525162e-01
-6.869366762565454199e-01
2.953384928125472042e-01
5.498527555230661168e-01
-9.827322787450576413e-01
-1.384779748764553009e-04
-8.299208077031444697e-01
-2.396421594789205356e-01
7.986244457053827128e-01
-9.958816170323684380e-01
6.521007397734077671e-01
9.664617508332618012e-01
-9.768858214253578476e-01
6.540296152471425373e-01
8.876603759868567645e-01
-6.030393830038437430e-01
-7.050805261354614606e-02
9.927304428603969111e-01
6.031510965881010655e-01
3.684396823665679888e-01
7.360229433685377964e-01
9.730635935088320920e-01
-4.970024539615224279e-01
-6.352341311515619093e-01
-9.754561695578931602e-01
4.643817344469189923e-01
1.135207519357787215e-01
-8.439145902210309913e-01
-2.456979404957378155e-01
-8.863904901522834390e-01
-3.227225159245764585e-01
7.657441091404999511e-01
3.420474787509739656e-01
5.811640979814282071e-01
2.543129201193303213e-01
6.947905792025834693e-01
2.878388159592565332e-01
8.946021783321069787e-01
8.403856678326127039e-02
-1.047011326324624458e-01
-9.224912222141677942e-01
5.322704178211663528e-01
-8.402996687991453051e-01
4.256216273902175828e-01
5.758408821531336708e-01
7.497805655374956135e-01
-5.676827087007432215e-01
-6.162825764178998522e-01
-6.629370926484768889e-01
9.303852980239650794e-01
4.443956719577837333e-01
-8.387667196904589062e-01
2.648236435476848394e-01
9.351944975051305065e-01
1.156477380589673309e-01
-7.639071168744855367e-01
4.433959587634489496e-01
-5.066258512456154328e-01
2.298032814900053955e-01
8.571480075669143384e-01
9.551495172014934365e-01
7.083395212148457798e-01
-6.712122241084080843e-01
2.312024619225278022e-02
-9.367113785154135286e-01
-9.638901785088115348e-01
-5.299167683521124328e-01
2.416127896199114500e-01
-1.094500326240089305e-01
4.853172529900788845e-01
9.494324539232001925e-01
6.800988173140806170e-01
2.749012939539121625e-01
4.713617903909783635e-01
5.838492322632204967e-01
9.131075348546060511e-01
7.326881442794804800e-01
9.450276274347158001e-01
1.312418683987961465e-01
-8.778438744063945531e-01
-8.059876289334875210e-01
-6.184230328081271599e-01
-2.894135812627475213e-01
6.553324827070805547e-01
9.205869581080777797e-01
8.944504552455940782e-01
1.165690597413343577e-02
7.064717832914941820e-01
-2.832205877580588893e-02
-7.586423059027895821e-01
-3.842664209993560398e-01
6.431056097251186543e-01
-7.988872974146600248e-01
-4.750880529393349816e-01
7.796461173306447057e-01
-7.519778414415325685e-01
-6.367338942239336719e-01
-8.775583837814739940e-01
9.801103334721734672e-01
-1.863224200428059418e-01
6.863908012084809496e-01
9.276589269612175448e-01
9.884095475948977416e-01
-9.090526919813017859e-01
3.897401126593570964e-01
1.988813253667277570e-01
2.513108806528468464e-01
-9.004884097974702462e-01
8.026538804604810284e-01
4.227139357685699705e-01
4.594984537470565567e-01
-7.644445397275334564e-01
5.564841704363556740e-01
8.117556398495494596e-01
-8.387901265706584342e-01
-4.782721593899444956e-01
7.279908929814593588e-01
9.614696128090859384e-01
-5.767820718192467888e-01
-7.004968996333966746e-01
6.504591573046148989e-01
-3.003220220006133090e-01
9.165420270710127326e-01
-1.856160946498137676e-01
-8.833250345445622376e-01
-8.749557114244896905e-01
-3.987420012645677136e-01
-7.472180806411663490e-01
-7.047365809582182283e-01
-5.545457648976475085e-01
-3.292970271809578797e-01
7.724442194621858881e-01
-7.927333509558456281e-01
4.982464191027587974e-01
6.352870608107065165e-01
-2.813646026735976968e-01
8.161952491584344438e-01
-1.239619250069490253e-02
-8.940353563996547015e-01
-4.549431215492543146e-01
-4.939357007141498279e-01
-6.900235464508475136e-01
-7.298445884722561949e-01
-1.362659097015422316e-01
-8.075194833771712766e-01
8.288133492068442409e-01
5.025482733873648522e-02
-3.589195534107099128e-01
7.743915259781386506e-01
-6.215259965690187460e-01
-4.156529283853628298e-01
-8.426297892391534372e-01
4.878143017842515028e-01
5.182687963861963842e-01
5.638925089964856863e-01
-2.042657381111313564e-01
-7.138282155538198115e-01
4.957580595091363174e-01
4.637277384651409262e-01
-8.092088412932330055e-01
-9.972878719923773394e-01
-5.088623426552562057e-01
-8.773999019884541894e-01
-9.917809893555138423e-01
8.934420426832990758e-01
-2.081250930406772781e-01
-8.536491059411720483e-01
-6.667258271016163196e-01
7.133720865528899724e-01
2.897662366924010358e-01
7.189468372499954185e-01
-4.328103967612328962e-01
7.105095431192427480e-01
-8.715377144109970331e-01
6.680351362973029339e-01
3.756533690483858656e-01
2.747805935251766973e-01
8.769969010223852557e-01
-1.223585832395640560e-01
9.747092238920050944e-01
-9.843982904346573193e-01
-4.230227991877484883e-01
8.917737156993132963e-01
9.687318447715619341e-01
-1.305314223348561786e-01
-3.821894516873556302e-01
8.442089510205929015e-01
2.209801767132026362e-01
6.426613605933766404e-01
1.517748699339104834e-01
-9.696378445953992564e-01
2.119456012334666739e-01
2.155807905942006830e-01
6.938134913391909020e-01
7.357835353878421358e-01
9.417802023845598391e-01
-2.313640616466628996e-01
5.232597791635648088e-01
6.720282484211217433e-01
7.507705734702194156e-02
9.310510822325068769e-01
-6.449351043234264891e-01
6.145731903839983801e-01
-8.220110730737427707e-01
-6.838288092471693780e-01
-9.574227447726942897e-01
1.442308673402441510e-01
-9.829161443180676194e-01
-7.892847885137543873e-01
9.960156037246294947e-01
-8.748414587768094108e-01
4.273771969581336982e-01
-6.865603702073451720e-01
-2.217734714129533935e-01
-8.791722366246026432e-01
9.733414590142108747e-01
-4.686557284675654800e-01
5.691371180707269772e-01
9.624575559353509835e-01
5.012490973627115043e-01
-1.251840926430058953e-01
1.706242525946659594e-01
8.767278868134698033e-01
-1.374274474184501715e-01
-3.189113849253641386e-01
-8.372682670664691740e-01
-5.531640984155847818e-01
-7.007483593121947019e-01
-8.640399001498142439e-01
-8.579369304496495818e-01
-7.934209600626356274e-01
8.979488487716724698e-01
-6.294181273957445422e-01
1.014079233464311725e-01
-1.440814400063392120e-01
7.607623885459240398e-01
-5.795636075827022005e-01
5.274977404529281877e-01
6.372550902616669344e-01
-4.777904272458396995e-01
-5.982291179201568720e-01
1.215690694279940587e-01
1.395765546410419611e-01
8.061461273772976277e-01
-9.287864587329552890e-03
-1.818397775983939257e-01
6.759561859302252174e-01
-1.760653048616885874e-01
-9.386436102056668895e-01
8.077283321776085323e-01
5.507937992722714560e-01
5.473726976035392378e-01
-9.001258383935712981e-01
-8.226990929579470757e-01
8.526565691441003736e-01
-9.373770774892475899e-01
1.148221884222923039e-01
2.496794973058691636e-01
4.622578340589669210e-01
6.673672328906610218e-02
-9.960608726362971677e-01
1.948178064126823428e-01
-3.308984378150223171e-01
-8.318856420435127852e-01
7.129710718147458381e-01
-9.816359965410887956e-01
-7.859770337209388558e-01
9.202312338544302861e-01
-9.792523660516575523e-01
-3.343972031250980192e-01
-9.896151120256010403e-01
-1.820430683615827383e-01
8.412020866298005606e-01
-8.760475921540747946e-01
6.537277136314212367e-01
-3.138115430255029592e-01
-4.940154479083087580e-01
-9.500318729219614511e-01
-4.132275811230479157e-01
-6.297240852427976598e-01
9.010055135349018807e-01
-1.527527253285835274e-01
9.172811714607769229e-01
8.447149425223090535e-01
3.393643990039085789e-02
-1.232467442772419708e-01
5.678692479646624269e-01
-6.177217983341194429e-01
5.418911988941907953e-01
-5.041503273263571172e-01
6.179104915052169300e-01
8.550034982097727276e-01
6.093800361972244728e-01
3.096321490683340838e-01
-9.964725306880375943e-02
9.251453035557798410e-01
-7.327285587054360727e-01
8.979720615131868700e-01
4.450093450994003219e-01
-3.488560632092405078e-02
2.512308186456606585e-01
8.225596753826412977e-01
9.886384927495898145e-01
8.587629663417439829e-01
-4.128963405205681170e-01
-2.946381037241070366e-01
-6.338178640423725030e-01
8.902384074791163115e-01
-9.793032816642119887e-01
6.922935899124792458e-01
5.802294197712725143e-01
-4.676667726452896634e-01
-5.165237343832880246e-01
-9.594067932475638383e-01
8.826594865610617457e-01
-6.187417996103301565e-01
9.376853826901518918e-01
9.034618789897524982e-01
8.005868128892494884e-01
8.694274549819638320e-01
5.318149046373342737e-01
7.165740426965386822e-01
7.064379883215259337e-01
7.613688858080276400e-01
3.924234590244221055e-01
6.456904747591488691e-01
-4.916079949205420796e-01
7.202896828833281750e-01
1.622508478969855727e-02
-7.658966200663162027e-01
-6.883738627380682207e-01
-8.605102007567366762e-01
-6.052230849701527582e-01
9.967225937441995809e-01
-8.488404712373635030e-01
8.508953875216199725e-01
1.727813355553291241e-02
-7.888293439012182828e-01
-7.191275270752998106e-01
-6.683218697464576863e-03
8.578030625860596503e-01
9.686036311428283252e-01
-7.913933933124450704e-01
-8.312985014182121546e-01
-2.577186463900299485e-01
5.284719437274304488e-02
-1.104168078309810952e-01
-8.513503897185790148e-01
3.509403991191163974e-01
-8.940901256115777462e-01
-9.483806858759643577e-01
5.974780753560808844e-01
-2.032108014395179185e-01
-5.294824699679583357e-01
-8.762771412753931344e-01
9.772494464103204104e-01
-8.492452614643433151e-01
1.209970024797818455e-02
9.617235706384537064e-01
-3.301107174162649649e-01
9.184160244938012196e-01
9.019825282188639326e-01
-2.937668250064204289e-01
3.296482398423818405e-01
9.135200344434890596e-01
-2.886882382359795551e-01
5.367913093649192557e-01
4.118095393073462063e-01
-8.895335180244434703e-01
-5.027894447553729051e-01
8.463304129705675471e-01
-6.926633585397588000e-01
-9.036280695459959489e-01
-3.610633353822309544e-01
-8.730438379825112838e-01
-5.385767057264351232e-01
9.231580126919547435e-01
-8.010681683573142031e-01
6.379236427598914405e-01
-5.020623478308623433e-01
-5.555078350099673656e-01
-4.618316879849065915e-01
5.139112163813884804e-01
-7.103738724851982322e-01
6.111997066347242269e-01
9.738887183191099473e-01
-4.507688270388389706e-01
4.506581048222519370e-01
1.102964716356451269e-01
9.454111469756540931e-01
6.130088680306593485e-01
-4.055542377836578449e-01
2.731347924243771041e-01
6.255145685152314616e-01
1.966123065043379192e-02
-8.977265033518296855e-01
-4.139997501506597066e-01
9.245617732684718870e-01
-8.305022063346816363e-01
6.874474025058817661e-01
6.086072838113378847e-01
-5.371008142931562590e-01
-5.440776724878829684e-01
-8.186822996155436183e-01
7.383872574754291040e-01
9.473730503834458805e-01
-6.217215788833008183e-01
-9.595962724809301569e-01
-1.103245783817261017e-01
7.779200181873783260e-01
5.348440455507526003e-01
7.239440151757132735e-01
-1.663278636939957422e-01
-3.903835434981060004e-01
-9.556929456553280300e-01
-7.724934070743297854e-01
-9.898304396066974764e-01
-1.378083876279667941e-01
8.740136793111811242e-01
5.257159093004852846e-01
-7.325125682856887810e-01
5.741046283757149371e-02
5.085465910211415252e-01
-6.966878887703720213e-01
-5.962097406250246312e-01
1.270732521210249377e-02
4.176044424414569467e-01
9.335945279633313110e-01
-6.800106403417267575e-01
1.995443393348932393e-01
-7.494385482853543889e-01
-2.269463766272217242e-01
3.385383822636045537e-01
2.559624725644120691e-01
-7.504206150514528550e-01
-3.562482995472861513e-01
6.098674065125871957e-01
-6.600244450709763511e-01
-8.477949805940296901e-01
-8.809443775155159639e-02
-3.208456650175011693e-01
3.954230215584106922e-01
1.587006773069515320e-01
-3.765002858479293835e-01
-9.661115533522908194e-01
-9.962845743531587583e-01
-9.869399873970615689e-01
6.135881817728404686e-01
-8.913070540646796935e-01
6.919313867768539517e-01
-3.756515244667572029e-01
9.299689700634228284e-01
7.576881785081421850e-01
7.291866784196669726e-02
-6.562023792563890234e-01
2.655837231218365901e-01
7.779009115242675465e-01
3.757692687599871739e-01
-4.560505009236094920e-01
7.093122495669074157e-01
-8.562584201574292564e-01
2.766353465522121691e-01
-6.779892483922092539e-02
8.959329190666315279e-01
9.281081300508209342e-01
3.106392883928111304e-01
4.211845373811229365e-02
5.568895254097566694e-02
-7.828915849613703459e-01
-6.166601496726082932e-01
5.878350466004027552e-01
-9.498089019837564484e-01
-4.726607228349208878e-01
-6.356796244787359385e-01
-4.897846391096861152e-01
-4.503793434363231318e-01
9.121609301449754570e-01
-5.206254322553476310e-01
6.422588716495558625e-01
1.291082999115293339e-01
-8.200461841286871278e-01
6.424378078834950268e-01
5.724505846541732001e-01
2.690031390848894866e-01
7.314786071362031628e-01
-2.609109643261059430e-01
8.522107269777897676e-01
6.745056088718116571e-01
-1.853026940944055845e-01
-7.879380422278055018e-01
1.082150057999208270e-01
-6.914086620741900502e-01
-1.045344756893019644e-01
-6.131895675697492942e-01
-6.764399768699285165e-01
-5.869761354644066342e-01
8.009481541767270452e-01
-2.429420183804667510e-01
7.252077566084706994e-01
-3.829909983552289288e-01
-5.772340869468239877e-01
-3.575909599872687528e-01
8.634684501967062609e-01
-1.132634548221701093e-01
