9.050976447905647593e-01
-4.788403200659816505e-01
-2.865277403706893433e-01
8.546062449216202950e-01
5.459675366997464030e-01
8.487791498325432116e-01
7.455002877010423745e-01
9.901965293476884256e-01
6.307147350073933900e-01
-7.526002667981744887e-01
3.863531787723841759e-01
8.830257734959767735e-01
7.463248935448887345e-01
-4.623105420466411264e-02
-8.899186273666936930e-01
-9.274035717452611127e-01
3.576000106771556331e-01
6.482118151620087643e-01
-8.154472736033724356e-01
-8.202234197846508534e-01
-8.328034040447711561e-01
-9.798719525551846665e-01
-6.767511656739025327e-02
-6.467823702994668356e-02
7.448080024826752021e-01
7.624986538942760683e-01
7.235802874787320427e-01
7.856885290634193497e-01
-8.554900716481561584e-01
3.323653876836188403e-01
4.486134666450063979e-01
3.833307182060660123e-01
-6.095678010101137634e-01
8.407836747324101134e-01
2.598139672266944755e-01
-9.555813249039706303e-01
-5.359426571347186696e-01
-5.638922531979465580e-01
-7.895247395606075358e-02
1.350477280481878206e-01
-5.470127708976885161e-01
-3.744520631462843752e-01
-9.088120172977898203e-01
-3.526804906045130639e-02
-9.796384133927505955e-01
-5.112453565012200496e-01
-1.606342316926476776e-01
-5.403520388448121992e-01
-6.355171381030891853e-01
3.332716546140101488e-01
-8.437930048267092698e-01
4.203986429356443844e-01
-7.859958166107556821e-01
5.373996411296555475e-01
-2.736857780021417774e-02
-6.370654165112408229e-01
2.252540055507187833e-01
4.982977275505755532e-01
-7.673044037749049417e-01
2.097497692574942785e-01
7.293305208379664561e-01
8.764314651773863485e-01
-5.551897171965088917e-01
3.295295937215025894e-01
1.376471116860158994e-01
-8.474889393063091969e-01
7.727784502700434377e-01
9.989012116171627209e-01
-8.004342408711258017e-01
2.372635892194591700e-01
-8.025364047912925125e-01
-9.636897762432481418e-01
9.663029325081484711e-01
-3.734988870303111441e-01
-8.331388044200014331e-01
-8.536169950047342025e-01
-4.882376600790173660e-01
-9.686556924002328595e-01
-6.869847623521398994e-01
-8.216754063600034685e-01
-7.203442103833525012e-01
6.692925427922408188e-01
-4.464724020298687091e-01
4.038089055238551217e-01
1.040866589276965015e-01
5.297103076785635301e-01
-7.559941094405648876e-01
9.580401066664977483e-01
-7.737665976475233132e-01
6.814367571894588416e-01
-5.611908613591574113e-01
-6.185270813712120397e-01
-9.173880340050738491e-01
-6.315204068899392675e-01
2.040544618271815103e-01
7.390577463597098884e-01
-9.506566486389567139e-01
-6.979431448706153729e-01
-7.203086211605436162e-01
-5.660669710207401062e-01
7.161077272942021343e-01
2.994354750281590927e-01
-6.023715634626921611e-01
5.965246820914402726e-01
1.733649832270084401e-02
7.136818429924054463e-01
4.577828640421531814e-01
-7.959179954940475143e-01
-8.777550579019672838e-01
-6.541209436785603293e-01
-3.860714845338497625e-01
5.442875829135394028e-01
-4.020794901898816498e-01
8.743653984559267567e-01
2.940074590176887104e-01
6.221269686143104938e-01
-6.395527080207464854e-01
-6.795457552342187846e-02
-3.102492931469727488e-01
-5.114254804938405119e-01
9.635737129937196332e-01
-7.345833142741678423e-02
2.262809950743938092e-01
-7.357132229215603836e-01
-4.709783500004530721e-01
-2.507596255058079371e-01
2.986161469812385616e-01
9.514713741524897239e-01
-6.218261048225708354e-01
-9.396617663821198452e-01
-8.395184927032415256e-01
8.087834979626138399e-01
-7.664469897128132203e-01
5.561123171589872349e-01
5.177723272975776059e-01
1.919274117557487891e-01
-8.407176058595892121e-01
4.736025281081262528e-01
5.790621294380073891e-01
-2.033918626405947228e-01
9.450833048662737879e-01
-9.396821634598078177e-01
-3.944481393953570558e-01
8.275991489723892869e-01
5.943261049814381192e-01
4.535618253874906802e-01
-8.700813808559264562e-01
-9.061678358053939508e-01
4.533966868018807217e-01
6.363696837990612254e-02
8.819605217012120857e-01
-7.604356791981249364e-01
9.731518910288120550e-01
6.830901301488723210e-01
7.727396830555074980e-02
-1.157096013145101077e-01
-1.715615395563729051e-01
-6.957546518741024588e-01
4.173956974381933804e-01
-1.157725418009565577e-01
5.627749581385885769e-01
-6.477587507157284152e-01
-6.864824053232057022e-01
-5.300555951910184138e-01
4.375607587491397998e-01
8.719956812468399043e-03
6.565660809540423415e-01
-4.585743626070852563e-02
-7.269885416590621263e-01
7.328257245010730836e-01
-7.705081383998569899e-01
7.618394797369519855e-01
-9.661101739877748784e-01
-9.194701046158852975e-01
2.549890730430560137e-01
-3.956414544087071272e-01
3.812452595779666220e-01
2.030099999743401606e-01
-1.515376169133506035e-01
-3.808371960123974054e-01
-2.859486408058945495e-01
7.650581780107907903e-01
-9.921579098281299025e-01
-6.782150071995752816e-01
8.490447631639317372e-01
-3.631325883149308931e-01
2.484957809688064234e-01
2.341929144701417886e-01
-6.029485526069405799e-01
-7.166653252340449143e-03
-9.135540382777748158e-01
-3.168649591186578629e-01
-7.810345031102753355e-01
-5.599589002829454820e-01
-6.681784597083821886e-01
-1.872627226970742798e-01
8.362013136758584819e-01
8.493389606052479390e-01
-5.683385703009901091e-01
-8.788554653842493014e-01
-9.931855905754368719e-01
8.085503768435466920e-01
7.315093216757306838e-02
1.021713636991623542e-01
7.891597679218020911e-01
-1.147084217653120686e-01
6.327954131360563617e-01
6.116318460270036006e-01
-8.053873294641641367e-01
9.037258699545857032e-01
8.763624061963636303e-01
3.282668661873274774e-01
-7.831678825657721887e-01
-8.402776942251632963e-01
9.988613103057103482e-01
8.188134792334333945e-01
5.576157358964864974e-01
6.390176237189439945e-01
7.844139544273058817e-01
9.546076368082478947e-01
7.069612519452367350e-01
-9.329059950505301790e-01
9.723870962258023276e-01
1.002127864100000321e-01
3.197495810931304527e-01
8.503475687037099773e-01
3.273613031300531828e-02
-4.707731791403060306e-01
3.391155992766310412e-01
8.507550530309061498e-01
-9.514179367644165497e-01
1.692155695308308339e-01
4.717635504543454261e-01
-8.295319689451732259e-01
-9.946609427956858429e-01
9.609231750855798948e-01
8.045474606175502252e-01
-5.653603020226681819e-01
-5.742494785912319877e-01
-7.559026615251180914e-01
8.335207520819293281e-01
5.688026185870196372e-01
8.005884986657418878e-01
-5.971880955530032287e-01
2.209824133833388493e-01
-6.296880720592764602e-01
-6.655683191284879063e-01
-9.700059418317958926e-01
-4.576050476417972135e-01
3.040793409816443527e-01
6.908910965083584488e-01
6.624237166994478843e-01
4.003287170135655382e-02
-8.459097028507985838e-01
9.079906138011251127e-01
-5.460871543084284685e-01
8.022756767558413271e-01
-7.206099820721195703e-01
-2.908638112474846715e-01
-6.126449311598423236e-02
8.410054040369902006e-02
-8.478192301110162310e-01
9.165088556603999681e-01
-5.535848186441966190e-02
8.425986245853418488e-01
-7.513957863630890133e-01
6.102909246534570231e-01
7.294132853579364806e-01
-4.158254084468667733e-01
8.738151566451425323e-01
9.547338004279691814e-01
8.724469029236003870e-01
8.666619824118173554e-01
7.666605290444878928e-01
9.260160841886283523e-01
9.009956200474863452e-01
-4.460585615832072248e-01
5.670685741914764932e-01
6.161026370132962615e-01
-8.501709288977050694e-01
3.769783610099438631e-01
-6.945507069787296706e-01
-8.598399713247769638e-01
7.290098145195438306e-01
-9.034108731424794758e-02
-2.513712069727225273e-01
6.590316801942620595e-01
2.194659797806603752e-01
-8.643995769371032312e-01
8.570578639452146597e-01
1.145979318160072480e-01
-5.922590609568447739e-01
-4.501546259965800711e-01
-5.813220587894216695e-01
4.844363440350486494e-01
4.678896944617833564e-01
7.411437213596128171e-01
9.660501944077708458e-01
-9.859242926577453936e-01
-7.401300144444076246e-01
6.056410916485510665e-01
4.852636899364156653e-01
-9.422705637108117482e-01
-4.910484693244000776e-02
-3.651041831380676950e-01
-7.086562671080411935e-01
-6.103304380415852659e-01
-8.051273985109342890e-01
-4.933162946281405281e-01
-9.888441735931134957e-01
5.056978104446417932e-01
6.936025404282525342e-01
6.940033889190676542e-01
9.930447335084287008e-01
9.418776945868101436e-01
7.136560036472046065e-01
7.514512383755616032e-01
7.108296917118164249e-01
-7.911094730577484802e-01
-8.925261021708772446e-01
1.530883167380982512e-01
6.467040495800648880e-01
-5.264180020942064164e-01
9.237345468602267129e-01
-7.519764946682122586e-01
4.178145684066131849e-01
9.707744240058440166e-01
2.944885891212044582e-01
9.790550725634165063e-01
-7.316581609761376725e-01
7.245757792349267756e-01
-6.648636467523414417e-01
6.213875981438766738e-01
-6.737112704625614068e-01
-8.420524278813088515e-01
5.330098273892460575e-02
7.560933972982585294e-01
-7.333344709428296637e-01
-9.620941779358952450e-01
1.633183759611041563e-01
-6.737308463468163477e-01
-3.773093186072998817e-01
3.829235442942387491e-01
3.740232316960867553e-01
-7.519928118395186045e-01
-9.840443937593549295e-01
-7.624893718380605367e-01
-4.828369932960263067e-01
-6.057253542727820683e-01
-6.229158404961100404e-01
-8.903381709935704880e-01
-6.411603029154667732e-01
8.443066784461631391e-01
-5.973780253164678866e-01
7.108082465017592222e-01
-7.255295396119418871e-01
9.558335668468076474e-01
7.030031612254559192e-01
-9.037836360437695449e-01
-5.769725382058998875e-01
5.945363274344255267e-01
-8.460306365789045380e-01
9.177564495581260751e-01
1.759802161445417901e-01
-8.924650752561135159e-01
9.854093461827210243e-01
9.151223175088192274e-01
-9.189128378011682807e-01
3.093836860225817054e-01
5.844384747110658029e-01
9.835504361437685805e-01
-7.707437591858707915e-01
8.841042561684510082e-01
-5.514121432163433534e-01
3.005229914623145371e-01
6.995363444410692688e-01
-4.990034834413138998e-01
4.102156748608369874e-01
-6.577628866917988315e-01
-2.671692989639656846e-01
3.917087205170859954e-01
7.533219279490392939e-01
6.104171382342356011e-01
-2.505683083027465674e-01
3.731599834306479346e-01
-4.866506118261554881e-01
6.787604864023984996e-01
3.111473932309350987e-01
-8.743920405006669894e-01
7.729702026791509528e-01
-9.173114663294875681e-01
7.215746623268879389e-01
7.459887530843216652e-01
8.063579294655579544e-01
-9.329323593265960168e-01
-2.988453487789025642e-01
8.336796671708375239e-01
8.588605915479219366e-01
-3.448954291123734750e-01
6.704767335861671063e-01
9.006035182768007408e-01
4.539813834555592731e-01
1.774040828803585823e-01
-2.954776758682223226e-02
-8.800867373745465683e-01
6.934183962879723051e-01
6.191536480614362459e-02
2.327785136035121494e-01
-9.347467557574820063e-01
3.290287977669460462e-01
-3.514742065275207050e-01
9.919718904116531233e-01
-6.122139037757510227e-01
-8.229857497067195604e-01
6.209286157652016414e-01
-7.792319515563584931e-01
-8.146752522515591233e-01
-8.792770728616201570e-01
-3.194706455013188728e-01
4.776498422320187842e-01
6.061372433456013731e-01
7.155995296317416710e-01
-7.642424626585890834e-01
8.390502894370552855e-01
-6.369670798787520072e-01
4.532807581838572686e-01
9.533298220507353538e-01
4.138947342113582506e-01
3.616770616267442340e-01
6.959048495685026259e-01
8.034133827053738797e-01
-6.040116774410477785e-01
1.305216450294783836e-01
-9.418265704315262887e-01
-7.131087269858747968e-01
5.106752268462358968e-01
-9.714188476942535733e-01
1.734344778863326497e-01
-6.048217965455005007e-02
-1.807858751596780333e-03
-9.608069323101555703e-01
-6.784190835182560830e-01
7.759725776403534336e-01
1.169135818324004983e-01
7.721397996381352824e-01
1.209325834528015287e-01
-9.478751500303026489e-01
9.878130987636211113e-01
-1.715157949608251686e-01
-8.959070687400145783e-01
6.927149380882123841e-01
1.493034766248435008e-01
-5.528651070131181955e-01
8.098334441333354672e-01
1.279024864001175599e-01
7.469564698584038043e-01
7.299683718777147945e-01
4.483675409023928360e-01
5.144921252901171194e-01
-9.734441205019712662e-01
2.634880217022440019e-01
5.632273162265730715e-01
6.997244392454926576e-01
9.943348927149585625e-01
7.776901102104512020e-01
7.480570727536665077e-01
3.303806481606401668e-01
7.937051727887159958e-01
-9.354019206032598843e-01
-7.195235962947742481e-01
-6.795708925452137450e-01
2.411340563874347087e-01
-1.361151146045852800e-01
-7.722141510385925889e-01
-2.046681822371660409e-01
-9.305143414279679615e-01
7.954861983623928712e-01
-1.322211693534737498e-02
8.118533819168679555e-01
5.884749104038149436e-01
8.392754600447207558e-01
-3.379901831234752296e-01
-2.709066325412820553e-01
9.380171470541840417e-01
-9.139366658988987702e-01
-3.377669241390613974e-01
-7.838217854550754149e-01
-7.484361630111115993e-01
-9.818319228905398877e-01
7.069599288293343387e-01
-8.067715815254218326e-01
-1.887735035375247838e-01
4.552793288545208816e-01
-8.463555227154461180e-01
7.304194265102031958e-01
4.395218074787966556e-01
-8.839708668125433322e-01
4.902914260662889490e-01
8.908655881154301515e-01
-3.818152948585351036e-01
8.453215931102060487e-01
9.059372206303304420e-01
8.649027324246182369e-01
7.571059797061756580e-01
8.014021265864450516e-01
-7.466265635894180352e-01
-9.934624644193315035e-01
-2.131571704681534118e-01
9.803847194704065071e-01
7.845188517668320038e-01
-6.622594631109677277e-01
-9.111730434803261280e-01
-5.699968812240723270e-01
-2.829468627622759858e-01
-3.416916443665449776e-01
5.299961982717752429e-01
-4.813993825487863365e-01
9.880868909893032459e-01
1.304072943220296599e-01
-7.265226750462162597e-01
-1.478707911845272838e-01
-9.587614444132463998e-01
-9.391247140448604203e-01
9.975918804425034647e-01
-7.689681128554131107e-01
7.458442722139572156e-01
-6.627634975054798039e-01
-9.885566151348074149e-01
-5.913881458097574040e-01
3.275702148342786169e-01
-7.304961751318602703e-01
9.799171459683082563e-01
-2.207526485002491157e-01
-3.010988999898776552e-01
-5.685633316915094104e-01
-5.108712560651268442e-01
9.935133971001413045e-01
-8.791963702238091427e-01
7.136631825056451994e-01
7.168040078465165443e-01
-6.772529171751013877e-01
4.451961068443779368e-01
-1.616817868878215603e-01
7.420454047525832930e-01
2.034458768411034624e-01
5.126965818398864227e-01
9.555439761512014574e-01
-4.700686659728199324e-01
-7.963856322694690126e-01
7.707711621300241678e-01
1.416746767427080611e-01
8.499958038025698936e-01
6.411835864871185953e-01
7.921049599112518491e-01
-8.501189382469817035e-01
3.868104782437123412e-01
9.939434446804136236e-01
-5.104739413729457720e-01
7.528567185322466715e-01
-8.733656669180880350e-01
2.677494770279904013e-01
-3.158907003769097499e-01
-7.203259032881390578e-01
6.459276422761399683e-01
9.458344130401716288e-02
-6.829809097472981927e-01
-2.395041012916358514e-01
7.990745141273232210e-01
7.789481557632529363e-01
9.630174775045801105e-01
-2.611565099608740281e-01
6.115578731253548117e-01
7.459574230884331580e-01
-8.503157145280688944e-02
-5.164069035335994151e-01
3.931699107118691860e-01
8.558174483089768803e-01
-5.862340382412690731e-01
-9.308740078066255474e-01
6.878097009395560679e-01
6.959357163207541275e-02
-5.729719282336809272e-01
-8.081372987526762586e-01
1.894526474064459065e-01
-2.556715415242402645e-01
2.275726066684413684e-03
-9.574683150793473763e-01
-3.484923394774077643e-01
-2.312218373362128765e-01
-6.292194336433363233e-01
8.019999557784280864e-01
8.154323859218425286e-01
-1.931504739348856026e-01
-1.992890534781299738e-02
3.034431885105763893e-01
-9.270087399836124398e-01
1.420157658872255868e-01
3.229192784082203782e-01
-3.970285071742626348e-01
-8.559479036202143343e-01
-9.743899122536433532e-01
-9.484920997676595800e-01
8.185655219031556795e-01
-1.375375602173909695e-01
-9.478345808444725851e-01
3.181033536304906928e-01
2.759509540258403559e-01
9.786749219385341148e-01
-5.989142274533435506e-01
-6.451905830054320834e-01
4.937583711489571536e-01
-4.352329762423987614e-01
6.572127830801016701e-01
3.064623912635180414e-01
7.288709583891892496e-01
-2.327266834097263815e-01
7.893049375785470279e-01
-9.094777726736605894e-01
-1.711550684640690267e-01
-5.728363844748509681e-01
8.948792404869675421e-01
-3.590241108137710579e-01
-9.036443399016119704e-01
-6.567159187146800470e-01
8.923229224065128973e-01
-9.907480968208766114e-01
-4.837262409000769869e-01
7.761108244387499022e-03
5.104936024303456943e-01
-6.110589093303050445e-01
4.172738038874302946e-01
-2.788940732665698974e-01
8.816026378510557482e-01
5.547953567967710553e-01
-4.048055041454436953e-01
-4.495577378569697025e-03
-2.042220115061842978e-01
5.672285278695995414e-01
-9.174448147876522741e-01
1.104765489386559801e-01
6.666742194615227213e-01
-6.276382771290536233e-01
3.532688639725017898e-01
-6.257023594033770397e-01
-1.072454921934504896e-02
-1.468361076636583162e-01
-3.166698709702603365e-01
9.134708248429078692e-01
-8.317805141568040961e-01
-5.851672918208925545e-01
-1.183634588276804567e-01
-1.727093746150568654e-01
6.364434131699655550e-01
-4.517028251121933402e-01
-8.388627948795603917e-01
4.846395558933650483e-01
8.661433756239591553e-01
4.737404862987136811e-01
8.568650294131284761e-01
9.504455854892990274e-01
4.909585461637134829e-01
-9.199450302336981133e-01
4.065368904100963299e-01
1.870200579117745621e-01
-6.967352662615929892e-01
4.071616822506582967e-01
4.974804178033873647e-01
-8.822891713803192593e-01
6.818641289206863743e-01
-8.070684999169844831e-01
-5.078690403006808074e-01
7.869859876957938649e-01
-9.978662292505811049e-01
8.551976047755517341e-01
6.040519065118551412e-01
1.287230928986798917e-02
-9.014058327245328961e-01
5.992610270129076211e-01
-8.342306448435874433e-01
6.520809642222988867e-01
5.095852377253212717e-01
8.483887748532801254e-01
-7.342350108984849744e-01
2.528884866289513034e-01
6.948016743876328505e-02
-3.246605066285974672e-01
9.565551897458816066e-01
-3.862770103994281889e-01
8.822649933986596027e-01
-9.287372376823563869e-01
4.388502572495366905e-01
-1.487791265482173719e-01
-6.601532294793395206e-01
6.704341682071879305e-01
8.982728774045221076e-01
7.989964031231600039e-02
-5.867836605641061354e-01
-5.101660510311589736e-01
3.156716467059025311e-01
-1.172729467066386533e-01
2.920194801131478224e-01
-7.264602278675463820e-02
7.886842439772053792e-01
8.120513872351624585e-01
7.825960459011922499e-01
7.760737129342371032e-01
-3.878853272555805587e-01
-7.973208060676295617e-01
9.814705842975433026e-01
8.935383075820566567e-01
-7.715911538430166861e-01
-8.888103595760425968e-01
8.408575175931696233e-01
9.155335940433680930e-01
6.171185702527199890e-01
-3.830585812982690852e-01
6.291595036291932619e-01
5.142117659184353151e-01
3.225834672474309217e-01
4.585267879268896118e-01
3.450011879290714178e-01
6.907170294434098468e-01
8.162708444616086911e-01
-5.687750110943751158e-01
-6.270593348728759064e-01
7.706540208132020009e-01
-5.552658187986205807e-01
-5.740739509467714941e-01
-5.426966505460244505e-01
-7.198944985979238709e-01
4.754367091000370471e-01
8.895844547451052797e-01
9.281747846134912328e-01
1.617879714888506570e-01
4.418253790720976792e-01
8.439967387445415081e-01
4.854958834209309737e-01
1.248141087443610520e-01
7.946426024893074591e-02
-6.770456698735013434e-01
-5.520875488480200266e-01
8.597921804740692453e-01
-4.444422963275072580e-01
-6.071793810417130954e-02
-6.846694579945433734e-01
7.393749505979048120e-01
6.448220982886326835e-01
-1.478210806191324611e-01
-9.145632694937679830e-01
-7.940746373748229781e-01
-9.261855658278967951e-01
-7.413247078124636236e-01
-1.579899794407417235e-01
-6.655376841236748664e-01
-5.768728906950748581e-01
-9.461740421043984828e-01
-7.425052598987014196e-03
-9.532264985661881296e-01
-2.650646382365551279e-01
1.166217203337018837e-01
9.467156379747599937e-01
7.421851184001226898e-01
3.491710997241548320e-01
1.993545436194082421e-01
8.172751536595708188e-01
-6.426981190075005124e-01
8.356671312183543421e-01
-2.514434793709046101e-01
9.316175846760803569e-01
-7.569656086308551579e-01
-1.048590534236551464e-02
-4.481997396868688810e-01
-5.197728520902953342e-01
-4.434934083765644242e-01
6.945653563467546476e-01
-3.595675344536908291e-01
4.141494455823117038e-01
3.528365004026442486e-01
9.622153796171485363e-01
-4.156496861100622553e-02
8.482748008255728278e-01
4.690445924311336667e-01
-6.857439834436435122e-01
7.097305474562211058e-01
-3.188719316708321094e-01
9.683073563656906524e-01
-9.039711136967892857e-01
4.609061854171673245e-01
3.172685776811874359e-01
-8.092430295548727059e-01
-3.894213187656497821e-01
-5.789111726227934573e-01
6.024541453901133270e-01
8.785668028412051411e-01
4.409449492278254557e-01
4.720126996448713030e-01
8.808081202239048668e-01
6.190372634802228102e-01
4.500036191638253080e-01
-7.057734666047993377e-02
-3.082613165983648096e-01
9.764366955337587806e-01
-6.321960229139953480e-01
2.328661905343271110e-01
2.060404963858317728e-01
2.174272074444390801e-01
8.188243256416651850e-01
9.963394587651058787e-01
-6.913835069235308994e-01
-7.547575727997447581e-01
-9.723265963309686288e-01
8.181701051352270326e-01
7.681464282130044952e-01
-5.388104909780861984e-01
-8.548042249514309354e-01
-5.689734605210982066e-01
-7.225147993779260647e-01
-4.199197090600185200e-01
8.989773476570160904e-01
8.849616947536438349e-01
8.551189248538809684e-01
5.834835543591292417e-01
-6.843963565057453735e-04
-6.306482428323552103e-01
5.179374146017095004e-01
1.789369057201868896e-01
-6.995004665534479416e-02
8.442185148466696543e-01
-8.763078059434752376e-01
7.467882836794345058e-01
7.939963524130426720e-01
-1.842883266740478199e-01
-8.165550978217550604e-01
-5.269838253331657896e-01
9.897610889594992134e-01
-5.677433117090378012e-01
4.961384559264814254e-03
4.623199051633860579e-01
5.628838609944253335e-01
-8.643874990408872971e-01
-7.696341793244856344e-01
7.982063236657166438e-01
-7.066098414096391167e-01
-5.085722546146546064e-01
9.749192025702377862e-01
2.782342283251365567e-01
-3.677137184710070894e-01
-7.492074923937762643e-01
9.049503057569128206e-01
-5.714431291440136285e-01
-8.512186551355023223e-01
4.561052256349750200e-01
8.592669708188851452e-01
-3.693991151583144728e-01
-4.300458033557923443e-01
6.614522894904946160e-01
1.054670193987627402e-01
-6.153553057067704390e-01
9.366879463054698096e-01
-5.486366678969737398e-01
-4.106531495215626215e-02
-4.630559872928388110e-01
8.638573361688088870e-01
-8.606124368101527589e-01
1.389512290632825831e-02
-7.312114431039115070e-01
-7.497023536781589614e-01
4.226648686987578007e-01
4.484880220884240876e-02
1.507105265695612983e-02
-6.066745962589809027e-01
4.318445793210179406e-01
-7.652490789045645059e-01
7.510514076773474601e-01
-5.528629768347932405e-01
4.262877267592652952e-01
6.392928714926502387e-01
2.412187168813079152e-02
-8.329490339022163070e-01
-4.727470590499919245e-01
-8.173378980502080671e-01
-8.212207090986913816e-01
2.630710618099127429e-01
-9.463191632381487972e-01
-8.425239185017964205e-01
1.618775486589006662e-01
-2.246914457377008345e-02
4.837840959694587606e-01
9.933484819760206586e-01
3.070091536694271039e-01
5.814465374471690096e-01
-8.425928107244882170e-01
-3.147474966264326990e-01
6.898873521338113601e-01
-4.160517783485682131e-01
7.737141110887901796e-02
7.354346010820795865e-01
9.029631064665946116e-01
3.169287712773102839e-02
4.115630240055060396e-01
7.235078201870364101e-01
-9.216951102124715245e-01
-9.760544484180290192e-01
7.261098692396805721e-01
-6.668425914344562333e-01
3.005231145686016458e-01
9.226088418945638248e-01
-4.830014672477421778e-01
2.529422127807190446e-01
-6.425974418364925889e-01
-2.329464868836297331e-01
-1.640614349132362981e-01
-5.613159603182429902e-02
-8.611883687407064780e-01
7.742543019177031693e-01
9.608319168354216844e-01
3.098435706035004289e-01
-8.250368426231997621e-01
-1.614485311314746152e-01
8.421662668744650526e-01
4.913102898155485843e-01
6.432429673961654881e-01
4.700069819198195997e-01
9.784740960433916390e-01
8.821404866726660909e-01
-9.931026752172803507e-01
8.509745925535266986e-01
9.185405505506314405e-01
-4.615685886360675338e-01
-7.990476569848221633e-01
-8.949222162434551375e-01
8.725433853286432839e-01
-7.922713033869117627e-01
-6.301180673980470992e-01
-5.592386690816606443e-01
-7.407825436313175693e-01
9.263367737887937547e-01
7.516727461966031809e-01
-9.472574868280687621e-01
-8.636207119135779209e-01
-2.011248841459333803e-01
-7.103379768988568044e-01
-7.304021362718471355e-01
9.366912681420771492e-01
-9.916599746812593263e-01
2.286972147663335342e-01
2.775122182664432890e-01
-1.484417556112565262e-01
-2.847806569063273674e-01
-4.211592388920772922e-01
-6.182405979194376400e-01
-1.331292264898978894e-01
-6.665482526583949019e-02
-1.672840667335179221e-02
4.793176027857913857e-01
1.336906995712904000e-01
8.163335157954150212e-01
-5.688275687376115330e-01
6.026396242396896419e-01
6.559090180159516947e-01
-4.433158786579478594e-01
3.377045031419594889e-01
5.920584976617218054e-01
7.893575083966740680e-01
-9.328965090889193013e-01
-9.878452393084529159e-01
-4.541547192526322885e-01
-8.123399985983423277e-02
6.093005364969947824e-01
-9.200441757764986628e-01
-7.505926287105844086e-01
-5.679653031986868772e-01
9.172310582098709419e-01
5.832325327250149627e-01
-6.817578619583326560e-01
1.106645223368121489e-01
-2.641764784256838139e-01
-6.651638388134689661e-01
-5.744905513480929038e-01
3.017445164855979689e-01
-8.678403664921432448e-01
8.164645059541542071e-01
2.781851499451123977e-01
-4.871805985352445911e-01
-2.821055563218313744e-01
-8.598920046392347638e-01
3.012647293569076234e-01
-5.170265587784900196e-02
9.626998284167911368e-01
-2.240733720522363193e-01
5.620376486726760268e-01
5.034122729386703021e-01
9.858914067078439203e-01
-5.999652619217989979e-01
9.258686512238530897e-01
-3.886837982375351830e-01
2.005596862313487327e-01
8.833861038615377081e-01
-6.290735418280470892e-01
9.959288099623178070e-01
-8.521784884842222851e-01
8.968037741012876429e-01
4.298077136767547435e-02
-3.434653886298012493e-01
9.073191390634919307e-01
9.105090233126426069e-01
-3.823305987898728553e-01
-9.237590820344039333e-01
7.961970274261795932e-01
-9.870786601968677410e-01
-8.982231988535949174e-01
6.698939215032538863e-01
-3.888209848577315886e-01
-9.477042217328732199e-02
-5.759576623321863709e-01
-4.550902845792053064e-01
-1.865481171898955570e-01
-1.592724919950754825e-01
5.186585085437898091e-01
-2.640940963857912327e-01
9.555433013973901879e-01
-1.210215289590464427e-01
-8.563002366968802681e-01
-9.176256589581727185e-01
5.569830303239082792e-01
-2.743197777957593342e-01
-9.327538593289910196e-01
-7.764017636151341328e-01
3.514782425187341075e-01
-8.840642080577935102e-01
8.168495265837664165e-01
7.953886564546963633e-01
-9.451439016013499783e-01
-4.148380464698313563e-01
-5.242746861652054502e-01
-8.229232754694271179e-01
8.768512184151936451e-01
-1.329724548235515780e-01
5.647998972278824859e-01
3.748895038023937754e-01
3.507180853836263656e-01
-3.824461883115358174e-01
-5.409975394686344918e-01
-4.743312190237508608e-01
-9.474013174327743370e-01
2.254324909359581297e-01
-9.026342370086386513e-01
-1.286463137070064933e-01
9.933216700623382911e-01
9.243084876324759724e-01
-7.634250081083652217e-01
9.994844900774418894e-01
-9.952556119566307036e-01
-9.707402074910260747e-01
-7.388763702878015094e-01
-9.184177364677007516e-01
6.288733932787552439e-01
9.632050433378780419e-02
-6.240269016859112394e-02
8.380599766389631444e-01
-8.628824165363367937e-01
-6.957434586582289526e-01
6.643244137436036256e-01
6.636224645437707181e-01
9.475269516674569292e-01
-8.699225396835105206e-01
-8.319589911678411109e-01
-2.893219710412845425e-01
4.999385450663852426e-01
8.988650477287226659e-01
-8.616166844489000498e-01
-5.454089937307713409e-01
3.827525564996436813e-01
-2.354017965860008554e-01
-4.049963301013937422e-01
4.193929692977904633e-02
-7.182550638132874088e-01
7.593438876856684061e-01
8.957850224882157875e-01
7.029714379236889910e-01
8.270841180073992271e-01
7.632604496830069918e-01
-5.369137956518134080e-01
-8.232939843061289897e-01
-5.197091369188644450e-01
-8.256940424883568719e-01
-5.601046905952890009e-01
9.413837681056681783e-02
-7.395498318433821883e-01
-7.552754242805626017e-01
-4.921916890921196330e-03
-8.106742294659177173e-01
9.083315395044846419e-01
-1.473852337875039553e-01
2.745982112753795334e-01
-3.282695110696168816e-01
-9.759540542239191208e-01
-9.371929051228321539e-01
9.153224318909241042e-01
-1.042822145274740209e-01
-5.449625480093583940e-01
8.512859155482881413e-01
1.206824749252971424e-01
9.286997895812764137e-01
-9.549640634601848088e-01
-9.042528433200542892e-01
-5.665663669788715273e-01
9.928268218988354210e-01
-5.444399230230076991e-01
-4.081125579518943280e-01
-7.468376702331931405e-01
-8.525375873841301022e-01
-3.735595389745706707e-01
5.770389603648673482e-01
9.745735249066324046e-01
7.182115682650400679e-01
-3.902462301434326264e-01
-6.067300667713115825e-01
-8.909796845445346891e-01
-3.495310560472537076e-01
-7.565768704405732015e-01
-6.750081605552251673e-01
-8.639988810595419233e-01
6.329884305365629515e-03
-4.581625752291650366e-01
8.490365968484383519e-01
-4.929881466258457801e-01
-2.912951681778560009e-01
4.740455658037370790e-01
1.795325454521906616e-01
-3.854010899603076412e-01
-9.706127142921431306e-01
8.604407125247395260e-01
-2.644581494555915402e-01
-9.609938634494186172e-01
-4.953833038550548018e-02
-6.293863811427600208e-01
-3.215335246168128935e-01
-7.861124604339789768e-01
9.625704294515610160e-01
-7.873609439255656595e-01
-9.060303036790681164e-01
5.485168881038182676e-01
6.153062764072655400e-01
-6.767493830687951739e-01
-3.257157636959174263e-01
-4.801690074035653844e-01
-9.651569385212509511e-01
3.740542678371324148e-01
6.893311566376709720e-01
-4.540731327009757679e-01
1.174003402052699596e-01
-8.498825148014659270e-01
-4.543527896192814941e-01
9.502041564154264375e-01
-5.496893936177775775e-01
4.826978702863477522e-01
-5.595548714181153294e-01
9.930458781642241828e-01
4.855240504742617813e-01
-2.291046150575981599e-01
2.712746842354744059e-01
-7.143937922160398246e-01
-7.677996304612512146e-01
-8.863421196808924929e-01
-4.319721288053079422e-01
3.142610268188567035e-01
-4.034104006929436492e-01
7.008775204517287971e-01
8.478301993227944644e-01
8.572825657960883028e-01
-2.364030902601273465e-01
-9.636713750749785756e-01
-6.555691298690298208e-01
-2.562727665011919065e-01
-7.840021117470509227e-01
-8.849035669510899593e-01
1.937711877544008865e-01
-3.743196338898635567e-02
-8.460558987904761574e-01
2.934560644594125245e-01
9.189135262093250933e-01
9.470858260662049499e-01
-4.151224386700079205e-01
-8.485791228255502583e-01
-8.092685326989224048e-01
-7.533043947614253000e-01
8.212486266048144579e-01
5.620415898258643850e-01
2.881240046774941610e-01
1.069948856889930688e-01
7.842987799981648855e-01
-5.814621349227877545e-01
8.140189483700518425e-01
9.595546152177247823e-01
-4.268257580137890805e-02
5.759811197131075033e-01
-9.728516874101050815e-01
-5.445568369138407139e-01
3.656000294593517164e-01
-9.956562458526180270e-02
3.315388017879762339e-01
9.649375779990091440e-01
-9.706765711386846629e-01
5.397386051396413365e-02
-6.675115510170269717e-01
-7.378362066364281269e-01
7.283649443380827426e-01
-9.745583362830954055e-01
2.896863139018083233e-01
7.706538990649982601e-01
-6.184034724777455194e-01
-5.459772166671952309e-01
-1.834559327487739200e-01
3.471111303337346410e-01
4.186216126449563424e-01
-4.076273269364462104e-01
-4.015136389568191855e-01
8.518409557988033676e-01
-9.624916626484797399e-01
-9.682551274749785497e-01
1.815122195792681359e-01
-7.425212642618883585e-01
4.021329866898046279e-01
-8.621984804998187313e-01
9.898087569691301768e-01
7.933324789643712016e-01
9.470510017273261472e-01
-9.533915246236155383e-01
-4.897184390001046994e-02
9.104824752888663886e-01
4.811297985775888630e-01
-7.187576178149890360e-01
7.806706303575065009e-01
1.413909624463564607e-01
-9.131269526147510751e-01
5.373354021694799754e-02
-8.177360375345674726e-01
-3.507600327896753800e-01
9.496702762919357887e-01
6.477727472038717904e-01
-7.506118022425922742e-01
2.653738350010823588e-01
-1.384480295752117951e-01
-5.651822656659863942e-01
-4.468768479836073282e-01
4.897043578486348636e-02
-5.541259537735756524e-01
4.275816203466101806e-01
7.580309602600989738e-01
-3.303391608670213087e-01
8.908735480601002177e-01
1.555884838622139110e-01
-3.827097546258300120e-01
9.741639114500282304e-01
3.319218013457598815e-01
-3.844232763730276448e-01
9.632091281278243322e-01
4.757655135249646561e-01
-8.714373553342683598e-01
-6.808853908560863477e-01
-1.492822785601933822e-01
-3.031543238792930861e-01
-4.171937479674505123e-01
-7.053358806667726633e-01
5.441369508296430846e-01
5.281454446356717014e-01
3.390294110037149755e-01
-6.888815279134692382e-01
9.535928502399950712e-01
-1.388826016711826317e-01
-9.812201708877935635e-01
-7.741336245466559074e-01
4.180318996035941037e-01
-9.360878407287374081e-01
8.719796212478977404e-01
9.286792507627042448e-02
9.317705462562231311e-01
-6.202435542862214657e-01
-6.440042642895286162e-01
5.310560817172026438e-01
8.883366830898793420e-01
-8.138315348654145964e-01
-5.823760756221698642e-01
4.611092895062968156e-01
7.850717370933832928e-01
8.664170746521979716e-01
7.042130596674646137e-01
-4.295563693879245193e-01
4.361823795456299946e-01
5.513214971329999381e-02
3.772939962935593083e-01
-2.973333283369692381e-01
-8.731826892884100300e-01
9.363479209770700917e-01
3.959385251393526817e-01
-7.639691202634074640e-01
-8.299363322024904122e-01
-9.724284536677801905e-01
9.636794685545951866e-02
-4.032876600989526716e-01
-1.217481413511961041e-01
-9.213941709061612695e-01
9.300918034090169817e-01
1.733279429169019559e-01
6.770844654409806651e-01
-2.200329975769821089e-01
-7.114564641769240971e-01
-2.543818896613481151e-02
4.714074641482648986e-01
-1.196821957392782410e-01
1.250625279240495380e-01
-8.343265258849922317e-01
-4.514403066621887062e-01
-8.751768116138218812e-01
2.514900164997826426e-01
-6.263868098240100712e-01
1.994532256815172988e-01
-6.064678790506075057e-01
5.252647402417615075e-02
5.320244075840039333e-01
2.777893861149671184e-01
-2.910804401155517862e-01
-7.577315266459443421e-01
8.952275448765427690e-01
-9.399668972647726717e-01
7.882682417959459009e-01
7.205265053268277153e-01
-7.374437011999652736e-01
2.373387943452899829e-01
3.345780495922705544e-01
8.681727509511047991e-01
8.222592117831665215e-01
-5.234797942017475059e-01
9.760050253219670902e-01
-6.674132574953725028e-01
7.063576939358421347e-01
-9.434405955458794457e-01
7.718329508329327959e-01
-3.777500083485614835e-01
-5.184595724094910318e-01
9.184416937616526333e-01
8.994319743548782053e-01
-4.164162638562963203e-01
-6.786987435466753649e-01
9.202543390638464604e-01
-2.922516930930942891e-01
2.938578158303946086e-01
7.842228266800045366e-01
1.384274393562193450e-01
7.861170529661619666e-01
-2.614061384998022097e-01
5.591184954309652566e-01
7.637609322749602248e-01
-8.794693984631345440e-01
7.910778486746011806e-01
-7.324495706370200976e-01
-5.349383248795138712e-01
-2.817127163089059860e-01
2.416096855519652142e-01
8.282377749808287337e-01
7.128615788567403966e-01
9.568828638514175200e-01
-9.988976082757681230e-01
-1.395536506932715803e-01
-9.805090885830671787e-01
7.756500604198699467e-01
5.290472275949058556e-01
-9.238596860125039001e-01
8.139818622896450862e-01
7.373879098581284097e-01
-9.368366728246689812e-01
5.520950019568630074e-01
-6.963315964142231529e-01
-8.365930651871261725e-01
7.436378852905464187e-01
4.123499777127844212e-01
-9.336967180978614778e-01
7.372453927090540926e-01
8.381553227176588017e-01
-9.781200806544537718e-01
9.917844337280445899e-01
3.294673971285126957e-01
6.723301261215555158e-01
-7.783493344645046053e-01
5.264074368725059072e-01
-9.556478293756949238e-01
4.233341382274090625e-01
-1.454027281082254097e-01
-9.681678887205102946e-01
-8.920503275328401926e-01
-9.149625736201736359e-01
-9.323170935273303872e-01
-6.110596498994563808e-01
-7.817322410674667488e-01
-2.457062926042635764e-02
9.865335458821069547e-01
-3.819117561218605128e-01
-6.644123095842771054e-01
4.062201289374884894e-01
4.134046364863555589e-01
5.009620378673174113e-01
-7.461547387690337096e-02
3.025544297933120408e-01
-3.905002066064827138e-01
-8.142455271771583680e-01
-9.587612589178197142e-01
-3.329805580509059282e-01
-7.315499377084186960e-01
5.082437965563342264e-01
9.829538390676137438e-02
8.582991703060365296e-01
-7.788743356230602988e-01
9.682363946270081678e-01
8.832039055080534995e-01
9.436698865160050298e-01
-6.809810882073144001e-01
-8.754759888383806254e-02
7.475286095304507494e-01
4.474821097215739285e-01
-8.971186602899646756e-01
6.639646876882040472e-01
-8.275171123434100773e-01
6.442532217016995189e-01
-8.187179649446456597e-01
-1.138864621829898949e-01
5.596736226573072459e-01
8.007571182269250798e-01
-5.754382798332272619e-01
-5.430235877116256216e-01
-9.824909454388621732e-01
-9.274571441350482059e-01
-7.609350679561064368e-01
-2.045997704155556318e-01
7.872289246363152193e-01
6.766408892786511531e-02
-1.995511354848804042e-01
-6.476452219899297980e-01
5.692474443828514641e-01
-3.014081827233916488e-02
8.662256242553013630e-01
4.487711631302530590e-01
-7.338050445076731432e-01
7.390573172006191793e-01
-9.117331117250118133e-01
-9.173276877233468296e-01
4.380408312773776403e-01
8.954426717565081573e-01
7.437989213350232331e-02
5.234926633957828201e-01
8.756918163035195546e-01
-9.524729467833448204e-01
-1.814882144537114939e-01
-8.448584835334032039e-01
-6.209997990126759904e-01
-9.421242621301910702e-01
-8.149735835088427471e-01
1.449749262663964089e-01
-2.507544880333568704e-01
-6.760511275198831660e-01
-7.393857679419275630e-01
-9.350380478582455135e-01
4.344714516322517039e-01
-5.173206341822401688e-01
6.243612505271616264e-01
9.007577071490956433e-01
-2.402053304653824217e-01
-9.167227401066586623e-01
-4.560291079375127787e-01
8.116236519037677288e-01
9.510684056998679470e-01
-8.866291367489567143e-01
-2.368992323331874927e-01
-2.505421013762420546e-01
9.765224927850209014e-01
5.541713086287143319e-01
-6.756133129902635037e-01
-9.930399895859273185e-01
9.269505656024475959e-01
-1.938451581173584459e-01
8.784190164238863119e-01
-7.629568459270750225e-01
-8.329091077709511737e-01
5.979589920296921601e-01
9.564906105502540834e-02
1.696498022453131194e-01
-6.324927181388527719e-01
-8.467315958435276402e-01
8.711126248539060590e-01
-8.885041192197008497e-01
2.787800498782178060e-01
-5.653034635420031151e-01
-7.405275188646029960e-01
-5.156286526851038277e-01
8.969602203977675714e-01
7.531752394605475409e-01
6.664985449142373231e-01
-9.448038419545667921e-03
1.144693761263700371e-01
-7.727752190303751600e-01
-3.088774750267785918e-01
-2.677732487526122140e-01
1.696270337788391425e-02
1.796975738693315228e-01
6.258432370338269379e-01
-7.114731629807197200e-02
2.578265338417360386e-01
3.307567968620103160e-01
6.987630919611974578e-01
9.530381791348915277e-01
2.579540272642309451e-01
6.465889241923563624e-01
-9.070714778521787869e-01
-5.355846178692686976e-01
-8.641731905075705766e-02
-7.262556121293765043e-01
3.993153978236491097e-01
3.799906380092157310e-01
6.697124328925149195e-01
-4.061414397739222526e-01
9.882924529876654374e-01
6.002884226905942366e-01
-3.046499862829692984e-01
-5.311468496081338531e-01
-7.889085260393542409e-01
7.052891670384886513e-02
2.833753784336768278e-01
2.875715198590615418e-01
-9.439347528621584438e-01
-6.210481123589974839e-01
6.599684058320507418e-01
-5.264602631796405641e-01
5.711684408003934177e-01
-9.479772799027471608e-01
-5.208289661808319926e-02
4.021377578076834602e-01
4.523753894420101673e-01
-5.496100401131218671e-01
-8.992978991853237680e-01
-6.801514360754559174e-01
-4.439052491446724980e-01
-5.246491273952800238e-01
-4.182702361802597690e-01
-8.258548153600591135e-01
-5.139248644010516731e-01
-7.681149350597342718e-01
9.075874362164650933e-01
1.101396086738771762e-01
-6.644094657258193815e-01
9.919078865464676653e-01
-5.546776908720361110e-01
-1.480825165170810698e-01
7.796012096159496974e-01
9.616400118430630251e-01
-4.810944007004819278e-02
9.225366686321454512e-01
3.591926183774313275e-01
9.079145467558478177e-01
-6.026472927633836907e-01
-6.857088018521050321e-01
9.549757939810412655e-01
-6.114902705093933077e-01
4.898814676872927931e-01
-8.361124625313606229e-01
6.939101156679661209e-01
6.303681131497662626e-01
7.742119458540932531e-01
7.340605638959029067e-01
-7.513148342428921378e-01
-9.391050366947433226e-01
6.225099316242248548e-01
5.710748237442664355e-01
-9.546325681819061160e-01
-9.203770136177826799e-01
-3.755165992135989228e-03
-7.982251858753700580e-01
1.691628467026247140e-01
-8.490995405357525394e-01
-3.765674348900013291e-01
-1.919859034649773477e-02
5.739198281985680161e-01
9.633145018780474578e-01
1.423577120871004908e-01
9.317889923892002102e-01
-9.275194349633183455e-01
-8.873624801607671309e-01
-2.773113715750811226e-01
-2.891281368484105441e-01
2.793746548989759493e-01
-9.694533279217131261e-01
4.265155937816442755e-01
4.624647671451009856e-01
-3.813991492352656887e-01
-9.711641705113552847e-01
-5.465639009876600563e-01
-6.964392522513943584e-01
3.983114646054471963e-01
-6.688489098647989461e-01
7.821353735933467277e-02
-3.828030316184313220e-01
-9.454860260134962946e-01
-8.278419353113642964e-01
7.786682753237281762e-01
-2.977952546050858240e-01
-8.899615052444747043e-01
-6.984943196234293383e-01
-2.490636582724710391e-01
-8.196739041643710255e-01
-6.944860805513156654e-01
9.861189121693163528e-01
9.589520374688635940e-01
9.319407790918151635e-01
-4.984203260007397107e-01
5.774057112925201629e-01
4.789320756383917410e-01
-9.812922772199745847e-01
-3.901676704484086100e-01
6.324276640332489041e-01
2.999058358878062269e-01
-9.868231650173742153e-02
7.445208792419235611e-01
-1.337709248324646660e-01
2.178622600874215998e-01
9.835568901307706335e-01
-3.578960858437557069e-01
4.660540639417165010e-01
-7.751315267382026253e-01
-5.019043233651309110e-01
-8.465808329332493720e-01
-4.824462952477421296e-01
9.228975504023946286e-01
-6.511456272365863107e-01
-7.777968275524927977e-01
8.344057184608653088e-01
-8.714029631268106479e-01
-8.270491290052457423e-01
2.430938177666330802e-01
9.102623146411814581e-01
-6.358820188724958467e-01
8.785027839124521787e-01
2.448735595026568512e-01
6.081760556630320114e-01
9.708667095699355931e-01
2.234051400227481943e-01
-2.110270133771734447e-01
9.812213621791350260e-01
9.459012102209030104e-01
-9.071909728047941046e-01
5.506932022179321651e-01
1.865450714171979774e-01
2.845674057973858195e-01
-5.341516277699818183e-01
3.127706225837745824e-01
9.051080409731417920e-01
1.489698479330242575e-01
5.805387248356705943e-01
-9.606636876356491328e-01
-5.522578364351364844e-01
-6.594296527037741829e-01
2.692664132569474456e-01
-7.893750739150238172e-01
-9.793509896007176474e-01
-1.434595253413409877e-01
-4.017862907346939072e-01
5.593699325789659449e-01
5.715143183255542159e-01
6.498654636385684524e-01
2.238466369024105784e-01
7.878528253445887808e-01
-9.492556471741031565e-01
-5.161446927499444559e-01
-8.262849522322051055e-01
-4.607719906911194596e-01
-9.105859377738563243e-01
-8.443123507020977581e-01
1.888127064900861907e-01
4.381706998734787306e-01
6.356033560439998675e-01
-1.711343127366506955e-01
-5.058313023493619109e-01
-8.978027165696745859e-01
-6.016847829192776276e-01
5.543588274440122143e-01
9.882117342030607987e-02
-7.412027409971104763e-01
4.798547509631451158e-01
-7.777230685162719315e-01
-8.824328015081472909e-01
4.313321106140091676e-01
9.149566992463381565e-01
3.301498130227738526e-01
-8.353190607623431907e-01
-8.833609095116663479e-01
-7.989117436873078848e-01
3.869090066653398940e-01
-2.885866424432592670e-01
-7.313940827073106554e-01
6.551850087622517194e-01
5.960363741716669939e-01
3.720640593919798400e-01
5.971623462871680221e-01
-9.881786007923740733e-01
-3.516154066952031365e-01
7.746940507482057425e-01
-4.918503649845740178e-01
-9.955389787741769636e-01
-4.630543951803763880e-01
8.307883968388651841e-01
1.257850092461228197e-01
-3.101839256181421201e-01
-9.324203405663978872e-01
-5.008497370153542905e-01
7.966753934623054256e-01
-9.779984350150706662e-01
-2.630947663176017581e-01
6.950279720319439969e-01
6.134772279292513009e-01
4.625582913908380389e-01
-9.130242811054856134e-01
-7.392657780479940932e-01
-9.280789023666923265e-01
-6.462912747400374469e-01
-8.914993957470669361e-01
-4.305940843408631591e-02
-7.645321459197952363e-01
-7.020796638430444325e-01
-4.412118712882933114e-01
5.759489934318866577e-01
8.856668535466246661e-01
4.961359913782419362e-01
4.348399089187859334e-01
8.633105815784872794e-01
-9.075335585197029653e-01
9.632112403914270260e-01
8.666904870695661955e-01
4.592093112259393317e-02
-9.714045785537516187e-01
-6.894488673864488382e-01
-9.521296071519183002e-01
-1.516517930237510081e-01
-8.551394899383908399e-01
-3.463706662245769619e-01
-8.851148528649843694e-01
-8.844025321894622982e-01
-4.495408852153459089e-01
1.664883816414417517e-01
-5.567925261101192014e-01
-9.001296654070444214e-01
7.446416968823956761e-01
-6.126863893131582195e-01
-8.273567432311179637e-01
5.464019860630137115e-01
-8.676119143175606840e-01
8.453751364690044179e-01
2.808619677575705520e-01
-3.455760775087411973e-01
4.598009724124497155e-01
6.114277479864516085e-02
-9.656649064036690877e-01
-7.769433694627738696e-01
-5.945531054064733256e-01
-1.130291090065907444e-02
-8.627212840087963297e-01
8.546616174933405752e-01
-6.050197452794948694e-01
-8.964503339083459421e-01
9.263164537411275878e-01
8.718736960388679957e-01
-7.674118311972421003e-01
-4.321451856511170364e-01
5.854082447775184050e-01
-2.217343325910136609e-01
6.135594911977915178e-02
9.989524439521758614e-01
-9.712084646286309741e-01
-8.496542372853961300e-01
-1.835949996531910100e-01
8.420258653332918231e-01
-1.533749073312798694e-01
7.462385917882683461e-01
7.413829817902306552e-01
-7.800000564153354299e-01
-9.861788423566699713e-01
7.403540725708137593e-01
1.531022122126409757e-01
-8.135380556129411245e-01
8.706723135674605540e-01
-7.581623150854663873e-01
-8.222041878685004690e-01
-1.506635590644367917e-01
-3.813986991207143351e-01
-6.072128290583906907e-01
5.673032664778150380e-01
4.549079426481413280e-01
-2.864192075376864599e-01
-3.126618016072887363e-01
8.925311288880104499e-01
9.435209287205256201e-01
6.230172130140501086e-01
8.517651958584114835e-01
4.646618865193148373e-01
4.693641968876489656e-01
-3.335780669815401334e-01
5.396460618993493830e-01
-8.467667584439418915e-01
-9.915959877508605524e-01
-8.460368408554815867e-01
7.339012054476409253e-01
4.459798005534316712e-01
4.768284978505372695e-01
-7.700481067970414983e-01
-5.926246117291106286e-01
7.040979760979114710e-01
1.866483790782872965e-01
1.822670021806511997e-02
-5.476402272754997691e-01
-5.658967198221456218e-01
1.342089040188634008e-01
6.175974288842316362e-01
-1.742654456196259249e-01
7.592643850010734052e-01
-8.952897142849429724e-01
2.731958020327043268e-01
-8.677279064202924053e-01
8.404570012451814121e-01
-9.980173359788180321e-01
8.824051106486465734e-01
8.713569007679022871e-01
-4.438659973296338324e-01
-6.326552290455182970e-01
-8.435834636759703686e-01
-7.390012089844582022e-01
-8.422835585114524237e-01
4.552594835538169571e-01
-9.996459248796617514e-01
-5.077256672481975652e-01
5.285113970605630485e-01
-9.051348324318165828e-01
-5.953593067285096740e-01
-8.907378949910566002e-01
8.853302836208806204e-01
8.997170978271273878e-01
-8.174710939759632922e-01
-2.286074252107832550e-01
-5.577541590241716918e-01
4.250849658680960763e-01
-5.224601079859552133e-01
-5.613885737853103741e-01
-7.909492266726538823e-01
-9.380880782256689754e-01
7.590844960059581759e-01
-5.027485799118608378e-02
-9.617016748294302531e-01
-9.287056781264868555e-01
4.220264704832455416e-01
-3.191117495053492625e-01
9.317762007487256914e-01
8.300112604345201150e-01
-6.988891814871351915e-01
-9.334136653645742632e-01
-4.558951857370564520e-01
-1.209575220713412780e-01
-3.421731975617814947e-01
-5.363338320865330688e-01
-8.397556656433116107e-01
9.608376969984472327e-01
8.010027830244885738e-01
8.868959005875800550e-01
-9.273900370887738775e-01
4.047368916968954733e-01
8.762182904287370011e-01
-4.057983546216917814e-01
-9.418444006439919969e-01
5.928824718391900728e-02
6.737455027867771395e-01
8.693364766283795397e-01
6.485186222843360992e-01
4.423646486126558974e-01
6.992617920777903784e-01
-6.922179493128637340e-01
2.505666395931792634e-01
7.913691068840053022e-01
-5.174052952206675826e-01
5.529836122445390689e-01
-6.110304692140329230e-01
9.143289242216942059e-01
2.349485161421290269e-01
-1.667617273112716458e-01
1.450349765367591748e-01
-3.677637646418659423e-01
-2.155382212568687228e-01
8.411195234667088183e-01
-9.070905313849541018e-01
5.176729105560315958e-01
8.174530652593191560e-01
8.959418739959353895e-01
-6.254793685317816543e-01
-8.734100245983635880e-01
8.891810624537632712e-01
-1.640594341746077489e-01
5.253992613921854016e-01
2.264573413042119121e-01
-9.069611795495045037e-01
-8.548462982884263983e-01
9.142551002486759559e-02
-7.081703711026032799e-01
8.925052424235269122e-01
7.210862154286037384e-01
8.419307793792436545e-01
-8.455279465188652033e-01
6.180846023278943058e-01
9.615513199415186563e-01
2.441241606347209769e-01
8.373256627942087249e-01
-9.707182213857626918e-01
2.659595324466591526e-01
-1.731978051133110652e-01
5.401592307554919925e-01
7.970667228417822603e-01
-9.010608994080848699e-01
4.226192373238107924e-01
6.464019484303666907e-01
-2.924401752678080224e-01
-2.075024135945310044e-01
4.338163627432529701e-01
-7.057550076858212229e-01
4.850974368782025037e-01
7.655595149320775228e-01
-4.127625741884990984e-01
-2.700428987513832646e-01
6.278979403531717018e-01
8.584405153187990578e-01
-2.666464585613797511e-01
-6.870754567456542894e-01
-9.758840125582992631e-01
6.659964258338276766e-01
-7.835198255850402971e-01
-5.083111174773681240e-01
7.001084205427366980e-01
-1.626972065440278059e-01
9.921391544268444163e-01
-6.891619853685335695e-01
6.567062746767358128e-01
-8.475179288795966492e-01
-6.532565300753693238e-01
9.837145366770040367e-01
-6.464330827528907975e-02
5.979020058956501238e-01
-9.196305566220208672e-01
-9.783882005782025271e-01
3.846157266488138271e-01
-1.925971248914475353e-01
6.347917299164769211e-01
-9.498753806303872338e-01
6.661871624337047937e-01
7.245582245956296852e-01
8.567815050478763128e-01
-9.340235695922839421e-01
-7.602238359042270410e-01
9.945297493042072334e-01
-1.814073657738977385e-01
-3.158611959935349045e-01
-1.373368531617139010e-01
5.078955448762937364e-01
-1.680905675062336901e-01
1.846706528952504478e-01
-8.322697923784061480e-01
9.443641848713113518e-02
-7.780647755663512299e-01
-8.808848369532262801e-01
7.306259022072154607e-01
8.700627193949539429e-01
-6.720589579608994280e-01
-6.990859283010976144e-01
7.937748865252052255e-01
-3.587053718376540523e-01
-4.820022742279609362e-01
-6.965383562092228864e-01
9.837308637816704060e-01
-7.373221215526994943e-01
-6.214313261949602207e-01
-9.801403570364557449e-01
1.968040164448770502e-01
9.549487240091835139e-01
9.670974925340587447e-01
-8.930405117730855213e-01
6.303038475132172191e-01
-9.360421293237211060e-01
7.500417341565988050e-01
-6.158785837123308404e-01
-8.727285311524328737e-01
-9.745943663609903940e-01
-5.685159053167254672e-01
3.920242598439228621e-01
1.782685926849421620e-01
6.136865460121152527e-01
-8.244398707278149940e-01
-7.453792856471795902e-01
-4.451772715556645554e-01
-8.703636592096976043e-01
3.739993868747858441e-01
-3.794882091574900973e-01
5.785516882519720072e-01
5.035159437042242558e-01
3.972573176768203207e-01
3.746178426748216772e-01
9.615736598902210330e-01
-7.981181343361205549e-01
-6.751404789685147012e-01
9.371853575380979517e-01
-7.993471206353407466e-01
-4.991922157474235622e-01
3.763589364062899789e-01
-7.595956150259802753e-02
-4.988546216868557925e-01
8.993220552769718434e-01
7.415900168450026975e-01
7.699672936885710861e-01
9.527375921780093515e-01
-3.378965821025413097e-01
8.578142429944237701e-01
5.039988917862145978e-01
9.515626043433075276e-01
9.292231373113517545e-01
2.661148455924151057e-01
-2.555386830174818935e-01
9.396396140706642086e-03
8.575264564254987398e-01
-6.556793037296225757e-01
7.870760627156312417e-01
5.035088828997104082e-01
-8.913626194947923409e-01
-8.596345505279492372e-01
4.805241884680417908e-01
-6.244347554691401792e-01
-1.159436879421963801e-01
-9.476317783274565976e-01
5.376816788371503453e-01
-8.758210965327466457e-01
8.807290537301453170e-01
8.158087462092085129e-01
9.554238158802411673e-01
7.435836056448148490e-01
-6.004278669439574445e-01
-9.935441243729207228e-01
-6.786354620409451588e-01
8.017910362125587609e-01
5.183725681755426695e-01
-3.052965454299305104e-01
-8.307335767946095739e-01
5.559834332857124251e-01
-5.630272924085943931e-01
-4.388074444667111051e-01
2.082432630286311093e-01
-8.056043052426511419e-01
-7.078968995397154629e-01
-6.900429828435730162e-01
-1.470418167080418947e-01
-9.696152041025107859e-01
-3.197365118651524507e-01
-8.597705593006267355e-01
-8.900720581849697055e-01
7.334145713943771572e-01
8.998952497976009379e-01
-6.552206126426574073e-01
8.181637315842825720e-01
-5.283931554935626940e-01
3.847691855491108814e-03
-7.945891258593142936e-01
9.757049842788756422e-01
-5.938728525815204495e-01
-1.283590286057636198e-01
-9.447396056893830885e-01
2.684544444242986660e-01
-8.886837536503767732e-01
-8.765519037415069326e-01
-6.267328495769770580e-01
-3.241298309073902817e-01
-2.715092708816073674e-01
-9.864047081720661581e-01
4.688521727498647373e-01
-7.060916256137979019e-01
-2.107929063618146914e-01
-9.211637294437438062e-01
6.851435050195968657e-01
-8.741323802465290616e-01
4.187597412503430983e-01
7.160439546798165189e-01
-9.862205766495583115e-01
-5.377336518939879184e-01
1.780070751944076990e-01
-4.326357345444309388e-01
-8.137066370201483378e-01
6.317478490670990210e-01
9.676169148188566993e-01
-6.803025185009760056e-01
-8.906327805449513191e-01
9.295036716244086117e-01
4.298006801992982351e-01
5.629745096237667168e-01
-9.762933398835886845e-01
9.656385797124534820e-01
6.116152460786784539e-01
-8.630603705809388737e-01
-3.390634794700124188e-01
-1.221342013236542123e-01
8.378302430695271363e-01
8.399372011922207060e-01
9.546371871932706199e-01
-7.896992314490969278e-01
3.352788703879959753e-01
5.374324187364688532e-01
-3.849889987644982692e-01
7.121600951953718228e-01
9.387324641135488257e-01
6.410311381893356586e-01
9.855801595573703278e-01
-3.566917313470182593e-01
-1.554849970250899438e-01
-3.881457541345223472e-02
-7.691977550662663088e-01
-6.372752105399228650e-01
-4.867231304886724952e-01
4.114739599032901651e-01
6.171740161892858012e-01
-3.200541268101204651e-01
9.138289026102910384e-01
-8.216180243574129349e-01
-7.341014183514770197e-01
-3.101783905962702259e-01
-6.899689581973434960e-01
9.431335839467740456e-01
-5.015578182979111288e-01
1.725127691820953491e-01
8.303043633266128376e-01
9.057644460236436990e-01
-7.664458245056809949e-01
-8.325669271467654731e-03
9.260421721778414605e-01
7.361894858210222825e-01
2.420008760539763271e-01
4.930360048842025722e-01
-7.007535314217014921e-01
-8.652382155070280634e-01
6.399519392930299588e-01
-9.151656805323016286e-01
8.118587798796592647e-01
-3.533585063689904660e-01
6.532660835440929903e-01
-9.669147317645517825e-01
6.207003438977042320e-01
-1.067812426125547831e-01
4.548643373818439528e-04
-8.377458409959832597e-01
2.573003687423598418e-01
-8.611833690467105562e-01
-8.894960611181094157e-01
-5.278817064703263950e-01
7.670724498377269329e-01
-2.699405920296638062e-01
1.309011031509779432e-01
-7.867234615932657826e-01
-9.580934421493584319e-01
3.728846801607615391e-01
-2.531703211689765309e-01
8.683941505254072490e-01
-6.099971343837132798e-01
6.333606809766794132e-01
5.885704882711291219e-01
2.483331178750902701e-01
-6.294939462950532860e-01
1.257108320334581475e-01
2.894662694016110760e-01
-5.754211414320622442e-01
3.544651616793505489e-01
-1.302398687123899057e-01
2.072133777046350767e-01
3.934886437908612367e-01
-8.508373747565194378e-01
-8.074879668197361138e-01
-4.122561235479884623e-01
-9.974535761863181360e-01
-8.162100798524374312e-01
-9.684268657280206138e-01
-8.880916741900136691e-01
-6.278281607672288045e-01
-9.972378502948738843e-01
-8.679019608465367019e-01
5.538079297105722443e-01
-7.477573858404779061e-01
-6.954870127020106318e-01
-5.510998571843908067e-01
-8.137472854862262683e-02
-6.417995535696088272e-01
6.365155646125008060e-01
4.893336979113351859e-01
-5.251344965863740111e-01
9.737200472041498411e-01
9.940529573011827047e-01
-8.446516117328082274e-01
5.918088182373378858e-01
-4.118775245659334616e-01
6.836186935603437709e-01
-9.127913877182494140e-01
3.680493999833702179e-01
3.255637846984749673e-01
8.069200186397408325e-01
-4.669448090903343673e-01
3.164687009983357946e-01
-9.440998863675531538e-01
-4.475029243802348677e-01
6.439612969032310064e-01
-8.334261208606479343e-01
7.336410874164972507e-01
-1.076648378246971571e-01
-5.219818330364607295e-01
-7.901851666887707015e-01
-7.054193828762951313e-01
-7.247739030544577687e-01
-5.559965319110830029e-01
-8.577333946015914812e-01
8.488582629574518146e-01
-6.371841883868660517e-02
6.682809875443931902e-02
3.030413426672991517e-01
-5.546468089378125965e-01
6.837497896078336135e-01
6.079811883280199503e-01
7.702325019683800011e-01
-5.070346079248906346e-01
4.583725522112215567e-02
8.222922741031963856e-01
9.943993899898819766e-01
-7.856936997450342242e-01
-9.660591244484595386e-01
2.494375740793172702e-01
-1.816327845845132349e-01
-9.717383356141763295e-01
-4.988335483772746715e-01
3.886894604198607439e-01
-7.202594693948554117e-01
-9.759884889267010921e-01
-7.976786251416075890e-01
-6.429894964148108460e-01
-5.477153046485849774e-01
7.276857032864224584e-01
-5.553476189756174630e-01
3.049662727187576472e-01
-7.863836100979071375e-01
-2.992022221206785959e-01
1.541698344381319530e-01
-4.284159450430535809e-03
-6.341536201031361397e-02
-5.175891685317243196e-01
-8.317057129530857074e-01
9.697083536039052820e-01
-8.883742986783751405e-01
1.338611482037449507e-01
5.445834191036381666e-01
-4.734357386498789788e-01
8.954335831593229766e-01
4.236711967075065255e-01
7.192740117139762024e-01
9.245318278314085259e-01
4.628790291221087649e-01
-8.318712626221511641e-01
5.985286572282011441e-01
9.653256774055573031e-01
8.605591634415232782e-01
-8.931580357609980592e-01
-3.515241918393747222e-01
8.093710769921262926e-01
-9.846593074619388597e-01
9.051234871191118359e-01
-5.607741626011608638e-01
-8.771155392896350378e-01
6.405700526120472471e-01
2.487681851239012809e-01
-3.978296965746353497e-01
-9.433872690541945660e-01
8.933799526766368349e-01
-1.759183934686654460e-01
-5.631107390621659103e-02
1.104941460160636935e-01
-4.780289172153958099e-01
9.528438875893594506e-01
-8.268310781631713624e-01
6.430746848133921389e-01
9.893653149221369736e-01
9.397234261392268806e-01
-5.649292128844263239e-01
5.943997062884264215e-01
-7.951807079594074290e-01
8.111315549325741614e-01
-7.488378677527691707e-01
-2.932707824516304074e-01
-8.709838085524277407e-01
2.961501594666418047e-01
7.282442515981568665e-01
-4.898643964619895930e-01
-7.790830020010317547e-01
-9.869944730155373325e-01
-7.712677924514366179e-01
2.997597700286384059e-01
-3.222719525460390200e-01
5.151089759831434245e-01
-9.988027972321695813e-01
9.680365896899484346e-02
-2.506733959344309426e-03
-4.059112231267056892e-01
-7.175723607903885526e-01
8.444363947592742337e-01
4.656247907716340451e-01
8.782031450598820621e-01
-1.466037758050164896e-02
-8.066426919975270282e-01
8.553425008408295227e-01
-9.164535989372359914e-01
9.426014194922323064e-01
-2.908874587111077714e-01
8.252739610386826685e-01
6.133704575927573233e-01
-9.768100149228788887e-01
4.536704892755865082e-01
9.459880971482039769e-01
4.436226468163612657e-01
-5.875687118657906272e-01
-1.371013679380427286e-01
-6.201464013110222218e-02
7.654462296149263656e-01
-5.681296000942540614e-01
2.660113247001487657e-01
2.500879649520830750e-01
-5.890664609793797579e-01
-8.740818762617384996e-01
-7.970881768971043169e-01
8.801672494849013262e-01
9.767769468567438773e-01
6.201558814193431912e-01
-5.206072584151864024e-01
-6.220536886440153346e-01
-7.682966531233224039e-01
-6.585945961092594114e-01
3.181882518569928986e-01
9.799222434585967978e-01
-3.154374865510056747e-01
9.745408200280788469e-01
1.229455078300627224e-01
-6.421868976503157800e-01
-3.157882835505746444e-01
4.012440723856705027e-01
2.232982757308798194e-01
4.593687883013405360e-01
-9.977412585972305070e-01
6.201118182687436198e-01
-4.501539045503542003e-01
2.323037096260086587e-01
7.133645369733643271e-01
6.138237786449680655e-01
2.924721313829630187e-01
8.030891229340311188e-01
-9.714079991885534726e-01
-8.505836948652479856e-01
-4.057874046935600054e-01
-6.384493100638971574e-02
-8.866833266411513481e-01
-7.081770778720072324e-01
1.707732758744539836e-01
7.963892194177574213e-01
7.245223015283505097e-01
9.560501223291988371e-01
-3.100194781537221056e-01
8.282737160346380634e-01
-1.473466013743024161e-01
-3.756290847172765734e-01
-9.512543944302962462e-01
-2.115749474648195849e-02
-4.236953844075503350e-01
7.362033823745353089e-01
8.380121337222246058e-01
-5.208627355399022552e-01
-9.957792558193439003e-01
5.408263428960293773e-01
-9.104381486976322879e-01
-4.915360753825662732e-01
-4.575380553137332607e-01
-9.458335000216469002e-01
5.658513708212713489e-01
9.048695063852286724e-01
-3.817487417406899564e-01
-5.195368837493008485e-01
6.588450848774671798e-01
3.735982370572010769e-01
-1.412476041168087559e-01
4.789511032513585342e-03
-9.260876898485507214e-01
8.504034064529095716e-01
1.824253179958771898e-01
-5.905447551201357115e-01
4.985661432059409481e-01
9.963760152352074684e-01
5.700163505163258204e-01
-4.480565806094514714e-01
9.859349770473418983e-01
-7.358237234233840907e-01
7.343401972206024808e-02
9.002462944029140379e-01
-4.648263791164995995e-01
-9.822823905882065443e-01
-1.939032434171362729e-01
4.193554062761735146e-01
7.246115491790987573e-01
-9.499192903663853382e-01
-8.775370126537639370e-01
-2.618367678627632200e-01
-6.901519434395945174e-01
8.663728404148902662e-01
5.611302794646138015e-01
-8.600603837155076370e-01
-4.659570644374823600e-01
9.760988299811340640e-02
8.326655665665865236e-01
-5.232621027598416408e-01
7.471176145898053012e-01
6.261567744637430710e-01
-1.806299974510419404e-01
-4.176997478205936032e-01
4.128506402238024675e-01
-7.237433994489002043e-01
4.487473706737368229e-01
-5.273142009822151532e-02
1.863789400741555635e-01
9.021607288584061468e-01
-9.865789153700456060e-01
-1.860409493875687381e-01
4.269314949378882340e-01
9.868387130017799436e-01
8.817918538317945920e-01
-6.201011401860639927e-01
1.175306532719840313e-01
-9.558965741641861635e-01
-2.686026546732015463e-01
-3.863060351808776938e-01
-9.051874154967201047e-01
-7.431900930933702520e-01
9.097519851796087575e-01
-3.526571849025855743e-03
-6.708938269345849914e-01
8.498932946676100997e-01
-8.418552508165491055e-01
-2.289670495347584378e-01
7.352622436115436866e-01
-3.299314995069368428e-01
4.317548880041585657e-01
-4.151176703965276937e-01
-9.691135633806222671e-01
7.961127634177669332e-01
7.024087148124401603e-01
9.224562419032575900e-01
7.011609301477990108e-01
5.285707331354297933e-01
6.510404650832684048e-01
-2.400374361224882902e-01
-9.055204282498742208e-01
6.493859454030792566e-02
4.851485817208475160e-01
5.020812780939798436e-01
-3.241995115356494095e-01
-5.710213419558018977e-01
-9.803173733365350140e-01
-9.300830242657942559e-01
-4.939862304811247773e-01
8.907476880673911301e-01
-5.210571334495698315e-01
9.673068109632004807e-03
-6.897720651910913547e-01
-9.050788663465325623e-01
4.147547478281749522e-01
-4.022490392884620070e-02
-6.045291832748524996e-01
2.595579678696908754e-01
-8.129682845968868588e-01
-5.737892525483365702e-01
4.943621275028426409e-01
2.225898773040784762e-01
-9.290759779020814069e-01
9.982353316587564418e-01
7.586813501389578773e-01
-7.644286323218434376e-01
4.488383374827530914e-01
3.444112386951027061e-01
-6.196139005158154411e-01
9.217826329417557751e-01
8.922798079506325530e-01
-4.118999912914006467e-01
8.208213328116018559e-01
6.849006460708240152e-01
-8.528189838025515002e-01
8.974531025292019626e-01
-6.483310626580780500e-01
1.277208562375834466e-01
5.539564765250032385e-01
7.058876084874843304e-02
9.618569875564879634e-01
6.749400185049722056e-01
-9.550772845916134512e-01
-8.643771863199494199e-01
9.096111912832934854e-01
3.687810751253375319e-01
8.002811817276843653e-01
-6.445994876829886921e-01
-8.799000109040299167e-01
9.807828984528934591e-01
5.190998462008345263e-03
8.968907848219189738e-01
-7.789688585401070009e-01
-9.140998884492939069e-01
3.702897188974448861e-01
9.408753087031915818e-01
1.375823310366854346e-01
7.168299785389493639e-01
-9.675037543276786556e-01
-4.805570832367757061e-01
-6.443235775511312324e-01
1.821557255939069142e-01
6.658714569771566616e-01
7.885147930368925362e-01
-9.597223231324275572e-01
-8.410262622570803259e-01
-3.596358126675490707e-01
2.850191906882360016e-01
-9.226819005088243708e-01
-3.844418600274627229e-01
5.646675055341021654e-01
-7.488561048750839166e-01
-2.558086511554628073e-01
4.785222326692961659e-02
4.538366440063855700e-01
-2.805967596157260546e-01
-6.744235146396651004e-01
-8.307001294260496493e-01
1.618859226991380129e-01
5.122885062717903448e-01
-9.888714864734632348e-01
6.533106357991057545e-01
9.972970273463304114e-01
2.186123282895983122e-01
-9.580803348494687510e-01
-5.142514549921561873e-01
-6.310012287859906310e-01
-8.542764289250804888e-01
-9.748242834457585548e-01
-8.011905285012486111e-01
-4.840959377684301845e-01
-6.554027433693198068e-01
-9.168924636995531285e-01
-6.884752698326245257e-01
7.044748388344431733e-01
6.949094044850473439e-01
-5.902541082233295766e-01
9.598325958436398908e-01
-8.979440497357698003e-01
-8.335015336273027264e-01
8.250300266855852271e-01
9.356355438617610654e-01
9.107737231326323846e-01
9.984084536272355148e-01
9.873542562769785924e-01
9.170013182233130999e-01
8.221238266918762250e-01
-9.535891305316607225e-01
3.989876339499791036e-01
1.266525933950221616e-01
-4.082668760186283219e-01
-4.631491998070945693e-01
-6.889307489391265360e-01
-1.885652772882510098e-01
8.599481414805895119e-01
-9.859336975866894726e-01
9.674077768336711847e-01
-5.704361670936168860e-01
-8.299922506343394568e-01
2.264375719948401033e-01
-1.525377648966469435e-01
-5.916398429151533689e-01
4.018174577872429265e-01
5.624359310886288821e-01
6.649838476958855882e-01
-1.432513569071531268e-01
-1.234389946554553252e-01
-6.517503545573085644e-01
8.466389070039862519e-01
6.272568344895995684e-01
-7.710275961179831050e-01
-5.377738603861540456e-01
-5.849405906794076238e-01
2.685398813973413068e-01
-7.320083874669652824e-01
-7.256281423313072354e-01
8.594464122860731026e-01
3.349906646849528102e-01
-9.096373261712717984e-01
-1.601111379846320015e-01
5.835750068089935461e-01
4.485308598546824399e-01
5.125886997622658425e-01
-7.402927766108200469e-01
9.464986766542375918e-01
-8.509168248774416909e-01
5.038822457582237124e-02
-9.025135986264994914e-01
1.179260030029387618e-01
6.397391067016183763e-02
-2.994364901505077725e-01
8.144938317993288823e-03
-9.794991127195694647e-01
6.405574507566124121e-01
9.207347862147429174e-01
7.756512084227675796e-01
-9.722114676873365724e-01
2.558607401701329387e-02
-4.922160432940370645e-01
6.922804350446478683e-01
8.428892856926699650e-01
9.843950875828714198e-01
-9.676347123701277697e-01
1.978770903804800974e-01
8.220549730701878222e-01
7.453226314686147713e-01
-7.875012878336876687e-01
9.332720580013964540e-01
-1.785495056078499898e-01
7.117512981711989761e-01
-5.331695900830334400e-01
9.706933411871241368e-01
5.878306563716151345e-01
7.067031714133894527e-01
4.318106355897546322e-01
-1.278905353227472175e-01
5.649195305821587132e-01
-2.987766588306632887e-01
-8.656950811935485435e-01
-8.866326726768762878e-01
-2.633075568402000188e-01
-5.372291655340407646e-01
5.876919793080516152e-01
-6.236907583269889477e-01
-7.906789996817498167e-01
-2.566540831114638710e-02
9.831648126161747214e-01
-9.459849981505887850e-01
8.587115255531810876e-01
-3.253672766410300454e-01
-2.838452041953505312e-01
-8.878076551643930836e-01
-9.046972630562151174e-01
8.279101007411721058e-01
9.039864849061856056e-01
-6.827737176786010664e-01
-7.753642390927042993e-02
8.237005131812873415e-01
-9.560135924698123233e-01
5.114237749904487762e-01
-9.588760026003895209e-02
9.482481796288816378e-01
-6.849903881795509353e-01
9.070997679122283497e-01
6.870783755154212802e-01
-9.744167350209940182e-01
-5.796368750435404449e-01
5.698305551145589343e-01
-9.724522006263511820e-01
-4.196813529170278501e-01
9.612447024131007822e-01
-1.837754841575207632e-01
1.246910036237045549e-01
-7.343052317361457026e-01
-4.708169535389736815e-01
-7.851537825248655622e-01
-3.661589055500099610e-01
-6.393063715993293483e-01
-9.865244782227780007e-01
3.268177163188468737e-01
5.933005111489311201e-01
4.879817489621723903e-01
8.387851674604862584e-01
-9.268656420848186972e-02
-9.088193804118651631e-01
4.380962477927408116e-01
3.108616871304747953e-01
-4.553202484071339762e-01
-1.386211875581757902e-01
-2.411408174323859122e-02
-8.002769232068711602e-01
-5.604728837792446461e-01
4.682893833931692784e-01
-8.072021057730643934e-02
7.366198251097866301e-01
6.792378149885975880e-01
-1.772130444590997445e-01
-5.815307004482248576e-01
-5.554908894335527370e-01
-6.237275779528712594e-01
-6.141693726073942372e-01
-2.967976426129504408e-01
8.575629069857867437e-01
8.397607982939333526e-01
3.426982312645222017e-01
-6.479112293074786866e-01
7.174157852243456812e-01
8.223528828632000742e-01
-7.445124979670876275e-01
-9.479690703039074240e-01
7.907980918697679051e-01
-1.053052281328383799e-01
-6.904313214796531373e-01
-9.348144291793265559e-01
5.491331444678544393e-01
2.775774711033124342e-01
7.952220703532946189e-01
-5.774302794809536010e-01
-8.256616740188205128e-01
-2.379220893387974378e-01
-3.713797768976603297e-01
4.348108626721455261e-01
8.631353537284622846e-01
7.269814307173658730e-01
9.774245055301978846e-01
9.245237500620475668e-01
6.100697624411672848e-01
4.851915357808067597e-01
8.352657141978445665e-01
-8.693327031902076119e-01
-3.467712453156233110e-01
-4.222165275338868873e-01
1.391963896632005815e-01
-9.816814076375232068e-01
-8.832780413341202452e-01
6.172124909320772512e-02
7.373640279782593954e-01
6.885489516346153804e-01
-3.482240212488632580e-01
6.355942376973198193e-01
6.337677813647606406e-01
9.998398072043568341e-01
5.863871659027499739e-01
-9.269491339760898008e-01
4.059049567921101387e-01
-4.791294052647877000e-01
-5.989437739744196687e-01
9.291487721742537342e-01
-9.807644185247788027e-01
3.810510444553166232e-01
7.794565738262175802e-01
3.826366564267276726e-01
1.497386345519846063e-01
-7.368243286984550444e-01
7.098588444033863132e-01
-7.190933969822923544e-01
-6.661570040895188338e-01
-5.537572672840923582e-01
-2.494871914368790577e-01
3.386378020851383841e-01
-8.743460222198630172e-01
7.266936418136207276e-01
-4.268588566714201504e-02
-6.083375814421985162e-01
-3.673630699363857333e-01
3.018137511056338540e-01
6.180735476080043700e-01
3.883466126252304029e-01
-8.091609967072381782e-01
4.372502919554278611e-01
-4.795053014449601747e-03
-4.485740457241303991e-01
8.818739806321362895e-01
-3.024324280372667206e-01
-6.532374755595259375e-01
3.612718124206353298e-01
2.355442027342861677e-01
8.859452518461228276e-01
-1.148761931885255994e-01
-9.267266531689545284e-01
-6.148316939565942607e-02
-4.828188849153839390e-01
-6.517365872509354174e-01
6.252040562055735107e-01
6.661315561559356668e-01
-9.771988128348063629e-01
-9.773602095194584560e-01
8.510669549315283966e-01
7.167463260323893026e-01
5.580664213161097287e-01
-1.763219807034566711e-01
2.186359890546153983e-01
