7.607402788906402202e-01
3.394565068781551509e-01
-8.503362553372686428e-01
9.601097825199054192e-01
9.805400718222058165e-01
-5.979152749810233702e-01
9.712691797290951001e-01
1.781225961140352476e-01
5.967841034406797807e-01
4.159407896062222165e-01
9.281731074870200882e-01
9.456042103642836594e-01
-6.449733123748976338e-01
-4.560793541775520210e-01
5.163457634699555321e-01
-1.227802983005211179e-01
-5.786709319382044026e-02
7.097265048893814932e-01
8.038051561869383743e-01
-1.786643675048831814e-01
8.845170361051236663e-01
-5.237086173440140824e-01
6.954281734610499033e-01
7.499080668390040172e-01
9.648824580169302889e-01
-1.201745284094771216e-02
-9.903292704893084109e-01
9.481997649896165559e-01
2.750628146531975959e-01
9.618657544070279286e-01
-6.452401097785624984e-01
-4.781219395302254149e-01
-7.595494055139542233e-01
-2.042965069093488628e-01
6.981935923696771518e-01
8.889825601000912458e-01
1.211867204888033012e-01
4.823789856947105492e-01
7.258704385322320984e-01
-9.740760557944583287e-01
-5.177275593015391308e-01
-7.935085184741528241e-01
-1.638381803435214334e-01
8.879594239961748903e-01
-6.357189108772210995e-01
-9.602809505497233999e-01
9.083470273183631427e-01
-9.847588291687597861e-01
-8.415323143814301687e-01
9.033747464610584199e-01
-8.862987461450386739e-01
-8.585372384209789542e-01
-3.031275017592966470e-01
-2.040990064219724842e-01
7.614005094878203428e-01
-5.826095455839832571e-01
9.488881508775662832e-01
5.242644445260341568e-01
-2.276941620688127388e-01
-3.571509345147791947e-01
6.160300589491883860e-01
-9.666106652293707802e-01
2.427614119922308911e-01
-3.693808895759321254e-01
7.112774825389277522e-01
6.506196887742187185e-01
-9.666483436570334487e-01
-9.205745083258599637e-01
5.333512949106655743e-02
-9.007248561054426172e-01
-3.418141974956447338e-01
-8.691802461457923679e-01
1.646966254901592042e-01
-6.655612096304697189e-01
-6.054263695822583724e-01
-3.039778687547319280e-01
-8.612030415412001982e-01
7.812093003774385203e-01
-5.036165711770773656e-01
-8.439751835231134036e-01
-3.216637615982586573e-01
5.025303828975636877e-01
-6.429475889157356683e-01
7.447138171481930691e-01
9.380277087358310784e-01
1.262950889131793097e-01
1.091747154209851967e-01
2.803487005447763414e-02
-7.273878184212304587e-01
1.397538180688179255e-01
-3.265480158904741914e-02
-3.225513660813273398e-01
7.209168187040586595e-01
-8.886365459821387036e-01
9.926739914284710142e-01
1.469508163514282595e-01
9.847944626695387393e-01
-4.370030654342476062e-01
-8.664197686774298690e-01
7.201994149398063261e-01
-9.698005994178613420e-01
-2.378448150259256100e-01
-6.810743649291747248e-01
9.409602053847546665e-01
9.733721613027244146e-01
6.075242792740599418e-01
-3.875717434204272172e-01
-5.016419534806511038e-01
-3.860910751863462775e-01
-8.647005849219067120e-01
-4.218312688324903914e-01
9.463215970524203602e-01
-6.248977639099537740e-01
-8.813779823535088376e-01
9.250365028233829001e-01
-9.593540952105373831e-01
-8.823453999737581599e-01
4.414443837111583502e-01
-5.609975076938772398e-02
2.104581365008501015e-01
-6.222109588487936271e-01
2.188393631527615346e-01
7.824996967465281950e-01
-2.082276925672162105e-01
7.117960050877888412e-01
6.552424525893765228e-01
-8.148889905977391157e-01
-2.945039735902349465e-02
-8.390819860318363688e-01
6.206337539508526291e-01
-9.891744612099999667e-01
1.191611971579106533e-01
-1.657031878127116498e-01
9.855120488627995279e-01
-5.316723133939006418e-01
3.354876935271773331e-01
-3.271305873431675226e-01
8.294868553408263345e-01
-1.615449248049104503e-01
7.294147731273744606e-01
7.992832904463677002e-01
-2.575641679142696150e-01
9.744294976879896986e-01
8.963686275715451179e-01
-6.644259158197958204e-01
8.393614117184060586e-01
6.711939667957560474e-01
-9.851159069664900958e-01
6.319664405255933648e-01
-2.808547591209937244e-01
-7.378051075383151858e-02
-1.954529019533720324e-01
-9.221311617508726188e-01
4.752944976628217244e-01
-8.431672964940700732e-01
-3.725106038671581743e-01
-4.587004860597043709e-01
6.623186382614134615e-01
8.707748675722952747e-01
6.092551666449949055e-01
-3.538153201118866553e-01
4.686292587218409134e-01
9.835505539102444850e-01
-3.624933993343401606e-01
-8.192165947272880278e-01
-6.143736386327380838e-01
6.335881559477252178e-01
-3.266197413068033795e-01
9.532908769132333315e-01
-4.592606148270245159e-01
8.083090982788199153e-02
-5.477152238476253876e-01
5.789182638979062379e-01
8.348510147471781551e-01
-4.826819302096277409e-02
2.925773440285521221e-01
-3.777368859529914857e-01
-4.621227699130913691e-01
9.998439913326999662e-01
7.469236950189553914e-01
-5.920527827321053760e-02
-5.984724779607170086e-01
7.146859649494032851e-01
-6.227722446282987212e-01
-9.656214731652082994e-01
-9.732875745936911960e-01
-5.537044860383051326e-01
1.211972020086468371e-01
5.260378114785890791e-01
-5.244074797267852528e-01
5.828940994308162704e-01
-8.918336844648192541e-01
-6.727151752892432945e-01
8.797379366041839788e-01
6.439181817709930256e-01
6.203436740207700639e-01
1.762111732634099870e-01
3.008947550211310551e-01
-8.768790938192142503e-01
-5.576639945698443901e-01
1.570624565600690914e-01
5.970098965371570809e-01
2.578891079767533512e-01
3.413402206976693942e-01
-1.671772837734553097e-01
-3.443595090147257842e-01
6.777189652957389676e-02
9.486774221316854883e-01
-7.292749247161782744e-01
7.816038393835479381e-01
-9.532125137383986591e-01
-8.046511193602682299e-01
-6.853963967900553733e-01
6.952169969820810591e-01
-9.638010753359180782e-01
3.575979909096715925e-01
-5.559264487309604208e-01
4.322599392531581985e-01
-3.245169814228268668e-01
-3.438608399646461700e-01
6.963224003660997141e-01
-3.034787384596157600e-03
7.329610997678824846e-01
-8.529959112862355308e-01
-2.741354413453475636e-01
5.083101202221698145e-01
-8.623014962151802631e-01
1.625120087823620496e-01
1.006608352653997063e-01
-3.496487280344897641e-01
-4.386713652948071029e-01
-3.759913969885513296e-01
-3.675085245359068775e-01
-3.036503984124150346e-02
-8.844736392245626799e-01
-9.902563372221602211e-01
9.308312896728285768e-01
-6.748982970899652933e-01
-3.523005275380397538e-01
-4.727692423367130248e-01
8.940956086724315410e-01
4.676749732373767232e-01
-9.648468227623361315e-01
7.892427707871032538e-01
-9.799165668865524870e-01
-9.831664412138310105e-01
-7.463377298312483532e-01
1.493408259301325924e-01
4.743772235989120456e-01
6.302559481104672567e-01
-8.034789921923768397e-02
-7.750232075939054166e-01
-3.470627657142766886e-01
-5.291574762369157803e-01
-5.843680361149672375e-01
8.038924910380127464e-01
5.614453834904961083e-01
2.086641844621830999e-01
-7.719493651002025114e-01
-2.221672016561238028e-01
3.351014561928132296e-01
3.803397816324566860e-01
-4.174065714772430269e-01
3.442882699969933569e-01
4.943436197650279973e-01
8.543568569891794029e-01
-9.641552109235305146e-01
-6.429552049721745099e-01
7.025106762962483042e-01
8.745828048759199946e-01
7.592032424976554728e-01
-8.607330386346477846e-01
5.159617861632070923e-01
2.891252724437933241e-01
-8.627865216172833085e-01
-5.774822008157760589e-01
5.950656626216099809e-01
5.495066969339197638e-02
2.650552477771268012e-01
8.703076704229937288e-01
-3.963175645084870968e-01
-9.299120184962911262e-02
4.650977768597786000e-02
-5.012482341543559317e-01
9.357544148286909280e-01
4.413296927471769271e-01
6.795282942631021283e-01
5.643537574787520494e-01
9.005561617049100409e-01
9.017378270175936406e-01
3.465866245558087977e-01
4.560474539638745828e-01
3.789604814697258850e-01
-9.692694621481667827e-01
8.608045025673618511e-01
-6.065179924197900974e-01
-9.538387674167783659e-02
-8.389020169391924187e-01
7.615075256671585135e-01
8.352431387361562987e-01
9.827857848888407188e-01
-1.761727346501396063e-01
9.454343826204060219e-01
-3.778122361199587331e-02
2.019363520783301891e-01
9.776082996594065433e-01
2.331828547608645608e-01
2.108173113342562410e-01
-3.610990134063235546e-01
9.056214158285409432e-01
-3.301798614484592331e-01
-6.322087361402607408e-01
7.302561555761716283e-01
-9.489860329891489643e-01
5.874495279297693440e-01
-1.583016589563340792e-02
-6.208863749541986277e-01
-7.555668182399255528e-01
-9.064740418069645589e-01
-8.418157967428906430e-01
-5.313433644431794223e-01
-1.490091543732545154e-01
-8.744991685346940047e-01
-5.562662406212397492e-01
2.410241466699891699e-01
-5.230723248057261854e-01
9.774819794470344103e-01
-3.025110793836215395e-01
-5.347435485712658254e-01
-8.160774272807342911e-01
-1.833210034168832880e-01
-7.242774257292834417e-01
3.094023216817879396e-01
9.056536654908240447e-01
4.045795771679310260e-01
7.884985117441272173e-01
-7.898845338556286233e-01
9.014368103977319358e-01
5.481316153180486594e-01
-1.652833452597893271e-01
-3.079295973121387031e-01
9.611473495299780456e-01
-5.110202433959915025e-01
6.047926848560599700e-01
6.913989553840808044e-01
6.683538417903285289e-01
1.318855471426142456e-01
-9.496217049362801754e-01
4.494560760042840553e-01
4.255185691440047102e-01
7.664239317335523882e-01
-9.803444309483111407e-01
-4.840227657026977548e-01
6.120204861058972101e-01
7.612143879841100080e-01
8.677599674821148135e-01
6.479858324848983830e-01
-1.991646609518320510e-01
9.590641467467013737e-01
6.093909929670414671e-01
7.585082766697367473e-01
-4.534526571569603148e-01
-7.809853039680646480e-01
5.551040727760228055e-01
-9.447585912600523494e-01
-9.947707518091309931e-01
2.056224689360039715e-01
4.983694256176252058e-01
4.604856510815316106e-01
1.158787648261032088e-01
-6.466049404401476020e-01
4.988616544989594170e-01
-7.284191477758918953e-01
-1.652619496818486522e-01
6.217675521254015791e-01
-8.391271245585456562e-01
-2.654950892631052772e-02
7.963097620133335885e-01
-3.326089242818042191e-01
-5.132093745690884390e-01
-2.084765584097776625e-01
7.782098576369594900e-01
-7.492870963899793679e-01
3.354914072873787512e-01
5.506665237892074405e-01
-3.506344385956545184e-01
-7.099151620110153438e-01
7.697509373768168794e-01
-6.075175124584677455e-01
-5.211627068325666023e-01
-9.600223705527122231e-01
1.367505970611692656e-01
-2.711996823211048069e-01
-3.203108691895213966e-01
5.061994036426400445e-01
4.374066785490061671e-01
2.270368195169952807e-01
7.212541785851729337e-01
-9.896515145988267204e-01
-1.970300336776585337e-01
8.913970168082206991e-01
-5.234730234678828253e-01
1.590805128683549230e-01
-1.925844487011688644e-01
-1.605998717775066198e-01
-9.922137571436671077e-01
-3.281317488577835673e-01
-9.461046014129643744e-01
6.057409785185801088e-01
7.200796290920563614e-01
6.216800831426128049e-01
4.740856075409483061e-02
-7.311086948117255790e-01
9.446887693615566572e-01
-5.421401217804104888e-01
-1.256971888580802332e-01
6.717314067769835084e-01
-1.702401190849496260e-01
8.650050613564896906e-01
-7.143641656162134090e-01
6.079168409128286044e-01
-6.407907386547572193e-01
-2.201401720653365923e-01
7.784106778016771644e-01
-4.286099631531608001e-01
9.512604461943163781e-01
-6.694427536227763875e-01
-7.827655769375133632e-01
-7.682471306233897845e-01
-4.999586800452184288e-01
6.828854694719134200e-01
4.023094615105137217e-01
7.151554105492907709e-01
8.738734935479506305e-01
9.898863869119103320e-01
-5.268247932594637417e-01
7.223227944429498892e-01
-8.079569303351840093e-01
-3.195892340059873216e-01
-9.972015028881244803e-01
5.067083187384415766e-01
-1.972410221612915793e-01
1.748430693528643665e-01
2.426921963016684392e-01
3.958938844789954281e-01
-2.488055379815616308e-01
4.961033305570803353e-01
-8.146063615568965854e-01
-8.184041355529129147e-01
-4.836327387459761207e-01
-9.707666408205835040e-01
-7.124144129103981982e-01
9.439780919093031519e-01
-7.490740634313373114e-01
7.773072556231677144e-01
9.509813212200042276e-01
8.855920038798874572e-01
4.760926356041308982e-01
6.331008946478891009e-01
4.724057420338276803e-01
-9.654076628837362506e-01
7.120277193337319899e-01
4.557164721772015148e-01
-9.897863647355571448e-01
4.416500307208713338e-01
-3.969617439129460856e-01
-4.041898783869374290e-02
-8.291238914279228656e-01
9.169707917673420861e-01
5.177833607582331688e-01
3.730829070596650698e-01
8.228666515659580627e-01
-5.461067179573556585e-01
-2.546923930846443640e-01
5.872173327781095020e-01
5.675826695309432735e-01
8.186293501104318082e-01
-3.778121225095324442e-01
4.628175192622731027e-01
8.822088404047894183e-01
-5.518344211685091150e-01
7.139006504650139417e-01
5.472242703678305009e-01
-6.740344768171591117e-01
9.129725985756388384e-01
-2.421364889792334552e-01
9.547117223050486379e-01
-4.063114384139145385e-01
3.886281897240728700e-02
4.451065787249354755e-01
9.691912198669661027e-01
7.288581617043351502e-01
-8.323408638357312483e-01
5.152537432539329165e-01
-6.546758359557568463e-01
5.507664127437315038e-01
-2.826959663575293047e-01
-7.792472078270435976e-01
-1.943944361367263840e-01
-5.771897217354422516e-01
6.000372187095938115e-01
-4.120863114759562018e-01
-5.633313429252442273e-01
-9.783246263461677916e-01
-7.826389962751752194e-02
-8.057936240327044919e-01
-9.459684158651721075e-01
-2.993742363045825972e-01
2.082098966354411218e-01
4.793016904494920571e-01
9.543191934644888741e-02
-9.002671505433003096e-01
3.718594919020379863e-01
1.632779650727403387e-03
9.207711745546589555e-01
6.453638312779531594e-01
6.414896953284499048e-01
-9.006689907209148860e-01
8.229333160769168876e-01
8.902270673896623965e-01
6.039719412092752204e-01
8.396584261499485669e-01
-9.244137975240671601e-01
-5.915978773852696992e-01
-8.607335637046303889e-01
4.283714506903562591e-01
-3.775604473276975015e-01
2.519885089065809214e-01
4.825978803661852279e-01
-6.992710056426181264e-01
-3.997551290624175024e-01
-7.168634279597048131e-01
-8.222545906688982775e-01
-2.833463837781270978e-01
-4.000373703097251932e-01
4.099309797000604827e-01
9.258519592633690509e-02
2.420366645665825156e-01
-8.451971077551033718e-01
3.971923583866349139e-02
9.586828602020556200e-01
-7.337053747637199974e-01
2.995941121831346421e-01
-9.816351775949625491e-01
4.433181777453108485e-01
5.782889634170713666e-01
7.614962750199547603e-01
-5.618481423718040269e-01
9.426957286090688060e-01
-7.909856190373295570e-01
8.920681783978596791e-01
5.903209574414950422e-01
7.570433989691327525e-01
9.261524023892565571e-01
4.730172803413361104e-01
2.246582299731784138e-01
9.871723437507209375e-01
7.730607967296714289e-01
9.792373855601044230e-01
8.679970462609485349e-01
7.828146847235205597e-01
-7.912654643689104317e-01
4.765497528391776649e-01
-5.327641343082204495e-01
6.180518289526593101e-03
9.610373907179962094e-01
-5.351286378149558987e-01
-1.611081642856435625e-01
6.986480574019463541e-01
-9.552648893293514964e-01
-4.499256026988204260e-01
4.723559007464679382e-01
-3.110234931815225590e-02
-6.361183160241878909e-02
4.991881530917211540e-01
6.278175759998350092e-01
-6.692713627567932200e-01
-5.217357526749382135e-01
-5.439946251980447567e-01
-5.765733982824530202e-01
6.279307984294484335e-01
-3.888794326341229457e-01
9.630651080549637033e-01
-5.572510038202488358e-01
-9.074002032293708719e-01
-9.988772398875171987e-01
6.412984494303741734e-01
5.252526798597595414e-01
-6.265827346598626946e-01
2.977072917112947303e-01
7.472249992490698212e-01
8.622549094708849005e-01
-8.639092092650220156e-01
-9.711528843063701455e-01
-8.980569114037778577e-01
5.276623900320626115e-01
8.655945728855866106e-01
3.742482790669637849e-01
-3.811840834816737633e-01
8.827726682210761400e-01
-9.713646435745402208e-01
-4.798848402017716341e-01
-3.472667926282482220e-01
-5.933931779573272669e-01
-8.469855776364298983e-01
9.721585015846152533e-01
-9.225052294813337883e-02
6.618097841650442126e-01
-2.179717701664857232e-02
7.806967007845907469e-01
-7.389885672063677413e-01
-6.118366973403064346e-01
-7.165837582188482324e-01
9.470332795770012302e-01
-1.920122921343556111e-01
-7.378222564279456330e-01
2.368456936322721473e-02
6.446791324461844663e-01
-8.958048941417341426e-01
-4.356386432821679477e-01
3.781455919826220979e-01
2.229504231772214129e-02
8.902475747866824829e-01
-7.183973936589760356e-01
9.892652009172208105e-01
4.831779442460605312e-01
-3.660603418293391642e-01
-5.287764286376872569e-01
-2.534368637142958014e-01
-5.735931795488957707e-01
4.901855805850232617e-01
-8.048561356894177177e-01
-9.161198143926736481e-01
5.723895709058537395e-01
-7.527873648338705426e-01
2.555623759383411908e-01
8.677411218622159694e-01
-6.949784080639171968e-01
-4.481492852632500135e-02
9.038876977359898701e-01
-4.407034649295110129e-01
-6.799037349134515740e-01
5.518860630827407965e-01
8.661548427365868275e-01
7.838954885757842828e-01
4.206238737764930180e-01
-9.167666813969155282e-01
9.434300785351386054e-01
-7.701371758748967178e-01
-9.741895089820910014e-01
7.209254582228625807e-01
-7.024920589486582934e-02
9.587162424950959050e-01
-6.876035916873792786e-01
5.574988994134331133e-01
-9.347708496094919717e-01
6.360777674791796565e-01
-4.065533186752817718e-01
9.482110955823016551e-01
-2.504681111199541510e-02
-5.835232762061883793e-01
-9.427702125886470164e-01
3.074334432076279988e-01
3.937626512636914766e-01
-7.350297533424361429e-01
6.625121966508582538e-01
-3.376004727827893181e-01
-8.824589487071092808e-01
-7.033979136386583342e-01
8.515344632276724557e-01
-9.157489135640076716e-01
-1.805665879351679437e-01
-3.262503476026399896e-01
7.802814084462855737e-01
-9.765238898517228927e-01
3.904264973854467691e-01
2.915703072609328039e-01
-8.456110346589196247e-02
5.700994678226593004e-01
4.150311838243719853e-01
8.366951147351197049e-01
4.269859438158058462e-01
9.209463712882758335e-01
-8.079536175610277926e-01
9.367633897537874788e-01
-8.597703313249964729e-01
-6.401873260491531825e-01
6.441750823563049955e-02
-6.004083017527013233e-01
2.855539918247155251e-01
-8.248968198622064207e-01
-1.258212329202500479e-01
-1.934722405607146312e-01
-8.047361155145538181e-01
2.174173141902043666e-03
8.713754775845323763e-01
3.110170904468934072e-01
-6.932169152589365835e-01
6.305229257858147029e-02
4.701114498803596331e-01
6.541142733372621310e-01
-4.591885510204780640e-01
-4.827845213589405660e-01
-9.861332173251360356e-01
-9.471694228752001177e-01
6.523410788640380265e-01
3.921966097503327697e-01
-3.994026678448606704e-01
3.038837895875747819e-01
7.410308976262288683e-01
-7.274908505887184296e-01
4.399278423025766438e-01
-7.580659083421844580e-01
-7.575082920527868025e-01
6.778858110745650256e-01
-4.904142858083777590e-01
9.605364890540569744e-01
-5.107975541968650113e-01
-8.704165766204372545e-01
7.984231209260863604e-01
-6.653265123213427668e-01
7.245595648400400268e-01
-8.780356580833305058e-01
6.717446576654970691e-01
-5.502488311597691917e-01
3.857923183340581930e-01
8.646951759809222704e-01
5.720116518323903332e-01
-9.848536150268897282e-01
2.657822068226135537e-01
1.383142990237037906e-01
-4.738099207378725364e-01
3.998894021013681410e-01
9.671787535909028843e-01
-9.164278429407111126e-01
-8.306225678961440817e-01
-9.125000242746572621e-01
-9.138923017204793053e-01
-9.881188310104038752e-01
-4.077868589270420285e-01
5.073507806907018303e-01
6.238548392221718863e-01
8.453090836615375636e-01
-4.180781644881346737e-01
-9.705964832252708119e-01
6.135767613184921476e-01
6.718500964924114527e-01
8.770885378424825296e-01
-7.259685825143054050e-01
3.375167655746114104e-01
-9.803726200926989043e-02
-7.755500203569734019e-01
-6.272152137893067803e-01
-3.331768378487719451e-01
3.821033619807787662e-01
8.442438203105218086e-02
4.746407877856090307e-01
-1.885514766496813877e-01
3.463813124894261630e-01
-7.123108644760076658e-01
-3.932531651426098285e-01
7.669250667781267738e-01
7.610094039941134314e-01
5.492154067749156487e-01
6.681581112016984347e-01
6.585874045488978590e-01
-3.489323700138802220e-01
-8.916825365421077176e-01
1.442237671765047580e-01
7.664521604922891473e-01
8.561826718177012463e-01
-7.027410729270577860e-02
-8.426671956087904425e-01
-8.933545162831006969e-01
7.417306878264094960e-01
-9.604718567638204085e-01
6.261856572535423604e-01
-4.677903766428097576e-01
9.379628084195212878e-01
-4.744521321411179771e-01
-2.708218154717223491e-04
9.647517689448820155e-02
6.948303103319595220e-01
-2.636552470964648731e-01
-9.430897287156495556e-01
4.858887491711251227e-01
-8.144782372125204395e-01
5.751427299345952537e-01
-8.256926016616441544e-01
9.933052085936633357e-01
-7.086846915210919251e-01
-6.317653201722421841e-01
8.819812394595764882e-02
9.406826064378371877e-01
4.121881060783750828e-01
-7.288783331881302230e-01
-6.520772128071992135e-01
8.790717985530118739e-01
-9.949712507031827080e-01
-9.514775132171772176e-01
9.511711352438029232e-01
-7.145957903314946735e-01
-7.495198057937895175e-01
6.055772642901167124e-01
-8.412500204711228502e-01
9.298203359905026222e-01
4.731240337997654755e-01
-1.189230028006360018e-01
-9.135705560685556392e-01
9.390127183248285769e-01
-7.732243944473879971e-01
-1.693526940235334788e-02
9.458739546001316834e-01
1.755096557660095757e-01
2.938792484298049512e-01
-6.157981141334704089e-01
7.831439295735398431e-01
8.653570819746193576e-01
6.074129163735921821e-01
8.404529269805073310e-01
-9.725051070122359143e-01
9.751104098433167611e-01
-5.529464179174001792e-01
-4.001679499405605966e-01
5.747023663957764317e-01
6.057846640605242250e-01
5.096357103382085363e-01
-2.513245166424743493e-01
-3.515289270504459163e-01
-7.604179422700106938e-01
2.432508129104794525e-01
-1.194069307947467906e-01
1.539916929299936510e-01
9.506057893446957507e-01
7.447824182356558298e-01
-9.228237955267197812e-01
-6.148032714678073329e-01
-2.711369080963835776e-01
5.091625786939462106e-01
-6.209982231361195204e-01
5.683870846452813153e-01
8.256483840273521890e-01
1.963839254469995632e-01
7.257066121678465986e-01
-7.157134958830816407e-01
8.086939041573544262e-01
-5.804519485602077644e-01
-5.816771163940148703e-01
7.376555365949740706e-01
4.437489380661035487e-01
-2.836639712813132097e-01
6.331174031550892423e-01
5.704860995118752331e-01
-7.351452108362511728e-01
-6.598318045422488787e-01
4.692452524445556161e-03
-9.537034912535719000e-02
6.328853346791909473e-01
2.749545937471383761e-01
-2.914116494024412418e-01
-6.813477434997439186e-01
1.486525225214643253e-01
-5.553287400161802667e-01
-9.603792842304121891e-01
-9.050011877081588496e-01
7.086887983716496642e-01
-5.813130170115901052e-01
-6.135879681305786981e-01
-7.433260304770603621e-01
8.767331873794975694e-01
-7.189693240793613160e-01
-7.133003007127652895e-01
7.955554986142605589e-01
-8.227426255513750064e-01
-9.352677519940824080e-01
-1.092835179820852431e-01
-8.652359888121109455e-01
-9.626722136995039536e-01
3.324262245992458398e-02
-9.658646886004496057e-01
-3.662622419030284182e-02
9.845511368218233805e-01
8.109785175360757492e-01
-6.893368593703045333e-01
-9.196105999670285414e-01
-9.766271169827548393e-01
-8.188190787469523668e-01
-9.562017235352113786e-01
8.261785709315325743e-01
1.104252392483944800e-01
-4.307336670818534552e-01
-9.250037414577471084e-01
-9.443191554965248979e-01
-3.181805933478023540e-01
-8.829128528967628009e-01
-3.768753976660048632e-01
-1.017746320380193970e-01
8.761968733582632396e-01
-3.003908652579385663e-01
-2.968907456038318848e-01
-4.574597857771950937e-01
-3.796566868691803598e-01
-6.323525391228859149e-01
6.573873148515079201e-01
6.997582323120973280e-01
6.287838082414145546e-01
1.324624023374962878e-01
3.239613215647043076e-01
-8.141460338075942049e-01
7.322250049923023640e-01
6.472129136773575597e-01
-9.491514177629800653e-01
6.847331834572785159e-01
-9.691134997139114748e-01
-8.138863317632029082e-01
7.947118503843905168e-01
5.821138321143124461e-01
-7.359953360010501600e-01
-9.435648427427556495e-01
2.818181577859729114e-01
5.107554413497440438e-01
7.422738240322608316e-01
8.432477438347560916e-01
4.793647944616770129e-01
9.269010196741891416e-01
-1.556927189662883071e-01
-8.112906944607632953e-01
6.368255185911000371e-01
-8.603628352801913071e-01
-6.580677941158024069e-01
-2.840892222275265278e-01
-4.866723389811113964e-01
1.751348722056864093e-01
-6.929610052569741274e-01
-7.305176509441607680e-01
4.788481016845290705e-01
3.925617722804776166e-01
-8.886504446594484241e-02
4.914937312564476857e-02
7.128258785593433178e-01
-8.019856577953407006e-01
5.586370089490267921e-01
-9.579369105694751640e-01
-8.951408587423710372e-01
2.796800358829909516e-01
5.525652902931095234e-01
-7.440784262770965274e-01
-2.621959459685571092e-01
3.054995953201652403e-01
-4.081955475146750167e-01
-3.349427161041129142e-01
2.201969699725781493e-01
-1.392849718447041196e-01
3.525297556689358514e-01
9.800701953343630146e-01
-7.740475770039150216e-01
-5.991585503964371728e-01
-6.758958738101574770e-01
-8.705446358232573623e-01
-8.945841926220334805e-01
9.602615909948074568e-01
6.297753853484978626e-01
-2.389844658332913596e-01
-6.006910323031871002e-01
-6.494057030682020004e-01
1.316094835358103121e-01
-9.541134163201113738e-01
-9.982488560453784965e-01
6.908986570587187792e-01
-8.273154698417022335e-01
6.742026624515649047e-01
7.262100469522472235e-01
-3.756327819782140365e-02
8.482619530265760321e-01
1.551566487171366360e-01
-2.425794745975600464e-01
2.661342391269885810e-02
-4.036705015404707941e-01
-9.502540513052621929e-01
9.035012322697777432e-01
8.036994716372899417e-01
6.295970064465938876e-01
8.007367324076504200e-01
-8.495314840139769341e-01
-8.444250445852647946e-01
8.065090022037686435e-01
7.884931902356692168e-01
-4.830559021274798415e-01
7.878875892794783287e-01
-7.751616827913487828e-02
7.573702125265806551e-01
6.926178157384462741e-01
8.164917847710744248e-01
-8.616079913870919871e-01
-6.285729163329512037e-01
7.212053552431189063e-01
-1.246493288762220430e-01
-6.728847603069991745e-01
-6.233843768521385442e-01
5.883646286075833176e-01
-8.655370520996913397e-02
-7.476529589090212813e-01
9.627842598094565885e-02
3.830697953448636839e-01
7.523812562250756786e-01
3.684017698936994378e-01
2.694382915851384341e-02
-6.299663927103383854e-01
-1.317424694685666031e-01
-6.488595581021187053e-01
-6.536255744319197092e-01
-8.614578278812188294e-01
1.832089454725261135e-01
-2.833584702670699507e-01
-3.952640064070106485e-01
1.528468506755730760e-01
-1.829842769316167295e-02
-7.850361041133758766e-01
-8.482097032218542942e-01
7.189188610467200924e-02
8.823971119869745694e-01
9.737477472249924659e-01
-8.207077390753994006e-01
7.150489869842906465e-01
-8.127281132442516487e-01
-2.090161797152912393e-01
5.332865747548980462e-01
7.659553424298519708e-01
-4.410158341544522798e-01
9.419336148078583104e-01
3.092860391227503225e-01
8.737858459590315263e-01
2.498757234814542039e-01
8.935346911298277517e-01
3.615469407291101167e-02
-8.357325950543577076e-01
-8.228147890596186897e-01
4.859672538747652482e-01
-1.568351393833984364e-01
-8.527085645770464684e-01
-8.189244020311260419e-01
1.229303762779705711e-01
-4.000343678982307694e-01
-6.281528311164812362e-01
5.771184615002554752e-01
-8.797326704467141045e-01
6.312140316866773210e-03
-6.027891035305508183e-01
3.652872841128645964e-01
-9.129075863377155153e-01
4.063476501007781128e-01
-5.202920895411990987e-01
1.564986905137629725e-01
2.296570065020593909e-01
-4.829842534446227575e-01
-9.120479708014117559e-01
7.095354246304963475e-01
3.280290665878066170e-01
-5.780395495333168210e-01
-8.311242224100793274e-01
-1.443307269843450702e-01
4.432776229077333707e-01
-7.479250817975928722e-01
-6.705834525913292321e-01
7.291979230713371285e-01
-9.655999914892512415e-01
-3.306008633872515867e-01
9.867490610580877952e-01
2.226278765010008542e-01
-7.949813525292924732e-01
-9.931053252662432884e-01
9.360099410291281563e-01
-7.055755054429027062e-01
7.745341431997957438e-01
-4.440637254809158829e-01
-6.575799974342179111e-01
6.732146484222797378e-01
4.037595737580161881e-01
-6.155284596118492102e-01
6.428945092490314650e-01
-7.025598501073971880e-01
-3.876862438360434426e-01
8.535120826803954674e-01
-2.547691463440150406e-01
6.981514907347191601e-01
-8.248578651413274176e-01
9.749669062646810769e-01
-5.064085931407305008e-01
-8.497153059585471624e-01
-1.507836101936226025e-01
6.530090895595906941e-01
-5.745863313556941465e-01
-7.765557889294772975e-01
-8.704888965129561340e-01
1.008787512852376139e-01
7.625061453218308083e-01
-5.539427967430663458e-01
2.210099657036698195e-01
-9.884085886457691927e-01
2.261981146322400438e-02
5.532508526765645973e-01
7.954001620053048338e-01
9.661087638201599770e-01
-6.426769324645646986e-01
4.761812296202101447e-01
-3.609353323657915613e-01
4.316095163614773744e-01
-7.645581964513757933e-01
-9.942930901192355009e-01
-4.230234493038116383e-01
8.250447083354175426e-01
-7.449676866255364738e-01
-1.174649411917888520e-02
4.567473879116643598e-01
9.383440682488346507e-01
6.803987191846977423e-01
-5.940838715463708786e-01
6.447097723722350349e-01
-9.476963652741002830e-01
-9.855974590386347156e-01
-5.988872211595308581e-01
7.869951135730761660e-01
-3.936089491003108565e-01
-8.086496217868901493e-01
-5.125592754284401531e-01
5.795992260840066024e-01
-9.887679114837089056e-01
-6.645320160727774539e-03
7.671340184113301097e-01
7.439129398379751290e-01
-3.586889160224515094e-01
9.529338808491181201e-01
6.056295134953417758e-01
-7.575855550761591006e-01
-8.375703621090863082e-02
5.431521081848835752e-01
8.863475670741925994e-01
-5.671860156835056843e-02
2.262992014732101986e-01
-9.815398671160739941e-01
-7.547986517640767890e-01
-7.871284033556104065e-01
-8.636203326989052576e-01
9.680657834493540115e-01
9.869634694216726789e-01
3.642420101651477893e-01
-2.469101525880088022e-01
-7.965256177764060697e-01
-7.372305073061142799e-01
6.335618598796450840e-01
1.338851374107342396e-01
-9.420654180955712054e-01
3.286869571900239428e-01
-1.411536287569470915e-01
9.009078441725597575e-01
-4.667554843710903789e-01
-8.665898832795855267e-01
9.699221116642087193e-01
8.979517496843434365e-01
5.711488496136704063e-01
-5.241786634862627414e-01
-9.917482239511070663e-01
4.524035038686723409e-01
7.953419489288364730e-01
-7.365027567834399047e-01
4.063817591558989695e-01
-1.752370126415201956e-01
5.738977612613946899e-01
5.043719172428128283e-01
-9.470037577501708714e-01
-9.419880802497884176e-01
-4.097848812081441028e-01
8.146772407641044156e-01
7.157962185033317493e-02
-8.021548212475072548e-01
9.914463338294873251e-01
-9.157171138596625903e-01
7.110771097810331121e-03
3.312911987033586581e-01
-3.255862910441391644e-01
-3.962259413273099273e-01
-6.900463201369370081e-01
9.295367595257291171e-01
5.735056298161372856e-01
4.135724858389974723e-01
-9.081149531489174365e-01
3.625830391294296851e-01
-7.334667262469730664e-01
-7.251222873484368669e-01
-5.534844690607938489e-01
6.649737488275584418e-01
-9.695086070792817701e-01
4.300797584113274508e-01
7.864030599479220340e-01
-2.982735936001040256e-01
6.705201899946383604e-01
-1.204099505354777055e-01
-1.920703174661663737e-01
3.052300738502408683e-01
7.768955097080321170e-02
-6.597869246132294085e-01
-2.598642198225000199e-01
8.378354628866840903e-01
-3.784175875396887934e-01
9.642375374074658723e-01
-6.391409697770730203e-01
1.563519518889467941e-01
-6.339133574330686471e-01
7.433709332669817815e-01
9.966875850886574018e-01
3.374615744942778273e-01
-7.823524697785819715e-01
5.773247284569145155e-01
5.975639312535533376e-01
8.703137479242950558e-01
4.586292890518658960e-01
-8.175973424117788380e-01
-9.489259183069949088e-01
-9.305385137001240814e-01
9.870496586262432759e-01
6.673752777242265566e-01
4.171268338899401518e-01
1.424620265635776761e-01
5.369218868304596048e-01
5.358494561925919442e-02
-2.599458025533380456e-01
-6.990706340693383369e-01
-9.326690488773574650e-01
9.006088243759576839e-01
7.273879019627288445e-01
-9.367342787711351315e-01
-5.282479341429580089e-01
6.140693858348854617e-01
-6.672558222171566245e-01
7.125480392772949312e-01
2.712479073197633372e-01
-9.239200313111773921e-01
-7.710443408999018144e-01
9.503290382956659510e-01
5.671897230255582012e-02
5.114654628324357688e-01
8.502574726111072900e-02
7.126702369114955582e-01
-9.733592833446093051e-01
8.110672716562433715e-01
-6.901296484796377584e-01
-9.220032352769630402e-01
-8.905077413179812718e-01
-1.106534815109949110e-01
8.302981040869498175e-01
-4.428546827219270732e-02
-8.280164214378561427e-01
9.459958494858882183e-01
-9.979370248235398533e-01
6.088122342748840676e-01
-9.258804775862269354e-01
-9.429745867510050950e-01
8.718743023022466065e-01
-5.945153679591139717e-01
-5.339450768192498531e-01
9.903351502753632296e-01
7.285223026954321668e-01
7.307385930444587618e-01
-4.649545005424546296e-01
-7.258082897986362081e-01
4.433936099173247380e-01
5.997586716077007996e-02
-8.109971262168719219e-02
-7.560161925346510214e-01
-9.449567471268813801e-01
-9.583793491121959107e-01
6.028959123224425509e-01
-4.382943725450247907e-01
5.851215569967189722e-01
-9.038565337458140947e-01
-4.346128796996880372e-01
-7.152954766878478754e-01
-6.849736573179285859e-01
-9.879603762603255124e-01
9.904278142175507726e-01
-3.687156206134610814e-01
-4.299325380444805056e-01
-6.281808366612875449e-01
9.443124685902745119e-01
-7.223563899932193832e-01
4.184463961215606487e-01
-2.834578585308223375e-01
8.686334006090369320e-01
9.920094775695509348e-01
-9.073147732845363578e-01
-8.268662613127382155e-01
6.613321733234923672e-01
7.475275577429354446e-01
7.350936969010701816e-02
4.111913592970416476e-01
9.196172789543952675e-01
-5.277810956725251801e-01
-2.315238078743059036e-01
9.637322699929986580e-01
-3.714128249086093292e-01
-9.726427587488323256e-01
-8.622628883068886863e-01
-5.116367805851845807e-01
-9.381067663043218818e-01
-7.370753020994729177e-01
9.888613799893354317e-01
-4.115262262508154745e-01
-2.873894218338038931e-01
8.043482504990686621e-01
-4.063826206597453972e-01
-6.607464469023495157e-01
-1.473292337957973763e-01
-7.670623016233335534e-01
5.858632625889605983e-01
-6.783958063747796974e-01
-3.480228691139641284e-01
-9.152521874160162163e-01
-9.241287461507452505e-01
-3.945328265584060468e-01
7.582825663804859673e-01
7.798093705086103222e-01
-8.157286553857937550e-01
6.529964594965094182e-01
3.173176867289010383e-01
7.951213200141579174e-01
-9.830528037565312571e-01
3.605135325685528414e-01
-4.847328514371138097e-01
9.064902403690373589e-01
8.732175984519834344e-01
-9.387996616932046123e-01
2.343174821439988897e-01
9.900137698790169027e-01
-5.358503278720397889e-01
9.323262188293033326e-01
-8.068094963792304952e-01
4.876224157968759298e-01
4.210021615120514982e-01
-8.720933278860940607e-01
-8.930265281238176645e-01
-4.087368444136676437e-01
-2.337650536878232987e-01
-1.220165627153213528e-04
-4.712898731916592698e-01
9.538547800569696644e-01
8.471882719244300253e-01
-8.727788105767763094e-01
-9.224125211227591770e-01
3.876520976251504047e-01
9.241999264048044171e-01
-9.411180267095973218e-01
-4.523844762816947584e-01
7.203177901607860090e-01
1.126125385702138187e-01
-8.296224209535886240e-01
-2.553107107274286136e-01
5.479885026581414742e-01
-5.567602105006025370e-02
8.537906417041265517e-01
-4.745902864942885824e-01
2.166314761813326051e-02
-3.620652868121464474e-01
9.767286996409330069e-01
-9.535442606183767156e-01
-4.249205925676066142e-01
8.882271073727037169e-01
-7.571217403982062333e-01
-9.079969673354155724e-01
1.466671458462479871e-01
1.759231959952578528e-01
9.778904639470609172e-01
6.054500562912520367e-01
-9.517699458310778793e-01
-8.115451803176487733e-01
-9.541750386742715584e-01
-3.680279439354717796e-01
9.144707936075480159e-02
3.639703907794772375e-01
-7.441827751845820904e-01
-8.276699459056753305e-01
8.805563400545964869e-01
-6.704719639923768515e-01
-3.053116339661152145e-01
-5.647043787668755144e-01
-4.755234141240579637e-01
8.777020458073725440e-01
8.985824531182813324e-01
-2.532647054441720114e-01
2.017188631340672278e-01
-4.775769578359183587e-01
5.246115109302293966e-01
6.948904763255764339e-01
2.550132791168800428e-01
6.281290460667809938e-01
8.641032648769962909e-01
8.940343064859515021e-01
-2.533842668915101681e-01
-9.748404170473795594e-02
-1.056225936091198525e-03
-7.266077872273724036e-01
4.672902069242329537e-01
-5.678201066219950022e-01
-2.258771382913229986e-01
-5.305063914230953026e-01
9.224739954595815306e-01
-8.061976281701270786e-01
9.471820709997790244e-01
-3.183842317523409848e-01
-5.091105575031189545e-01
-4.946902160113481051e-01
6.860972588820013485e-01
9.324671851570236480e-01
-3.478061929364186788e-01
8.948871309675147101e-01
8.607137110951078585e-01
-2.303905612721841856e-01
-7.031591448954259693e-01
-5.805842363269033690e-01
9.631756752071144456e-01
5.597766797429746255e-01
8.536164012766088716e-01
5.087001832425690206e-02
9.909396770426893708e-01
1.074640740112393633e-01
5.866885282485970743e-01
5.836910562046387918e-01
6.948094530299669946e-01
8.370329914442725672e-01
-5.716975274224650461e-01
8.710270382768096065e-01
-9.554244774532483220e-01
-9.560194379593232039e-01
2.656653924698683111e-01
-1.147247759139669032e-02
5.470303616812643988e-01
5.889185057516874711e-01
9.443479475155334146e-01
8.440477046750196610e-01
4.841257073935910649e-01
5.775154626365810451e-01
6.900663193535738760e-01
-1.134214691563964206e-01
1.342401446146118671e-01
-2.195511090104558527e-01
-4.495509652795450228e-01
-7.443723699915671954e-01
-8.093456679466296544e-01
-9.833674301013266561e-01
-8.711795993636858304e-01
-9.932469501402771961e-01
-8.497921513874614474e-01
4.543405037736595875e-01
-1.782457359894874804e-01
-9.606345644808950146e-01
-7.398769083810170510e-01
-1.234709056583434550e-01
-2.632871859969780348e-01
-9.108338888528688670e-01
8.820150773748045570e-01
4.164262285348139248e-01
5.692889158880669598e-01
4.197921355260124110e-01
8.571463854310379382e-01
2.346866184676596190e-01
-3.280151181863837362e-01
-7.012412926274382841e-01
6.419342993993477631e-01
-6.894046176207752064e-02
6.257125907646862162e-01
-2.910592907716396671e-01
-9.641776190958321058e-01
8.978852545785662720e-01
-6.915101752412722291e-03
-8.254842050011490517e-01
-9.201110484477070806e-01
-6.405903110844546333e-01
1.457073401808657298e-01
-3.660012291993253730e-01
-1.767389225504360784e-01
-9.174386419561184614e-01
3.431243438462641682e-01
-9.846795500584721861e-01
9.749477681094499415e-01
9.548658130865949056e-01
-5.844086652982245500e-01
-6.024277919219016564e-01
9.780553662886313226e-01
7.633922480679724565e-01
2.332673882361443463e-01
-3.759133508514813649e-01
2.177683951124648187e-02
3.994450067716265318e-01
8.591978599260874372e-01
-8.185985918574274489e-01
-5.654100023640424855e-01
-8.358377926513915757e-01
4.680734848982223140e-01
7.203352796765785104e-01
9.220389475055515982e-01
6.446141611389928361e-01
-4.680837322334607808e-02
3.151501391679707442e-01
-9.835668952212591742e-01
5.801381018449718319e-01
1.685332659517044251e-01
-3.868701040440539751e-01
9.081226319066093566e-01
-3.854703319377388304e-01
-9.017787424183271172e-01
8.331896400758139754e-01
-6.743001706613747093e-01
-6.191113415656126495e-01
2.296473196239102177e-01
2.590445966718986082e-01
-7.072304340013860768e-01
7.081695103098359922e-01
4.394721442557191771e-01
7.240652661396557166e-01
8.828935912224695759e-01
8.598705762238840755e-01
-3.937559740994334700e-01
-9.247893225865981837e-01
-1.064612722757072444e-01
-2.839983714210032595e-01
9.556471692676816732e-01
-2.475736845930467389e-01
-1.916627248175394871e-01
1.724192501053899984e-01
4.230389831691246383e-01
-4.929225517433570847e-01
-8.246478240132479876e-01
2.497412525969120167e-01
6.649001191727296201e-01
-3.928479196349049518e-01
-3.227858295448617909e-01
-4.742093055134194990e-01
5.278698021255455453e-02
8.251511728058759099e-01
-5.581357529481273394e-01
3.310837846979746146e-01
4.463711507412798096e-01
-5.033255680930946996e-01
8.805826311543603069e-01
1.134551099460330004e-01
8.491142061776851824e-01
6.130290726293056158e-01
8.264461993760133240e-02
-4.598246269829435739e-01
-3.791294856416451697e-01
2.802684889403867508e-01
1.843592572799271911e-01
-7.698461256523900786e-01
8.276211853223709447e-01
7.958337708339955352e-01
9.678145247342899715e-01
-8.344614774195533435e-01
-8.774188998131556838e-01
-9.436426323005706607e-01
-7.964550194370660641e-02
9.037284645502754454e-01
-7.547856504150751711e-01
-8.902895534933279453e-01
-8.641981761399175621e-01
6.341744519787814172e-01
-7.640836705274192120e-01
-8.122182558234589678e-01
7.756075303942420174e-01
-9.620593391488438950e-01
-9.372400882732017102e-01
-9.332103980421546652e-01
-2.046140915580147435e-01
-5.329486015826077061e-01
6.054958789009093345e-02
-1.450135474882605358e-01
-9.709738304408082055e-01
-9.907405921051182229e-01
-3.796079771734575670e-01
8.806948041258155779e-02
-8.302215581526224408e-01
-2.270631199185373927e-01
-8.632265094073713341e-01
-2.305190782426597695e-01
-1.711278128171396240e-01
6.246647829095852700e-01
-8.841958452544321778e-01
1.301695440895737632e-01
5.159050165503291652e-01
-2.541410147014189769e-01
-8.218560303097646180e-01
-4.996491183243674250e-01
7.776714599639219516e-01
-9.702509982072968775e-01
-8.036427046890095571e-01
2.788754715563568354e-01
-7.111489111933995411e-02
7.100747852927310477e-01
-4.896378745786836850e-01
-7.285845432333776239e-01
-4.073075723233753886e-01
-1.892235554344458837e-01
9.092435390076185620e-01
-9.244246127554773818e-01
5.422065481829013711e-01
-3.080858153254363296e-01
8.890321002620303892e-01
3.728178385054924382e-01
-7.562174359357827225e-01
5.942437532093987063e-01
-7.459275346593066125e-01
7.676907177846787889e-01
-7.014961665516721290e-01
2.523737176305710858e-02
8.817449050559432733e-01
-4.183329570168077827e-01
8.268209636597629864e-01
5.997448832446016231e-01
-7.302113781221719613e-01
9.824525511701520664e-01
5.199917554602973002e-01
6.292743318307247868e-01
8.571651170086522775e-01
-9.536118375368758393e-01
5.387477073717690246e-01
1.442729436162412671e-02
5.202184623318072410e-01
7.320441425472145047e-01
-8.361608292197569847e-01
-1.434524233171204366e-01
-9.129654107760333259e-01
-8.738192672325385546e-01
-9.269058474537161807e-01
-8.880545832938823159e-01
8.757620195148527742e-01
-9.194082188129606426e-01
6.303789112050059984e-01
-5.201097186030035902e-01
5.719017789386465767e-02
-4.422967632450277575e-01
7.437418694544405406e-01
-6.568789097281442224e-01
-4.959148801262639461e-01
8.620979021015705568e-01
-9.216351392608482240e-02
4.687070069837654396e-01
-8.431860001719964082e-01
-6.521564751668814663e-01
-4.884347643437882969e-01
-8.259365598916584839e-01
-3.477781326664553530e-01
8.717463099531177484e-01
-8.993693807663016848e-01
7.790639105333854175e-01
4.671757669235814259e-01
-1.862032731345037995e-01
-4.863734517068739049e-01
3.176377844786091309e-01
-5.930881354866155419e-01
8.035126042480940090e-01
-7.928368339823796962e-01
-8.605416244922776681e-01
5.648068216730088853e-01
1.806238323832027592e-01
3.907568325808371545e-01
8.712002635398485850e-02
-6.909650702187705162e-01
-5.032100171634925623e-01
-9.581604493997044614e-01
-9.488220537235263485e-01
9.810417058338622986e-01
5.665599914070157395e-01
-7.225564360019181009e-01
-3.462233214180099328e-03
3.273654726143234717e-01
1.746518490141718560e-01
-7.107702477040309663e-01
4.050943226747353298e-01
-6.247429116209174405e-01
5.071412091038609571e-01
-9.147135794488651106e-01
3.934730041466336092e-01
7.561541697203117973e-01
1.245749888648395309e-03
5.851900573494384084e-01
-5.114259193951616878e-01
-3.506205390147691947e-01
6.484970010843563726e-01
-8.828110728041864697e-01
3.774199437432242954e-01
9.852148154975124417e-01
-1.722924913882877274e-01
-3.775418655729012585e-01
6.790065232227767700e-01
-7.860399248209464229e-01
6.298689929924294884e-01
3.644824055760148562e-01
8.754999124663846999e-01
-3.426843305388102001e-01
8.359205638153672790e-01
9.058134592695479270e-01
-4.760116608702569252e-02
6.690325680655989649e-01
7.846201652043034436e-01
-5.583219489105241129e-01
-9.998541595298848783e-01
7.870513818746605050e-01
-2.623496244930069721e-01
-4.051220271650561866e-01
8.497741203772776197e-01
7.734656667768703420e-01
1.939413149777362566e-01
-9.374724823864972745e-01
6.550835558050180918e-01
-7.703598949699420606e-01
-9.425464630663340504e-01
4.849053810313440627e-01
6.179709032218843046e-01
3.728480465666236254e-01
-8.463953588052749444e-01
-7.995953092791633354e-01
-2.141428529006329518e-01
-7.839077481821409288e-01
-6.956225836480546265e-01
9.268158131495520813e-01
4.603742505619879966e-01
8.129457175885989040e-01
-6.760657860691362542e-01
-9.022451627401699703e-01
2.764847373188970558e-01
6.908993755444599039e-01
-7.796664305857405886e-01
3.523437961140742786e-02
-9.244441853190826786e-01
7.928573343043450183e-01
-8.388166084251944543e-01
7.030792532895742131e-01
2.708979249169354842e-01
-5.815589608790862064e-01
-8.815543982624117758e-01
9.607128122419689165e-01
-2.152962713043769238e-01
-4.375526921535952685e-01
9.924414728722354972e-01
3.144651882386175212e-01
2.264824773743634445e-01
2.564933004535180361e-02
6.945310979621222014e-01
9.951344966820740989e-01
7.930133013277144149e-01
8.494824538661596147e-01
6.007141027715592330e-01
-8.422960497290141735e-01
-1.801327310617298338e-01
-3.951167359136292800e-02
-5.895101909519900873e-01
-6.610541607075374193e-01
-2.875103049786693621e-01
-7.813078894090443871e-01
2.598876433108239861e-02
-9.494461548899710834e-01
8.491317992749184418e-01
4.673608940234229570e-01
-8.216746966166715849e-01
9.514707162694412412e-01
2.695260220845352439e-02
-7.183332845678149781e-01
-5.954141567669017920e-01
-8.587186464406122433e-01
9.908533783422290853e-01
-6.712231615056591938e-01
-1.592352294316918271e-01
-6.507114160789899682e-01
1.832024911829385760e-01
-8.686493897985739787e-01
8.129407114014213231e-01
-2.707179764217264029e-01
-1.473632999817421352e-01
-1.818754634598279685e-02
8.659052688732103986e-01
8.260832630891622452e-01
-9.917970938445127560e-01
8.959193206955964328e-01
-1.100056850311725565e-01
3.642334105622974660e-01
5.681022304833113212e-01
-2.321190364253434835e-01
-6.921286622275445444e-01
7.273143394691141683e-01
-2.251039860361196410e-01
9.762123366892994092e-01
3.238579796884228923e-01
1.170103834327787945e-01
7.491763363658806574e-01
-5.723302418707676420e-01
9.706306313667167895e-01
-6.118104960082502153e-01
-4.444833399827177178e-01
-8.857718527720537249e-01
8.188768657850802324e-01
-2.129389654327735748e-01
5.768893463136877120e-01
-7.293183586448446221e-01
-7.032659566827541564e-01
-9.578961253584511448e-01
-4.176674412623351818e-01
-3.907456509049589410e-01
9.811950296526313897e-01
-7.335903538738972607e-01
-7.024121587708060943e-01
-1.784070046455119019e-01
-3.729000464210186494e-01
9.840711128449495249e-01
-3.949235039127212132e-02
7.413023821253948986e-01
8.279239283736046229e-01
9.759178783266367896e-01
9.758501753078969720e-01
2.800082734540410012e-03
-8.009363512953813213e-01
7.461078927605651057e-01
4.377178461573696389e-01
-9.142304400521833463e-01
-4.226309428181594940e-01
4.724630321488790946e-02
-5.379233191813830306e-01
-2.335096331441546547e-01
9.596189448704939284e-01
8.605014643937878294e-01
-7.575641611688128663e-01
-5.127538908334866585e-01
9.275347773652566907e-01
-7.364858665697728846e-01
-9.003752902225763410e-01
9.286569507040812743e-01
1.266646971334268734e-01
-4.238977822636455506e-01
-9.982295889336256778e-01
7.571821842139463410e-01
5.111168665957086521e-01
8.488739497071042805e-01
8.747047368810371148e-01
8.917769519102474174e-01
-5.391177857341333812e-01
9.475766689171974955e-01
-6.131516284616023160e-01
7.521744183903551484e-01
-8.236130323803161346e-01
-1.073505103766574931e-01
5.091551852749844898e-01
-9.583473334729226689e-01
-3.483840759367753392e-01
8.932231387178980464e-01
2.338199430305011317e-01
-9.182134656496908631e-01
-4.829885639967824718e-01
-1.937914878275242003e-01
2.419068310636957042e-02
8.792634733246489365e-01
-8.890824729464726905e-01
-6.539931943303005646e-01
-9.203753801216199015e-01
8.797322322274176987e-01
4.404431404252460158e-01
-2.860354891595827675e-01
-4.921293258242359081e-01
-7.283966337582251649e-01
-6.748805082950017908e-01
7.003352257935446801e-01
8.254378382977123341e-01
-8.984817628196112294e-01
8.494564524847105780e-01
8.609463467440217066e-01
1.906762691007801436e-01
-6.073855493446285170e-01
9.161706697899134610e-01
9.264020648816078118e-01
7.754181713883243621e-01
7.673829632989089822e-01
-7.930489898667675286e-01
3.779516584859385908e-01
8.481453378433493340e-01
7.453765995367023223e-01
5.656541629522671144e-01
-9.356533559975575010e-01
8.724570482200478816e-01
-6.775456635149020856e-01
-2.626905235466872601e-01
8.653854852746187820e-01
-9.622858186943911152e-01
9.309499588534572156e-01
9.619713870001667111e-01
-4.812787740733862618e-01
-7.340293214988238280e-01
8.469476920293443900e-01
-8.721673527231637024e-01
4.613036651769630847e-02
7.377276658852364166e-01
-6.548437183176833987e-01
-3.898138489850137001e-01
-7.758023712263505400e-01
-9.930745592081644535e-01
7.685513153018763699e-01
6.593686942450188715e-03
-8.809104875749701469e-02
6.185388939193379176e-01
-4.467361519650373536e-01
9.605291949051721900e-01
8.329483522264892192e-01
1.742338010939045168e-01
-7.889884783511811328e-01
-9.871484802283747584e-01
-6.557895422916082406e-01
3.019220903531740219e-01
-1.460104164473417510e-01
3.567984070686823217e-01
3.004872896858147846e-01
8.726030006287223140e-01
-8.025841897729536489e-01
-7.577342749550124434e-01
-5.150618209328228225e-01
-2.752825839021418863e-01
-1.047089545355405771e-01
-4.622392727835524240e-01
1.274662170282259144e-01
-6.074074402441984599e-01
8.216743503541769078e-01
3.741991993111372095e-01
-9.664549693190307433e-01
-9.159123111515024007e-01
-5.761537139813456276e-01
9.190851432851652181e-01
3.281770095751078697e-01
1.541418696440146063e-01
-3.103660414795214040e-01
-8.331317515491376557e-01
8.283342543399536684e-01
-1.523906890197090913e-02
9.761792468440214643e-01
1.807806929080562619e-01
4.901372708061010330e-01
-6.924130994391111127e-01
-2.144784861656907626e-01
9.018454712096151127e-01
-3.493765100982985650e-01
-5.790039499185221095e-01
-3.701847300651304185e-01
9.172661644204123110e-01
-3.636138552471095964e-01
2.013390367758176869e-01
7.657708155167705089e-01
-2.751762598226184520e-01
1.384052614635417067e-01
8.800687055229305944e-01
7.564098391193762039e-01
5.671093566523583984e-01
-7.851040373166220387e-01
-8.971126303335184016e-01
-5.848734997879381226e-01
8.102217085426657861e-02
-7.162935437788638948e-01
4.822776794038381443e-01
5.595432275510543452e-01
5.590966751395455292e-01
-4.774283370460494780e-01
7.647036371198483451e-01
-4.991883951790266338e-01
2.077070916769146458e-01
-6.246825174206798170e-01
9.365476291001245679e-01
5.619499657046325147e-01
8.908462603307784056e-01
-8.571474518312544033e-02
-9.788280250753529366e-01
-5.598167339374091611e-01
-3.281015218788562171e-01
-3.860720485832489501e-01
7.217758522870688642e-01
7.373512450906785087e-01
7.002877776538289911e-01
-7.991597304490856146e-01
-7.097758682437178557e-01
1.331530749641245959e-01
5.359824847997624042e-01
-5.473040077401112313e-01
5.441735224329584675e-01
2.817654061085106409e-01
4.110781633553209913e-01
-9.536933010224644125e-01
-6.920681405534820918e-01
9.895739884624634719e-01
-9.555902260392381553e-01
-2.085126668391806826e-02
-1.011290476384006376e-01
1.590571139153764135e-01
5.692470635208706220e-01
-3.410883993858566665e-01
-4.591351186093711734e-01
-9.224856083631498560e-01
8.676357494653097469e-01
5.732814668992577412e-01
4.758118572553317049e-01
4.417786051198968611e-01
6.073530471289095845e-01
-4.341142537468255513e-01
-1.619797376720277238e-01
2.316896717632535851e-01
6.504879751941819999e-01
-4.882825130526367019e-01
5.168352961994286954e-01
5.385271436284706503e-01
2.391940101891045778e-01
-4.698285364825552368e-01
-5.478036694256777084e-01
1.070102905476835731e-01
8.905487149673667613e-01
6.754330903764327321e-01
9.049285310232910717e-01
-9.858020655264938537e-01
-8.655331077826544650e-01
-6.813815208035768345e-01
-5.913558591288380351e-01
9.987341523589603476e-01
-6.031706977697363081e-01
1.107081572072776687e-02
-9.729059428768646045e-01
8.288727102347899223e-01
-8.261365527506061568e-01
-9.452465705011666719e-01
-3.588991401700858397e-01
-6.169030431234150402e-01
-3.921373578043443886e-02
4.872736930639266495e-01
-1.036566779000959448e-01
5.527262313053049603e-01
-6.260789902486595393e-01
-3.783061281751151639e-01
8.494081331436473814e-01
-5.153716175422030643e-01
-9.893847124177738150e-01
-7.036450951117121377e-01
3.069694962233027180e-01
-7.981750752712387653e-01
7.542994826736527936e-02
-5.173961870556003095e-01
-8.280231842631353700e-01
8.811162442118810612e-01
-2.586016473375588598e-01
7.535558286174726117e-01
-4.546468931175304817e-01
8.733652648440666244e-01
-9.222043803125972161e-01
9.693504224261199065e-01
-2.119908743492349146e-02
2.755713695521508355e-01
3.089414380500814516e-01
-3.391333206783077592e-01
-8.330939853372646420e-01
4.384755546020513983e-01
-2.314953377945214719e-01
-7.902637761544567541e-01
2.665211936898000400e-01
-2.980683023426191625e-01
-1.348879696554379781e-01
-9.313455308095937024e-01
-7.259305501815138673e-01
7.762001810369979493e-01
9.503454437629748064e-01
5.629213815455721415e-01
-8.984553523013513177e-01
-7.547342791938748130e-01
4.435182990537007153e-01
-7.864048519958248828e-01
6.296300850183695896e-01
1.952419246464846270e-01
1.227973108051557405e-01
-8.609485115639543551e-01
-8.364821942575099145e-01
8.606825836168322530e-01
9.952463175121293304e-01
-8.016667004631824467e-01
9.142189298078305937e-01
-6.192255253894067835e-01
7.598666661863960892e-01
4.094205349048125608e-01
-6.058063448701966891e-01
8.228076752355089063e-01
-3.432574371960046555e-01
8.175796808244212288e-01
-8.561734769566204939e-01
8.014723320720775757e-01
-8.917029766780892874e-01
-7.220027383666882681e-01
6.095700496044482719e-01
-2.612354112767516501e-01
-2.832200184581205593e-01
5.653531460662279962e-01
6.567284893542761903e-01
8.784326124524264312e-01
4.446696322698317494e-01
2.970992362612008275e-01
-1.539425895343202733e-01
-7.906491892457794268e-01
9.711799310845393718e-01
3.556391272858753227e-01
8.032548814329867337e-01
-6.291327704895158801e-01
-3.424282240466408611e-01
8.359747208361308912e-01
-8.152693323138324732e-01
6.775171855831916279e-01
4.144645035962481461e-01
5.174536830034583978e-01
-2.624023437455649810e-01
1.386436271931509312e-01
-7.625720223995492431e-01
4.586170574816795797e-01
8.880858742426933627e-01
-3.780917688183023651e-01
-9.804703847505182868e-01
5.841712027782244299e-01
-9.013089720219888412e-02
-8.606423644586739252e-01
1.740626951523271959e-03
1.554255043590977436e-01
6.028072054416704351e-01
2.103387664121910694e-01
-4.362470524395477556e-01
-9.786511158300856827e-01
3.847201472322003823e-02
7.654065457027753316e-02
9.765694779587514862e-01
8.555668698188647614e-01
-4.799832906828007117e-01
-3.098518199589618272e-01
4.960404742353999308e-01
-6.435164609852005446e-01
-8.697147254127020055e-01
5.971140388640983065e-02
-8.285929118357454604e-01
4.259876682489105448e-01
8.418134506454750809e-01
-3.800940364616389733e-01
9.345311664948805497e-01
-9.086048120753482671e-01
-8.984770318294290625e-01
3.724172145148486046e-01
-1.652969222675179095e-01
-3.531966880509019302e-01
-6.003757912712621714e-01
-9.290584038805707046e-01
4.009555690322721411e-01
-3.687573792290135821e-01
8.893669192934590129e-01
-8.787172973737756854e-01
7.577059590184767046e-01
9.313216610679513341e-01
5.875090527867457002e-01
8.921163343919409350e-01
-5.296776434466584638e-01
5.020483299631161023e-01
7.493412249211154341e-01
-7.644989882786796809e-01
7.694951372543931689e-02
-2.715016626336260730e-01
-9.880763605356044366e-01
5.765622514509175511e-01
-8.225410695399069105e-01
5.937267499221149381e-01
-6.411826066910178978e-01
-6.910699174586278914e-01
-3.896743260782223328e-01
-8.308154178756097519e-01
-7.991535687077939709e-01
6.407826283474501450e-01
2.865298249714940959e-01
1.009116339562394493e-01
6.151045685705833765e-01
-4.901881264345890332e-01
6.143697624658792655e-01
8.302516458622066775e-01
7.811920488737635893e-01
-9.862696367427667976e-01
-7.263748110006867931e-01
-4.342879108358606577e-01
5.480455577168903414e-01
-4.679456630075330414e-01
-3.458140559183630058e-01
-6.401062093438623091e-01
-5.525840161376611714e-01
2.016341628051160073e-01
-7.228942152838830904e-01
-7.856574429527910519e-01
-9.442393274614266918e-01
-4.389991673510966197e-01
-4.253040062707175162e-02
6.021248890020396427e-01
-8.639588534914530715e-01
-9.239482345063074753e-01
5.444679359031034949e-01
1.651909407269325780e-01
8.658644593449391635e-01
-3.934146471257625732e-01
-4.310544165261404048e-01
7.599143535363661606e-02
-3.352863682534114043e-01
-9.843204469601454232e-01
4.224787933580816390e-01
-6.004087757159897176e-01
4.220841195618662001e-01
-4.810667278690181070e-01
3.114456005375661474e-01
-4.665722510195641770e-01
2.255715587547246770e-01
-5.590269395745095515e-01
-3.948363173785451874e-02
3.330703064159376003e-01
9.235073097067766357e-01
-9.482940017847620862e-01
5.378020730388926030e-01
6.238238515627760883e-01
6.781893845080635419e-01
8.707006871065039455e-01
7.509711514413860423e-01
7.519358163102102255e-01
-6.105722123431516213e-01
9.869409642956978868e-01
7.502470672495207271e-01
-7.759400816138880552e-01
-4.811511728351501316e-01
-8.034677128616277697e-01
-7.557153125316831144e-01
-4.777779382858495794e-01
-8.006137976366605180e-01
1.070864881448051198e-01
2.700527260302698629e-01
2.559253719745285816e-02
3.281534055225919788e-01
8.612548870910252674e-01
9.314016422876634227e-01
3.796770896222915748e-01
-9.848093336246003249e-01
-1.682602290952066315e-02
3.452868272840711183e-01
-9.593156627495214028e-03
5.620309056490178090e-01
6.384711308657798901e-01
-4.217794772171501450e-01
1.630760809777901388e-01
-1.001846419297997559e-01
-3.146984707778896495e-01
9.679812460917798234e-01
-5.591551470293487647e-01
2.715895692231033998e-01
-5.596532111241687701e-01
3.012087161700703897e-01
-8.141420957839207162e-01
1.361649396992960503e-01
-7.168478052793199051e-01
-7.768691306456306789e-01
-6.334417300907639881e-01
7.737580422017351633e-01
2.286869351677694451e-01
-3.686160473490638911e-01
4.549486729214541336e-01
-6.480928432122431415e-01
-7.685913534815422832e-01
-6.619347996011313295e-01
2.494771313159473425e-01
1.111278482159798187e-01
-3.161067752403069475e-01
-7.435749123432102703e-01
-6.751850483279059345e-01
-9.982990497768956528e-01
7.090154856441094333e-01
4.889308833007248722e-01
2.289635151672526625e-01
-5.402998112625191363e-01
8.839139321037662311e-01
9.015711778174639868e-01
-4.556521437348086678e-01
9.986600926480706519e-01
5.553703804899863261e-01
-2.252219456167824929e-01
-7.778581715076207104e-01
9.521649247346686273e-01
-7.805202819959899951e-01
8.672891106068859601e-01
-6.832751481358065870e-01
4.895206559409299718e-01
-6.851225361619173171e-01
8.562607097577474846e-01
8.382467973809966111e-01
8.764768474180040236e-01
-3.831010912883781039e-01
5.095371759080484786e-01
-3.441278257413855624e-01
-1.994882943914103590e-01
3.364690007760332557e-01
-1.223954507599658847e-01
8.665173707971131067e-01
-6.141473190819654038e-01
-3.950056507314190224e-01
6.461169608234051953e-01
7.301611045371405595e-01
7.201556587821850153e-01
-4.657980652227450280e-01
9.195901782410558223e-01
5.463686679445582950e-01
1.297211526091442413e-01
3.821970262781501093e-01
-2.355791231870977276e-01
-9.385318267950504278e-01
4.945329729169914423e-01
6.891308692403733116e-02
8.203124954141882696e-01
-2.523205758808411137e-01
-4.643371222121764341e-01
4.132213410521490271e-01
6.841314207405613246e-01
-2.426930870585821409e-01
2.507377996204789294e-01
-6.969612171378518628e-01
-8.805273778260707118e-01
3.142132839854138715e-01
-4.089045662916109269e-01
-2.473664375154910333e-01
-7.744203800732825105e-01
-4.947620464507456184e-01
9.263024555412577299e-02
2.720568789424152034e-01
4.067256914050259020e-01
-8.678853829311585777e-01
-7.009742441434405613e-01
9.421430006610518326e-01
9.460172633002081888e-01
-8.709156609892290124e-01
1.782243289795548691e-01
-4.122824208043420757e-01
-8.646344109183663473e-01
-1.159401083254575360e-01
5.488480178452155300e-01
-5.290979030858196097e-01
-7.040376901840396107e-01
-7.058204324817360931e-01
-2.326225102233207553e-01
-9.369865443806992822e-01
9.473419201203563400e-01
3.366163862578788191e-01
-2.476390541292282643e-01
1.883409012749193145e-01
2.675559038184995853e-01
3.753323245770636696e-01
9.217601853016313962e-01
-8.464968100531686801e-01
-6.698632361253914480e-01
8.362370469583683130e-01
-8.577664954730979119e-01
-6.789717219869141340e-01
4.895911809398086900e-01
-5.233793228717710244e-01
-2.012102332812232275e-01
-7.076589529107375487e-01
9.583444051307028477e-01
-4.090726159165932740e-01
-2.006751282978053996e-01
1.436370062025388028e-01
2.745751074184668017e-01
8.789566703096279854e-01
8.098971518955515592e-01
-2.370191693240865649e-01
-8.600885455828207737e-01
-1.298505163266128193e-03
-6.280338397251359339e-01
2.252569280550378861e-01
-7.223915663227974404e-01
-7.223551439544257935e-01
-9.066813365936097213e-01
-8.927936622202321537e-01
6.559581153273412735e-01
9.140509615401651855e-01
7.133547117261068715e-02
-9.533446912150178587e-02
8.744646980838789441e-01
-4.543711070136821628e-01
5.244159742749039399e-01
-3.997220518115238708e-01
5.336292784817664447e-01
5.390462081931436389e-01
-4.613127378747233220e-01
6.605735150298526204e-01
7.771805725746391280e-01
-7.180520488027783976e-01
-7.012170070189371884e-01
-2.563235840165154489e-01
9.222099514971006107e-01
-7.805324485380362720e-01
8.471649414805687561e-01
-9.254456290583251699e-01
-8.310046682303556809e-02
-7.405514634336139990e-01
-7.642413693775835792e-01
-2.169030632666363034e-01
-6.818596697706295062e-01
-6.525074903671920223e-01
8.993536439878323518e-01
-5.482601852130494779e-02
-9.951165881227992394e-01
-9.051894093127726970e-01
-3.790996891868063101e-01
9.739324426536422052e-01
5.791313932484598581e-01
9.805452517700770088e-01
3.434010215869675031e-01
8.388815499004654841e-01
-7.850967052666133483e-01
7.308467297578671307e-01
-9.539235951273123959e-01
-8.112110847922694434e-01
-2.585429816948258130e-01
-9.362547275129838864e-01
1.595243567721089661e-01
5.051792317885637207e-01
4.354228042056806358e-01
-4.277225325098643616e-02
-9.927518250108079423e-01
6.492321092031942964e-01
-3.592897096120890588e-01
5.806823107171673604e-01
-9.773709909786854055e-01
-4.798353946801308667e-01
-1.242255228035207826e-01
5.837278373348424587e-01
3.981130610768515155e-01
6.967242253596332979e-01
1.755802460469561010e-01
7.693341099254449311e-01
-5.842019856018946244e-01
4.236011793592683872e-02
-3.565580670618525017e-01
8.099402694182762374e-01
8.904813991121678374e-01
9.946003984598480452e-01
-7.409662332714694877e-01
9.127048097285088701e-01
-6.560106806669477875e-01
8.962152914833707573e-01
9.434711586815841544e-01
2.578357009265960231e-01
6.256311883939635887e-01
-8.888741023200853464e-01
5.439618157926247033e-01
5.753505941012235780e-01
-9.036618747782874106e-01
-7.480050272976630499e-01
6.588592613060519909e-01
-4.913002262685892685e-01
-7.794098264458998448e-01
6.787807945866607406e-01
7.691635115079482610e-01
-6.348421708693500198e-01
1.492031882048120983e-01
-7.660619600169371601e-01
-7.913099021757119544e-01
5.065827776300391161e-01
8.123267021410720545e-01
4.051775732255536444e-01
-3.225984022552269570e-01
-9.314855640598358466e-01
-4.175483787412672676e-01
-7.993305398274295204e-01
4.359664285398105465e-01
-9.250972004333872789e-01
2.333493308913177355e-01
9.594730969915755692e-01
4.629480145920979450e-01
-8.149694398908360338e-01
-9.240158785495620197e-01
9.067458982602820683e-01
-2.414192612042751485e-01
-6.681143049952736890e-01
7.381956789377811523e-01
-2.267850148696015644e-01
-2.003650384297347431e-01
4.595681071785687744e-01
-8.018398566615284606e-01
-2.012533636297873796e-01
5.532929513656583698e-01
-5.309105108732501410e-01
5.182536084362309170e-01
-7.609952887518762754e-01
1.350701712502588303e-01
9.235477077041667204e-01
-9.876993439839916178e-01
-7.865338894595419461e-01
-8.228897892462485597e-01
-9.872839920805713820e-01
-6.109389388978062607e-01
6.328124172623850185e-01
-9.394254024570238837e-01
9.567326623065919300e-01
-3.777915292401152758e-01
-5.657211186222520505e-01
8.097357035963641536e-01
6.780592952875359458e-01
-7.780456797697722360e-01
4.250048354555757690e-01
8.877054320377956165e-01
-3.624245871258091611e-01
-7.075027887978126984e-01
5.700631525015025236e-01
-7.732949085926427157e-01
-1.973670719980699095e-01
-6.911944576972235410e-01
7.856721160363895340e-01
-9.376101645453730482e-01
9.176279878016007086e-01
-4.357173150053807453e-01
5.666308019473234037e-01
-4.722368771111740138e-01
6.058260688082354184e-01
7.121100256533988704e-01
8.929388343995753319e-01
-7.359742681521459495e-01
-4.095682909255075610e-01
5.513195647142764555e-01
-2.642235058810802339e-01
-3.723997024604808193e-01
-8.720005436594366888e-01
5.490656943711260674e-01
8.149204912443903659e-01
1.879997468515346437e-01
-7.689667730875712204e-01
-1.106911959590562156e-01
-8.252681156346101110e-01
9.536625508514139371e-01
-9.699537726720055542e-01
-6.252558391547563543e-01
-4.302199280448124052e-01
9.398242038958167788e-01
9.762876370455791930e-01
-5.476923905732328235e-01
4.591606384654716155e-01
5.882542321435776378e-01
5.690305365228152112e-01
-2.638744542468938192e-01
-5.428586917080877594e-01
7.235681530125588345e-01
-6.456746545181847319e-01
5.316292066332652111e-02
6.379258750620104834e-01
-4.762115962008204306e-01
2.880462896491889357e-01
9.830875542736492445e-01
7.527300548142058512e-01
8.322545579369760027e-01
8.497873180568464857e-01
-9.029240456077503030e-01
6.180956000024291352e-01
9.897997026282795430e-01
-8.656368797679075966e-01
2.997493915260738273e-01
-5.066203784713479985e-01
2.871246591527115699e-01
-3.658853264809071026e-01
-8.470285825533949708e-01
9.822585015109798201e-01
5.318820070286232049e-01
9.436789370323083181e-01
-5.261111206566981835e-01
-1.321028804468438178e-01
2.179369358083910468e-01
1.133437832335280615e-01
3.932972465568784770e-01
-4.231022578073365126e-01
7.055343762118578832e-01
4.029136498290218360e-01
-2.080545379540851281e-01
-1.575104645847584528e-01
-3.506147674802866376e-01
2.758855410272184061e-01
9.523658376275334625e-01
-5.475227709299740342e-01
-9.234815597985531754e-01
-9.829429755680361147e-01
-6.783592243521726628e-01
2.210289761656587249e-01
4.662154175228294672e-02
3.087042433967035482e-01
8.051965283669131335e-01
7.235836138576533516e-01
-9.274646559150941938e-01
9.643540863270703145e-01
-4.655064090027865586e-01
4.060867408620010277e-01
-2.480357166944153757e-01
-7.637065964210896230e-01
-1.032065819163938136e-02
-6.001175125212299122e-01
-1.517645818845072408e-02
-2.936143640628145479e-01
-9.933794181563774250e-01
3.520065998126883366e-01
-4.721990765775112564e-01
4.320152044624747112e-01
-8.285872154771418696e-01
-3.037500607225143145e-01
-2.826534713379613706e-01
6.022928755563334846e-01
-5.393070909919817080e-01
8.812229154961840338e-01
5.617951263601267398e-01
-7.020958420795977428e-01
-6.617477986981737947e-01
-1.375713274640584238e-01
5.897189080753011403e-01
-4.840461679928300676e-01
-5.221353143833521449e-01
9.440910440032356243e-01
4.860518146475309997e-01
-2.592766517858044462e-01
-3.254159001444034693e-01
-2.543807386455900210e-01
5.202684367086607420e-01
8.300432137811110112e-01
-7.371731931794844872e-01
9.612058578284679022e-01
3.655878924097910598e-03
-6.555703417451425041e-01
-8.346289459589113502e-01
-4.262239881000139397e-01
-4.895585789395970888e-01
8.427585178828758128e-01
-2.944218172721775884e-01
2.840086537684336498e-01
-1.213266279629515165e-01
7.628199487667554068e-01
6.370511577621015276e-01
9.252541995151377652e-01
5.970797979158539714e-01
-5.053719380037298148e-01
-6.250522788425667831e-02
-6.404665004693665953e-02
2.923715798051320647e-01
5.063977485167372450e-01
-8.229736772248072985e-01
7.543160150948937659e-01
-9.720611013254862875e-01
-8.109842998213774579e-02
-3.489929500920947447e-01
-8.931314708582994699e-01
-5.811374783648701747e-01
-9.425773486462596384e-01
4.586696623221240277e-01
1.835830863718443395e-02
7.385968714029345072e-01
4.643149724902715381e-01
-1.841415578315110102e-01
-7.009409358790351652e-01
-5.285263465811070871e-01
-8.356949572574321472e-01
6.303612661118243032e-01
9.786243317356243532e-01
-9.881453544519003263e-01
9.364692806186996066e-01
-1.116854848929449417e-01
-2.711465266650537331e-01
-5.857739545720219709e-01
8.607823036883772705e-01
-3.222810294627830863e-01
3.811788771125838582e-01
9.580142560485338521e-01
6.958034832172326212e-01
-8.911965134658671461e-01
-1.598672920384495710e-01
-3.649756810978292965e-01
1.191965719556859343e-01
-9.948711922085173853e-01
-3.843224795949709005e-01
