-8.857411106122293765e-01
-9.318159279229778491e-01
-7.241031481420031612e-01
9.316186281380064438e-01
-4.544465586223931375e-01
-8.716453130607402233e-01
-4.110461488760658866e-01
-5.786241914733885050e-01
5.467792295677942338e-01
-6.714225011450654090e-01
3.195560491669758862e-01
8.060987365651963721e-01
-7.195428961323209194e-01
-6.029971082488136958e-01
-9.486394326767612073e-01
-8.957376699696462108e-01
-8.603478132480970597e-01
1.510608197426911437e-01
-8.687720872281150530e-01
-2.289487214464571707e-01
-8.852827716429815252e-01
-2.574842547871503129e-01
-2.207010202446526292e-01
-2.113740597196839266e-01
-4.213795703061349318e-01
-4.034730512308348227e-01
9.322154200966342730e-02
-8.750339120278787242e-01
6.074567431045079235e-01
-7.191459316423699510e-01
-8.660570724476728266e-01
7.422122088696117004e-01
-3.742792485119458279e-01
-5.979235313044716227e-01
7.205665214590639689e-01
8.678661469644672888e-01
-6.839322594353143270e-01
-1.789634564665617822e-01
6.669510811981842480e-01
-3.490552297397202242e-02
6.818785438072925142e-01
4.179335320154135003e-01
-8.863476974029428357e-01
-9.660252280716342677e-01
-7.295005498073054984e-01
4.354757712922920909e-01
8.905653503940841320e-01
8.164376151506751444e-01
4.515529787195018407e-01
1.769574968612588617e-01
-6.258406867628902859e-01
-2.580335847875079858e-01
-3.568271217691624253e-01
9.839840398217716277e-01
-6.702734263917452529e-01
-7.401849615785176528e-01
-6.250239204373023716e-01
-7.434408253744574369e-01
9.547424131567896488e-01
1.783045693002230925e-01
-2.114770245761783407e-01
-1.154632314604272653e-01
3.031144909143095312e-01
-9.799869283616805538e-01
7.778129955380450600e-01
4.140735211061881693e-01
4.157223992870380247e-01
-6.850631062198982990e-01
5.672875479759598161e-01
-5.455223306021841356e-01
2.154127501929853361e-01
-2.652911527863583974e-01
9.833872606600218003e-01
1.128175923493918709e-01
4.914234829416872508e-01
-2.034702806424641408e-01
7.672233219573456608e-01
-8.093970578800591120e-01
8.080211997100080756e-01
9.087054969484049671e-01
-6.259870073361490928e-01
1.334278311990774735e-01
-1.369901457132811362e-01
-1.360558158662542039e-01
-6.949619037793965948e-01
-3.806478059498716870e-01
-1.230724552455948473e-01
7.026129313877966798e-01
9.970928427964311780e-01
8.131808101071871242e-01
9.389763873433840669e-01
-3.418932104620459045e-01
-4.984355627551847467e-01
-2.356741043254069745e-01
3.180192192411322449e-01
-2.890996105435760799e-01
-3.989861088237194875e-01
2.275498659185130057e-01
-1.833465618753368775e-01
-8.654834976158787274e-01
3.679022137777401280e-01
-5.506516440315325500e-01
-7.594069843576478629e-01
4.970399464626732988e-01
6.521887055624661644e-02
-9.919558582029053273e-02
-1.823364186875751636e-01
4.953203804758419260e-01
2.594753929091996314e-01
1.667313937315463845e-01
-4.950217214577665725e-01
8.897340758985053943e-01
1.222567364940238266e-01
-8.111385255104350822e-01
-8.524061850934468998e-01
-4.970518161995057804e-01
4.100545616603660237e-01
6.143459113050127041e-01
7.761239234487983252e-01
-3.304387903363122936e-01
-9.015331571768220309e-01
-8.786025856668866485e-01
-3.615519952463913667e-01
-7.854841994961444529e-01
2.153822241558038253e-01
-1.337727367144918578e-01
-5.127773464152002303e-01
-2.373889311230968913e-01
-7.413793185206880576e-01
4.097695541952820486e-01
-9.483802050667915484e-01
-5.509588237895843288e-02
6.308424828475136525e-01
-9.279484513138327451e-01
8.398253230912915424e-01
9.185956738398113330e-01
-6.483553664096475266e-01
-6.718710155716596244e-01
6.140900891638947368e-01
5.519495275810806234e-01
-8.742558034699206004e-01
-5.971598433259485139e-01
-7.148473487894186906e-01
-2.265764907084607815e-01
1.945846450260490523e-01
-7.388728672350424187e-01
9.860775022095544795e-01
-4.702051632800504644e-01
-7.092271732282001695e-01
-8.089757787164123526e-01
4.026085372887835412e-01
-6.157812785741633155e-01
-8.085456970736034643e-01
2.376653175658178518e-01
3.686521193534573193e-01
-4.223593430228530510e-01
5.412127392464691766e-01
-6.900808994302036758e-01
8.002503689802864528e-02
9.596979992375092028e-01
-9.000570684043140979e-01
-5.613398722887361636e-01
2.955105360830670436e-01
-8.774828534514528267e-01
-1.365054052605244039e-01
2.867530307475518736e-01
-7.851546650070319044e-01
8.677372528781689409e-01
-9.795395347212233483e-01
4.931952439118048037e-01
-9.077685799495669450e-01
3.829546271496066523e-01
-8.649456966860876728e-01
8.844426469445394456e-01
-6.839558420970928143e-01
-8.046604088522026910e-01
2.176372357996824991e-01
9.664090448181261728e-01
-9.993016303727331184e-01
-1.698986305568411237e-01
-8.209591073334120415e-01
-1.538617880620294920e-01
-4.028053561678649475e-01
6.260564883081185528e-01
-4.949784749187120525e-01
3.705329663215446434e-01
-7.907048333986823607e-01
3.404898355431845158e-01
-8.826545240656863411e-01
7.548343479086867536e-01
-5.084492322146451082e-01
9.524028690081889903e-02
7.504843969667657211e-01
-6.954104080178559188e-01
3.087596200281167436e-01
4.348099601453354612e-01
2.368039264076975403e-01
-9.184753500852248509e-01
-9.794856233017523728e-01
-4.101801517190227231e-01
6.872540295993770920e-01
7.496905494808834280e-01
-5.790738967695709949e-01
-3.707779186996849052e-01
-2.676281188680936785e-01
-7.990753182573616664e-01
8.746169487329712444e-01
1.037585613206106760e-01
-3.762888138461414900e-02
-3.352500105917243234e-01
3.234126781530342609e-01
-2.265282253402278456e-01
-8.200291213482594488e-01
6.460002746358186609e-01
9.869741054241930600e-01
9.638691753009561713e-01
-3.416204929301736581e-01
6.457560543099392092e-01
5.752929082132510752e-01
9.807134904312422297e-01
6.460902126242693555e-01
5.446900791731946745e-01
-7.872446040821341473e-01
-3.553093439788225782e-01
-6.669775484146674982e-01
8.432153673591546994e-01
-6.596476712794809849e-01
-6.100878050501740146e-01
-9.885176740390957395e-01
-8.790321820467079661e-01
-2.437257170919736593e-01
-8.716125139378886333e-01
-5.449475151834284326e-01
-5.706828719150414120e-01
8.090909506009480445e-02
-9.105816709521017405e-01
8.172241012143279804e-01
-9.202051143677557610e-01
5.589160033040292408e-01
-4.323947568488225590e-01
-5.208136669446480904e-02
6.951683544637959900e-01
8.385747245227812563e-01
-5.843573086139238759e-01
6.240034043508057016e-01
-7.916739673945980549e-01
-4.812077319906708506e-01
-1.074992275249915252e-01
5.372297550703255542e-01
3.824166483356916668e-02
-3.316878741192377245e-01
3.932544415409522376e-01
-9.147803769157687448e-01
5.195090880155766033e-01
9.999164921996297473e-01
-2.882815930149318362e-01
3.175111150979871288e-01
-5.730291496772355053e-02
3.336083608737510642e-01
1.335390983592743552e-01
9.052776551441293895e-01
2.339034148656457812e-01
3.223001658680673676e-01
2.875493158280335165e-02
-1.153206521619911384e-01
-4.826943769913905613e-01
9.670561012195701966e-01
3.485543965025647006e-01
8.655870922322232985e-01
-5.617655374590805328e-01
-4.424871178618779433e-01
6.882672164418032201e-01
-9.186464495657624685e-01
3.868191548254368839e-01
-5.269407268663247601e-01
-7.609479350242696061e-01
-9.948164790959627135e-01
-7.290179809224371921e-01
6.463178185671094589e-01
6.670756159610973235e-01
8.260755744949497270e-01
-1.037483392689673711e-01
-9.494649368142863421e-01
-2.101345105040586803e-01
8.798842121072931732e-01
-1.850179598851605101e-01
-9.917226740831606158e-01
-9.125483460657154433e-01
-9.494123134720516832e-01
-4.244058389586627400e-02
-4.304788125324748305e-01
4.439560076266971245e-02
-7.147049084035171918e-01
2.828653389611757163e-02
4.139713610776263319e-01
-5.090843625125570648e-01
2.963450884544876485e-01
1.705364241919827828e-01
6.017670177154434974e-01
3.628330333220249337e-01
5.753167814683357584e-02
8.537067051937206053e-01
1.541402805234685092e-01
-3.019007158289345183e-01
6.521350168787691803e-01
-1.302829275600589365e-01
1.935136646035001684e-01
9.305342697999652302e-01
-3.004211359702914641e-01
9.901057572388761718e-01
8.089330791175249891e-01
-7.693642312845092590e-01
-3.136587375863042482e-01
1.106400538985263249e-01
-8.393258642579114470e-01
5.692359116792838902e-01
8.432027593281403721e-01
-4.150937955892590736e-01
8.848495631577405485e-01
-1.243508871733206567e-02
7.210472513337351508e-01
-3.895216065248400250e-01
-3.034318281512358717e-01
9.075042898632182942e-01
4.392078258161175031e-01
7.252423870798658800e-01
4.071481477136419391e-01
-4.706821286432311124e-01
-7.890242787298702432e-01
-9.321517113007109501e-01
-9.822618892642410726e-01
-6.263508865194313824e-01
1.062403025656404321e-01
6.094306731650364073e-01
9.435092721221017831e-01
-4.855570460963772872e-01
-9.017371756111184355e-01
6.624133342699005667e-01
-5.192665899418094089e-01
-4.227909347924878602e-01
-2.612303823822504922e-01
-3.953760659578297587e-01
-9.817859891087069579e-01
-8.224396702882985632e-01
6.103899375433978758e-01
6.758425815807587167e-01
9.528123347931989340e-01
-5.167642131438696662e-01
4.791615344879475158e-01
6.423748805692475194e-01
5.987347927790596103e-01
-9.483060418968941585e-01
5.041406632424998424e-01
3.804219961844004239e-01
5.983410342454448250e-01
7.343390422841817866e-01
-4.783728034216911951e-01
4.953690623678236316e-02
-5.638377879839268081e-01
5.777411919056824052e-01
5.277146990135110904e-01
-9.112871573466791997e-01
9.152956596476778950e-01
6.026249250344071218e-01
-9.908479821965510137e-01
3.221464601482957879e-01
7.448966886533987530e-01
-7.925913975909548714e-01
7.064353331095492017e-01
2.606905430265046286e-01
4.979842133328290510e-01
-7.414288271171856071e-01
4.947392124949968051e-01
-8.657433227918343022e-02
-9.417984668962309236e-01
-2.648937487146835190e-01
-8.243288850231391685e-01
-4.034608226983134038e-01
-9.484501138371255191e-01
5.790401154126908478e-01
-7.791894153537533008e-01
9.387535161231814751e-01
-2.280171629249468923e-01
-9.449248564049281818e-01
7.988771741870758225e-01
3.535360818152671891e-01
7.734255835817902547e-01
9.228981068372796859e-01
-7.283247785053655887e-01
-6.257413379765902617e-01
6.590146420539588767e-01
8.811790119823215139e-01
5.971980748273191253e-01
4.253935444682163669e-01
-9.486425869660140009e-01
-8.759331794287701367e-01
-5.965825322901423533e-01
2.466853160148742563e-01
-5.087072596162369731e-01
6.633469892629261233e-01
7.596528521828378455e-01
-7.442570236246197624e-01
-4.250717321422018968e-01
-8.227147030118892035e-01
8.419072135474927610e-01
-9.902264784661533037e-01
-8.786482096109210493e-01
-5.841239020325496023e-01
9.275772642721270556e-01
-9.771867475965323457e-02
7.187949859580649026e-01
-9.143460123247599824e-01
-6.322438036368895897e-01
-8.746375091945053359e-01
9.104586331887752904e-01
-8.401634183930341004e-01
-8.546152452058247695e-02
2.766798294347011522e-02
-2.871304458669471371e-01
9.335073121065704527e-01
2.183797371474605759e-02
4.558927817833893781e-02
-8.402665265453646004e-01
8.002653224674709520e-01
-2.237379285156904651e-01
3.566377729316155820e-01
-4.124219386702490109e-01
-2.032588233752563589e-01
2.835030768949674540e-01
9.664792349237507629e-01
-9.593761620076437513e-01
7.723613723407332099e-01
5.007976367612796409e-01
7.154109295287451875e-01
5.545078770049085559e-01
4.601447671743191248e-01
-3.895930619253115124e-01
-8.684619265886880379e-01
-9.105429686732953165e-01
-8.082755968851451644e-01
-5.209866437138305217e-02
-6.932734856154419978e-01
-4.351104998597081774e-01
-6.623918507687805990e-01
-9.427208680908605309e-02
9.178116603380755134e-03
1.026083304725307482e-01
-5.268081407159532770e-01
-3.940377001279337099e-01
1.874324983181914206e-01
6.757659158192252935e-01
7.718536916267606518e-01
1.572634902226415776e-01
-2.281189642370809456e-01
-8.771041500347827036e-01
-2.313021427630850280e-01
-3.424630271873213005e-01
-7.412110532507820704e-01
-8.697012345325005889e-01
-9.689530107600938802e-01
-4.953677949789717649e-01
-1.251066838307363371e-01
1.987620871961262581e-01
-6.436192689723314597e-01
8.717067370055996411e-01
-6.535991295267288281e-01
-7.016605927227803630e-01
-6.335262262450142012e-01
-5.026788212299436731e-01
-7.485542378096409211e-01
-9.177296092208799827e-01
-8.411920642661043779e-01
2.508019664953759498e-01
7.184825090798845348e-01
-5.599468810726253576e-01
-7.727247956468759060e-01
6.989997092219699670e-01
2.422848846347783747e-01
-6.494287592212840687e-01
-6.955308488953144685e-01
4.865293964016360051e-01
5.495294755717315960e-01
7.002890186035991560e-01
-2.763483593872214650e-01
5.302169281742168394e-01
2.881838383225575617e-01
-2.096254043160007685e-01
5.806969378282189620e-01
-6.046361178460718522e-01
3.601136581509689627e-01
8.457144570564607555e-01
6.210736498483473422e-01
5.567879140671134763e-01
-9.829205054641063644e-01
7.800761511810784254e-01
9.435147936283396763e-01
4.464308260265752448e-01
3.029848243695555943e-01
-5.748071440494835205e-01
7.885382771186350004e-02
8.260859635348324348e-01
-8.741785511566680933e-01
7.457858926803868638e-01
9.849790369595425865e-01
7.554241968693908849e-01
-7.890207620556788370e-01
2.484640669161483073e-01
2.651301510546851814e-01
-2.480482858710833516e-01
-7.115409009507693838e-01
-8.491744178372855334e-01
-6.650350897702271835e-01
-3.810994466785656565e-01
4.355437748024967859e-02
-8.856325726665901232e-01
-5.894390943334011368e-01
8.959465398486411436e-01
-8.679972541727553059e-01
-8.609488634219600312e-02
-8.819396536249027863e-01
-7.019171511865684998e-01
6.250193949776450264e-01
9.158191951831022859e-01
8.930265148934481978e-01
-4.415813836399905545e-01
-4.003860434390105749e-01
-8.444515819462339312e-01
3.510435124504516224e-01
7.884117969966257800e-01
6.558282440818085091e-01
-5.041712219267474593e-01
5.765955744763192614e-01
-2.473872640828158886e-01
6.236904078591390399e-02
6.199617331405438136e-01
8.305422067893908356e-01
-7.391309122633862305e-01
-2.524391086423038444e-01
6.629137260446206215e-01
-9.514041571041313983e-01
-4.817782459337446865e-01
-8.823256932879508518e-01
9.882718479196987982e-01
5.596775173637011935e-01
2.468605165486150166e-01
-8.121447027474042457e-01
5.566127557132984904e-01
8.782176686575275948e-01
-3.881454465802156029e-01
4.461944210459475313e-01
-9.862757682414091676e-01
-4.728712408411909207e-01
-4.589025200788163228e-01
-2.034180582611566646e-01
-8.258234590413701115e-01
-6.106060233375820018e-02
-5.714461527307749256e-01
5.928609153150247169e-01
7.660200858683929859e-02
2.469440454431722776e-01
8.464364037315177391e-01
9.549652078099674091e-01
7.256909758421609125e-01
2.724943654521437275e-01
-7.784145483334860005e-01
8.658862928423916028e-01
4.662624159907140520e-01
-6.431685271640493751e-01
3.174604952780729072e-01
-5.343800979587497446e-01
4.025345203534652638e-02
-9.961509987684943335e-01
-9.653002300726375440e-01
3.055764079437045533e-01
9.365972610192578873e-01
-8.558288848883147670e-01
-5.378818835874699111e-01
-5.910829076268209192e-02
-8.830949037360484866e-01
9.786632129211569886e-01
-9.135755068590047934e-01
6.540791141501569594e-01
-2.382015598994641215e-02
-1.831168603147460550e-01
9.267541648074517635e-01
-8.364897623687191919e-01
3.353794837256836581e-01
-7.108876171601599125e-01
4.569069732483762580e-01
-8.086966237595245577e-01
-6.336436866896684172e-01
-7.339745819681774419e-01
-5.824040400012262531e-01
-4.189480321470461233e-01
8.225692826698387528e-01
-2.466734983709814588e-01
5.732170025975292793e-01
-4.194738358459018102e-01
-8.856977706238389203e-01
8.525594456255169984e-02
-1.382319948630830186e-01
-5.335544897237913808e-01
-8.467773633069176631e-01
-3.208318468133346535e-01
-1.642432815596641671e-01
9.108990982569455941e-01
-9.474569631843422490e-01
3.887939021509946858e-01
1.971275647411565024e-01
-9.590866910201689688e-01
-8.234642308512187814e-01
9.140807620414649337e-01
7.149859011303577594e-01
-8.601646911032089227e-01
-4.102552588065263572e-01
4.484850797617061513e-01
-9.236153300665330690e-01
1.031712729547562685e-01
-9.784150311077411954e-01
6.838095666390882066e-01
-8.345127184251341923e-01
-1.431782349090313100e-01
-6.916709635993206762e-01
3.571144329777040660e-01
-8.042331521500385438e-01
-8.308553119589634495e-01
-9.102340918828583094e-02
9.551713262859403697e-01
-9.615129322841957649e-01
-5.367391766078694060e-02
-9.234924286218257894e-01
-8.740785396352726000e-01
6.406104438253020783e-01
-4.241261235153569453e-01
1.342560872516054271e-01
-7.544088909001838150e-01
2.447891594459278564e-01
-1.738524949906408990e-01
-1.473522951651655769e-02
-2.399911000939764782e-01
1.260620700482232848e-01
4.398573283070440487e-01
-6.915471749149137981e-01
-8.548588776764129982e-01
-8.137132239454906157e-01
-3.959283539370311855e-01
-9.400027278263023423e-01
-8.693979570351519914e-01
-6.139861468342535655e-01
-4.142772339782684332e-01
8.387645686366240749e-01
6.009710527604361641e-01
7.620729833074061377e-01
3.955425207135707111e-01
3.067992950280424846e-01
7.588795789513966827e-01
1.104255291186384547e-02
9.391504298081505553e-01
-6.326143520606118953e-01
-8.645084444131190260e-01
-4.149817576578504474e-02
-8.581811719682783668e-01
5.223992891284272577e-01
5.360503933679681143e-01
-7.169226735198240830e-01
-6.709558007460409979e-01
3.313819563921781564e-01
7.916804824494587667e-01
8.476480013640244060e-01
2.949637201920656260e-01
-3.516289325606626326e-01
8.801599552566727880e-01
-2.479349845860067680e-01
1.565804539148049623e-02
-8.943835789768868061e-01
-9.994758242715835461e-01
8.914832690944909377e-01
-1.254424749548700702e-02
3.269129521035682995e-01
-2.362052855793203565e-01
-2.341550249491544111e-01
6.951677923683005078e-01
-8.149960748414698530e-01
-8.812869997362289265e-01
5.609768356570525860e-01
-1.247296691516933675e-01
2.435535967145929792e-01
7.725638660198161922e-01
6.423810995181966632e-02
-6.912579347597718193e-01
1.696174985529758095e-02
8.056041373016133988e-01
-2.418697280235167502e-01
-9.425844093782532740e-01
7.279274713366439276e-01
8.908587341843385854e-01
2.102043774353484218e-01
8.325365551939934994e-01
-7.064596594550540676e-01
-5.849329790815545327e-02
-4.338638034192272563e-01
-9.167842946112338964e-01
-6.384331423537816796e-01
8.663852035694444842e-01
-6.495227525147833081e-01
8.921357609468573424e-02
8.890498264598842848e-01
9.598213695298648540e-01
-8.439296914037378583e-01
9.149411649770887722e-01
6.971071633521942479e-01
-6.198858714006405535e-01
1.095489360230134102e-02
1.153118602652442592e-01
8.737070326495228745e-01
5.929603705440547046e-01
-7.526211864991987355e-01
7.214555266617739271e-01
-4.881530469145494711e-01
-1.993836048906677538e-02
-5.106744047504658823e-01
-9.568447926295626793e-01
4.774056695841523146e-01
-8.142421495436091838e-01
3.144816515029825732e-01
7.683203457799661074e-01
-7.357385723445628578e-01
-5.072477543736447769e-01
-4.464902110765548993e-01
7.950243589014064360e-01
-8.479547784835603785e-01
-8.807039822363684767e-01
5.218893099978624273e-01
-4.288176713958470332e-01
-6.613936598632800257e-01
-4.226042636798738594e-01
-9.054851156355555597e-01
7.259560358138317238e-01
1.085249271951925221e-01
-9.476870619479678126e-01
8.647922157532426102e-01
7.865459084244772470e-01
8.499321687481797838e-03
-9.810302586941046510e-01
-6.963425659058487538e-01
9.264877368191778428e-01
2.410737158312508122e-01
-5.521645792824234622e-01
-9.715182288388668486e-01
7.857434723715546188e-01
-3.564088726616198022e-01
-8.074266353473378288e-01
5.366140769480232109e-01
6.393121453930667997e-01
7.801153732026157028e-01
2.430059674443098283e-01
-3.774289296446905473e-01
-9.720755956229691908e-01
-3.112648691554041336e-01
8.684290360323756452e-01
6.161504996784745725e-01
6.294103735151334034e-01
-3.591144276047504302e-01
-6.696492541859905279e-01
-7.967389096351183975e-01
-2.629492557208135128e-01
8.693225440799230430e-01
2.390844110229492780e-01
3.541489968835249691e-01
-1.567648886139090536e-01
8.937940847783358844e-01
4.995339925170158013e-01
-9.457596241009400551e-01
2.203491326234149339e-01
6.984617317449833829e-01
-8.111807854975298104e-01
-2.075800479236033502e-01
-7.711789382959730599e-01
-5.471793293386411072e-01
3.483001716808528658e-01
-3.199159911539132817e-01
-7.745459739282253842e-02
3.407635036192890876e-01
-4.166229508817845817e-01
-9.662019260264408382e-01
9.266547199714365579e-01
-8.228589960905741130e-01
-6.666888420262069292e-01
-3.534518888641909884e-01
-8.931933252269106394e-01
6.034304645485559782e-01
7.830428670180149542e-01
1.831169754657528403e-01
-8.480018150255625997e-01
8.777769118943077320e-01
-7.559366063964808591e-01
4.133079782401806457e-02
5.978588298716535077e-01
7.398648169849049161e-01
-1.429382880061470518e-01
9.442416669471496160e-01
-4.538430067614976915e-01
8.915651540569831113e-01
-4.807843496334006650e-01
-8.478324948585737042e-01
-8.027674188911664288e-01
-9.503535498093939049e-01
-3.640619927437594439e-01
-5.367417769908053859e-01
8.205526949212442744e-01
-9.468693410439543712e-01
-5.358319595049885198e-01
-4.064861074285993081e-01
7.086902756695094840e-01
9.799924024604539374e-01
-8.771720236923152836e-01
4.646916627495524255e-01
-9.781742367558005080e-01
-8.951340518222481446e-01
6.764668440644798775e-01
-8.125487032556563127e-01
-4.196845562084329240e-01
6.266664996609631055e-01
7.120188070408883796e-01
-5.600852136194636177e-01
-5.439607647326152873e-02
-6.788207740100702381e-01
-6.055877298556006094e-02
-9.872935950593725307e-01
-1.984985970896221419e-01
-6.497671095333218405e-01
-8.238458515211910527e-01
-2.801507141541706991e-01
4.382347346959304391e-01
-5.222772029855889953e-01
-4.484635587744614793e-01
8.509347147163626168e-01
-5.428520796584829222e-01
6.624986514925457204e-01
8.694097017462534271e-01
-2.894226107071124487e-01
8.786015232444720491e-01
8.065431342439148832e-01
-3.391325122395524305e-01
-7.520186903371787190e-01
1.981694250450709294e-01
3.202836631650533561e-01
6.661510738096649842e-01
-2.887906323786252338e-01
8.552911585749107815e-01
4.747538515180819152e-01
9.959924630708592019e-01
-6.411221378352234268e-01
7.594984857177043969e-01
-6.203731356724808688e-01
1.406877820421414682e-01
1.445059159555693029e-01
5.427744245834457137e-01
2.967874811442751115e-01
8.995798561891762413e-01
5.125846580031246935e-01
-9.578755434973628136e-01
-9.801797922100951022e-01
6.305375002094257830e-01
-6.885619563698130996e-01
-8.093269020416097304e-01
-5.287809785284839359e-01
8.537143603782167967e-01
9.343105604080957916e-01
2.608452829166804099e-01
-9.804894665235074358e-01
-3.746932326566890792e-01
-8.767904089071080209e-01
7.737670001350904769e-01
-7.674568757604425251e-01
-7.552265267007970406e-01
7.852317828837938052e-01
-9.513176999437227277e-01
7.005225660431437795e-01
8.459577379241891570e-01
9.043151111892414606e-01
-5.139998323547276815e-01
-1.466629893071514923e-01
5.067609796445040615e-01
-2.713301489115124698e-02
3.503485781889575934e-01
5.573134934221041226e-01
-4.020992848592192526e-01
-9.599823139400871508e-01
1.400641219018944339e-01
-9.131245173017417116e-01
-3.342573776993450485e-01
9.273320253779027134e-01
8.235283742438311849e-01
-7.675083289978729129e-01
7.577201042479386750e-01
-7.683675171465250697e-01
-7.776060186135216323e-01
9.007189276721691007e-01
8.977853962300348378e-01
7.716221336566928546e-01
-8.621347230743922063e-01
-1.844536501136053996e-01
-7.972842548519440964e-01
-9.332661946821949606e-01
7.016403029943191205e-01
-7.790882774234333952e-02
9.571479141627128318e-01
-5.002642415305968981e-01
5.940044137588812445e-01
-3.793747266439949639e-01
-1.785830473627994519e-01
4.248509133618310618e-01
-1.270914127989815623e-01
8.612077471506645043e-01
-9.410601063901689045e-01
1.781022629805770752e-01
-5.914878336529807434e-01
-2.690976178697335741e-01
-8.405995042180647303e-01
3.713389540898174301e-01
-3.453050904023630130e-01
8.016342784437845426e-01
-8.727175305918062342e-01
-7.304852402384305332e-01
-4.349846863454625567e-01
-7.870985667833740873e-01
-7.192622148489313805e-01
8.444583083065781981e-01
-1.674064106142503783e-01
-9.119821506819286716e-01
8.361355565317725169e-01
-9.682664069249334871e-01
3.082413453411003701e-01
8.479848281935009613e-01
-5.161564909258367084e-01
9.848005857229871207e-01
5.739034486544828395e-01
3.148703814956617664e-01
8.854674182617697786e-01
-7.840412230327382659e-01
-5.297100581799392138e-01
-7.802260313524465030e-01
-9.983976125856137696e-01
6.598572448094177645e-01
7.330620202962405685e-01
6.766153879422506234e-01
-8.752584608000734123e-01
-4.526862753067702472e-01
5.307148306350110145e-01
-5.881491433431488280e-01
2.628014327405018280e-01
8.836386151013005952e-01
8.294661836721950454e-01
-4.405126093711418944e-01
-4.682005555328111468e-01
8.297823404390534119e-01
4.446095303963715217e-01
-2.154402781678346201e-01
-7.805263224257875665e-01
-9.241114368841440996e-01
-8.803861847915299688e-01
8.058820191607132255e-01
9.561962061539299729e-01
-6.903864015939825682e-01
6.896745114029573243e-01
3.807673298216474045e-01
-9.689519908420723970e-01
5.359465226466479937e-01
6.626184246019244384e-01
9.930566983636133216e-01
9.999064727082260795e-01
6.781973734833736112e-01
5.147083458618821883e-01
-8.010854766682463657e-01
7.581034604653686948e-01
6.775382476177720381e-01
4.358648048667262964e-02
-8.018482636076333936e-01
9.790284607941298622e-01
6.115130477472916493e-01
7.781295725633063931e-01
8.900873188569405903e-01
9.654738831674523070e-01
-3.240055629766061540e-01
-9.646935252440717035e-01
-7.424624802344444996e-01
-2.769759847356836890e-02
9.193844107890866146e-01
4.574055542673594044e-02
-9.636656490684527565e-01
7.896712525844856723e-01
-1.643601803987592147e-01
2.172311924878529976e-01
1.727667193981719529e-01
-3.901037067544551595e-01
9.210182689850426874e-02
-7.282004135872580664e-01
3.544343762824010424e-01
2.439855590539043162e-01
-5.090585749098829327e-01
6.144028692905599831e-01
-4.074051574813244980e-02
9.516775257844327651e-01
4.777815693427039379e-01
-6.719761750274397816e-01
2.102989335812640026e-01
-8.138300841259249463e-01
7.369968959985480073e-01
9.164791587711593746e-01
-5.393037753697264014e-01
-9.336846899054731530e-01
9.169440651528776298e-02
8.456127148802257132e-01
-6.927302651500786279e-01
9.828365399581115991e-01
8.822765461588334412e-01
7.500377155285142816e-01
4.508556474478989662e-01
-2.592962584467390919e-01
-9.169054728256119668e-01
1.722572750663005081e-01
-8.599413503681727633e-01
5.932786240269212197e-01
-9.350288784929591257e-01
8.624119830364314065e-01
2.685583319094236310e-01
-9.549528756633400839e-01
9.775018447562249246e-01
9.185240869523059182e-01
3.093189780252366683e-01
4.765079303112970677e-03
1.340284672133844057e-01
5.257004275311689678e-01
1.155027316130942117e-01
-8.426741010331263437e-01
5.633814822952744050e-01
-2.640947537877890161e-01
-2.995718709544553104e-01
5.398749416886423624e-01
9.384212221514733887e-01
-6.778416310975750037e-01
-6.933221425437063878e-02
-5.729479037987583734e-02
4.918458628013261391e-01
-7.403282028387969671e-01
2.049293312657601840e-01
-7.152837795549404909e-01
4.442631495146430742e-01
1.667588083910653829e-04
-8.852907189558789636e-01
7.984694801860876545e-01
8.090913805498598510e-01
-9.804772155688668001e-01
-9.372067277488829173e-01
8.297459556441988404e-01
-5.202240775724581434e-01
3.069795443571076143e-01
-8.339600125919957030e-01
-9.733792133939719315e-01
-6.269452258055306926e-01
7.878754428646059793e-01
-6.757167453141171842e-01
-2.862065165238991682e-01
5.177702006470775720e-01
6.594620642107473785e-04
-4.202861812250787699e-01
6.708549109263282073e-01
-5.105652106928133538e-01
-9.361281568574172374e-01
-5.063186700956275876e-01
5.158742394157100897e-01
9.421251543271262907e-01
7.714315228623778997e-02
-8.486738551058984337e-01
-2.166655350040177508e-01
-1.753553545805605629e-02
9.833739940580664696e-01
-8.272332293114406099e-01
5.684300591323164786e-01
-9.617926275913912804e-01
6.895573008040287721e-01
9.890976534684288168e-01
-6.367323759963993135e-01
-8.398270566948360383e-01
2.118547682313818292e-01
-4.683609969131150574e-01
-6.190424628769948534e-02
9.979873858680604615e-01
-1.660466207304400477e-01
-3.544004947863780286e-01
1.848425626171579517e-01
-7.443840425687372475e-01
-5.749304214260277934e-01
6.952595128987852924e-01
-7.986719267397237587e-01
-7.952802066999951069e-01
-5.171962351172740835e-01
-8.914984394370908394e-01
-9.105982554750730040e-01
-1.054230547962309306e-01
-2.917922149086056849e-01
5.745916330669108563e-01
-9.259043411251826061e-01
-5.822570300378426822e-01
9.198861762963268518e-01
9.482577354276451320e-01
-7.521645657124618189e-01
7.257155108049546666e-01
8.235977777338661099e-01
7.228029604088930249e-01
6.703774275196956456e-01
6.151655500529594756e-01
-7.523987707170282091e-02
3.384694106579003714e-01
3.836019911954932082e-01
-4.049295495033615189e-01
-6.428856014391819418e-01
-6.861771351348797676e-01
9.725116559629779500e-01
-3.740292450805655644e-01
-8.626460038475853853e-01
4.393293693159802116e-01
7.811960894119187593e-01
-8.043487772632947896e-01
9.535798671634869716e-01
-1.598403563800088190e-01
-2.137171728326413001e-01
-9.616880278476914734e-01
-5.988130923894218194e-01
4.639377455308546505e-01
-2.659541563710294820e-01
-7.916215142858414877e-01
1.125678345379260703e-01
-4.167439082770008629e-01
-2.609912227063761470e-01
-4.801685133145774387e-01
9.631276117270672898e-01
-8.374297961411365510e-01
-5.872191194174426476e-01
-4.220448756185889994e-01
5.983891117589748010e-01
-1.401521841393547352e-01
2.629566604866275248e-01
8.551467950523645722e-01
7.919678954615364530e-01
-6.628863491046834699e-01
-9.380030264151864028e-01
-4.770551069338068162e-01
-6.407336842004917044e-01
9.033222726240411893e-01
-4.981534564599066073e-02
4.172067130040988947e-01
-7.325028158481310392e-01
7.485902287104452268e-01
3.818936675236226375e-01
7.216273164529225514e-01
8.010145719978251089e-01
-2.574353165829796897e-01
-7.858057154322377613e-01
8.118672168718638060e-01
4.495913993240500117e-01
-5.279444334855598608e-02
-6.028041128387425784e-01
-6.023814117695895920e-01
-5.277369422432803825e-01
-1.828488333197408056e-01
-4.783072390816817121e-02
3.405171046960356329e-01
-3.329402261149386755e-01
-9.037563845477700752e-01
-8.560531770632464621e-01
-6.406770900306469896e-01
1.836668363235023360e-01
-8.146729700428907428e-01
9.427434334127093862e-01
6.651432406570674249e-01
9.839878772582384414e-01
-3.549122658416152820e-01
-2.204449303428968887e-01
5.154525506634516363e-01
9.238759371550722133e-01
7.990043259120144237e-01
4.515016288703295189e-01
-6.730489995640118739e-01
2.326156465699668885e-01
-4.749875764072932771e-01
-6.292882971852150620e-01
-5.036039059469442636e-01
8.625698420014080714e-01
-3.929234493670532569e-01
8.601806228503019458e-01
-6.259072842989792385e-01
-8.571199598462119207e-01
-6.066853455727226896e-01
1.540475258643362877e-01
-9.822500915438139302e-01
-4.994656689908741343e-01
7.293323462282775838e-01
9.181326030413077266e-01
-7.884732529011500013e-01
9.668151491796673769e-01
-8.417128248996547102e-02
-3.717035829874913433e-01
-7.262414762717600558e-01
-1.634902330795526826e-01
-5.422358033574590230e-01
-2.624909509685692255e-01
4.767516401828102990e-01
4.375836079556229552e-01
-5.252002191234514950e-01
5.906609304339420774e-01
-4.338288695396371741e-01
-2.868937612987549346e-01
-6.748863827765774204e-01
1.449580876222846815e-01
-9.891293749952840830e-01
-4.610036525124755480e-01
9.448263222551833707e-01
9.780787980660308190e-01
9.212527345986447624e-01
-3.925763477533578683e-01
5.783814611711511899e-01
-1.303132013131823863e-01
3.138312974587051940e-01
-8.843191420942804193e-01
-3.898269708250212684e-01
-6.779544524647476145e-01
8.143011984276997683e-01
5.079467608429207859e-01
6.509088703097579698e-01
9.641322193458844447e-01
-5.646913368499885122e-01
-9.781489535364484844e-01
1.199284799430647974e-01
8.514840454817925730e-01
-9.780750681944814229e-01
4.999284073566692133e-01
8.459173353088061953e-01
3.210593772237075871e-01
-5.903027276163795856e-01
7.385746578956671193e-01
-1.515585023111469809e-01
-2.057285227223443480e-01
-7.784416948365255884e-01
-9.230265049797377053e-01
-8.849184790726549732e-01
6.803026514743684139e-01
-4.803359346420065790e-01
2.178479658114279571e-01
8.302929294664279647e-02
-3.018421372500793565e-01
6.444581300212003372e-01
-8.571257853395977122e-01
-7.388156376108307999e-01
4.270673603135527463e-02
-6.327338087215766960e-01
5.933028147985088818e-01
9.241267753214216230e-01
-9.885330389946105356e-01
-4.960693053642072914e-01
2.885258262826525533e-01
-8.622769058311131607e-01
2.488042537930804793e-02
4.235176314952053822e-01
-8.118204233618514509e-01
-2.495304770264067384e-01
7.215293462451981554e-01
1.555119330566692715e-01
6.270938941735995087e-01
2.577757228891191521e-01
5.494577249532802687e-01
4.207780321287802328e-01
-6.891930388464897472e-01
-7.526889295855933026e-01
-5.470253984931280344e-01
-3.041464618102561190e-01
8.277413774693633819e-01
-8.312404770130017440e-01
7.433010460229504401e-01
-9.208075820545584822e-01
9.413502022428319460e-01
-1.710637906301781808e-01
4.845651059131070859e-01
5.670953156352611657e-01
-9.034334199259276277e-01
-6.901997037898807141e-01
4.914933865371796939e-02
-8.796948125956393083e-01
5.280556796954420928e-01
8.093266621496852942e-02
-8.111711311811684588e-01
-3.158734640886680101e-01
9.792181475187303752e-01
-7.205397307743984792e-01
8.832254221599407096e-01
9.242603209797285446e-01
4.379831172620698987e-01
-1.951137128602378756e-01
-4.342407940855713688e-01
-8.390970793684311424e-01
1.475689949894277708e-01
-5.097413503493406495e-01
-3.023340110768191202e-01
-4.045179334753917777e-01
-9.976459435268519860e-02
9.941315224222763147e-02
-9.108366264590459505e-01
7.978654047176030328e-01
6.273306190845413521e-01
1.973143340004157587e-02
8.303194318262072104e-02
-5.505128172712183687e-01
1.782108406470102879e-01
8.587397152708083903e-01
4.630656774724760116e-01
-3.797983797691417696e-01
-5.719705747746369751e-01
1.548872058302429994e-02
4.128122759339343251e-01
2.071556727746249882e-01
7.864019188162429952e-01
4.751845226992807980e-01
1.785681023336956885e-01
3.230972667890836814e-01
2.347853436501775304e-01
2.620726350818645134e-01
9.929877144135970113e-01
-1.996562777114568865e-01
-8.065064470527446572e-01
-1.603130904868758366e-01
-6.966143190726058476e-01
-7.232702587217058054e-01
1.426850637413573375e-01
-9.028367016267595524e-01
-9.868636458103936526e-01
-7.175057930804185080e-01
-8.334686352513349661e-01
2.367103404774975606e-02
-7.802585413352051136e-01
9.484982100303250840e-01
8.884687292272120951e-01
-6.409675005302760686e-01
6.651879457844822596e-02
-1.882292409305407199e-01
6.797740355429271464e-02
9.803566473511998725e-01
-8.327880114625084707e-01
-5.906258135715934943e-01
9.078804429220564964e-01
6.337965611087559292e-02
-2.892482504882507577e-01
-3.434719535341136942e-01
-4.452962664260317061e-01
7.699763054482341440e-01
-4.362473250778748923e-01
-7.882531811135318200e-01
9.691964779699734356e-01
-4.583948773745701311e-01
7.051971804237571195e-01
1.566989868933087449e-01
-6.535563117762893670e-01
8.515697780874089684e-01
7.225190360146608315e-01
-7.930732720713340456e-01
-9.383814243297712299e-01
8.071427347490052195e-01
-3.713217767244341161e-01
7.967875372217638752e-01
7.020633273680609854e-01
-4.589218942931401202e-01
-1.559063362187808610e-01
-6.239763456296494315e-01
7.737925385301520631e-01
-9.212939284168768506e-01
2.783890328939361836e-01
-6.479864470363976281e-01
4.662204707009472426e-01
-5.091755350254703050e-01
3.571366340109285442e-01
-3.020365055373059882e-01
-5.018618839280448718e-01
4.782903496700562918e-01
9.561731765271541672e-01
5.110349612718617651e-01
4.473405763802079660e-01
9.196918701122551720e-01
7.967044989486834483e-01
8.274952005170810310e-01
-8.210834504131401257e-01
9.068403383024569164e-01
-9.829411095822344624e-01
-8.802927043791515249e-01
-4.522999348469424197e-01
-6.382681734293450537e-01
-2.713000889915745950e-01
1.571827918785181355e-01
-4.907078082005006947e-01
-8.657419009198719095e-01
-1.132417327981710686e-01
-2.010505505882064226e-01
3.606573732468261184e-01
5.412738308519334796e-01
-2.482471054791626774e-02
-9.569024863353516874e-01
-1.044804544411069708e-01
8.955417232085087775e-01
-9.465007400669209758e-01
-8.010058751130509913e-01
9.379879767205094865e-01
-8.399529243113011967e-01
5.576179742072930878e-01
7.192136349663809103e-01
3.529764110075149230e-01
9.365581811352570174e-01
6.172766178969441020e-01
-9.219748048141571672e-01
5.819521458260149549e-01
-2.939622294964879257e-01
-5.590525671747865744e-01
2.263546009086999655e-01
-6.021312449535352052e-01
-6.871218142000369289e-01
7.926076369949605072e-01
2.666358605485119049e-01
-4.952064036366720101e-01
3.752615209045754296e-01
3.691102007897355541e-01
7.599420216182126708e-01
-8.408746465948508941e-01
-9.433133042456467443e-01
4.564203626217391840e-02
9.667063658016283867e-01
8.437906933381901231e-01
-4.328629820333315115e-01
4.385804073502477113e-02
-9.070908625553862903e-01
6.351173695417582366e-01
7.964235967594972543e-01
-3.556091890153852964e-01
-1.843929201070719504e-02
7.089575062613937551e-01
8.742998664144064902e-01
-5.668543954116078698e-01
2.841571338481514997e-01
5.718866076627944217e-01
-9.541708767633811927e-01
5.546435469458521617e-01
7.620642373902526412e-01
-8.743575631136167869e-01
6.270650959134133062e-01
8.180268268026104073e-01
2.620165360148885569e-01
-6.545657220148076716e-02
9.258769905972381586e-01
-7.571675197781568833e-01
7.503286105950146556e-01
-3.060986279608823857e-02
9.049668822450240846e-01
-9.972970766812757626e-01
2.207521859834351008e-01
5.421253423072934785e-01
3.988410443332304767e-01
-6.935455535023757889e-01
5.661355671868558703e-01
-1.531855424394558685e-01
-7.898011858126741114e-01
4.864148084389747773e-01
8.675909332258266993e-01
9.590162941126056939e-01
-5.555540485904969517e-01
-7.840011574464730293e-01
2.355199690655078726e-01
5.439860204460962301e-01
-1.631139962860493897e-01
-9.370541946087187490e-01
-6.444252149554592357e-01
8.534597376601892327e-01
-5.214439821458963786e-01
4.354712995193436575e-01
4.269090180149373581e-01
9.325466963354072103e-01
-7.670608774141864927e-01
-9.005120255770935334e-01
-4.324712376875883280e-01
6.807452649624197161e-01
9.029876820418789585e-01
-9.908214896297784513e-01
-1.903531100590932779e-01
-7.271657350637963368e-01
-4.972932666403959701e-01
-1.230498494520964291e-02
4.631634126064382850e-01
-4.404526985632487013e-01
-8.481076837194465590e-01
-8.992678409974452780e-01
5.378792943290459094e-01
7.913290032683607533e-01
1.753197285884566803e-01
5.286391509975680858e-01
4.599979419772594058e-01
-2.046276346447641892e-01
4.667791776312232299e-01
-3.846565728694922304e-01
8.255345073461074490e-01
3.339943841030562077e-01
4.443720185600975037e-01
-7.873286112258282010e-01
-3.476708373645566175e-01
7.626966466425462166e-01
4.505951310554202616e-01
-9.187978967678750442e-01
7.265397799090455022e-01
5.980743990201383697e-01
7.217542946837002260e-01
5.454933210856793835e-01
-6.737521026219810416e-01
4.686082415589809536e-01
-6.842633005920228939e-01
-8.272295943208641811e-01
-8.294082126858228765e-01
-6.455889598323464318e-01
6.350889562613680761e-01
5.381964801799145326e-02
4.489265934371181599e-01
3.448573374771796152e-01
9.581836886525533226e-01
-1.398998536516919966e-01
-8.369428974266255317e-01
-6.214804778212719150e-01
-7.537528164357379934e-01
-8.163665286311895253e-01
7.134184229887385875e-02
2.670392761874178511e-01
5.118988646667996800e-01
-8.032810250297161003e-01
-5.420760852913603101e-01
7.675294454528667210e-01
3.416763190719812604e-01
5.413427674218040941e-01
-9.495889824248080480e-01
-8.758827944202349780e-01
-5.013313273500044076e-01
9.582959870661948987e-01
-4.748582318343513853e-02
8.557625024843819039e-01
2.904711068308550859e-01
6.063397374475759660e-01
9.417664727962069549e-01
-1.231265440977496600e-01
8.575435311644976633e-01
-9.297858434093657642e-01
6.482252030865498504e-01
7.457267979872541641e-01
9.366229714837815967e-01
3.835857790915541132e-01
-9.624301475390507621e-01
-4.618502346466732966e-01
6.190543140913659093e-01
-3.190861565088315421e-02
6.288509354039132360e-01
4.113484213511868770e-01
-2.699249694231684593e-01
2.597227633790840651e-01
-3.491579970462554972e-01
-8.987762883027901051e-01
-5.425193441219000601e-02
-9.664536456387810004e-01
3.683011716889571519e-01
-5.207986137764576695e-02
-8.675366277441926011e-01
5.258723155538769234e-01
5.943921508087895988e-02
-8.259779808194095407e-01
8.771402599004242129e-01
-5.927261384545732259e-01
-9.588322328892612267e-01
-8.563713242227487532e-01
-2.629306761281152705e-02
-6.107960791497295538e-01
5.714800159692655646e-01
-7.856680238475761691e-01
7.141046255889796912e-01
-9.741413901387280250e-01
3.201598765196140839e-01
6.644008780836805350e-01
4.801399633498492636e-01
-9.079580914876060893e-01
-8.024173308665939475e-01
2.863877306017265090e-01
-4.372222333708563058e-01
-9.420256427985512770e-01
-6.919166326202609296e-01
3.883256098099368003e-01
2.421846352497847299e-01
-8.349829472105565475e-01
9.318432510369101252e-01
5.960976817985146337e-01
3.694324019103892853e-01
1.199612751726798765e-02
-1.782725384514393663e-01
-5.745409453721972426e-01
-4.632760606745099374e-01
-6.376037421602364086e-01
-2.105581785365401304e-01
-9.570396523261778254e-01
9.240059908041666770e-01
4.682629885621909793e-02
7.831872675125036709e-01
-5.367163350821372303e-01
7.587442803637500788e-01
-1.934594700207087625e-01
9.436850199583884935e-01
7.542509269661790139e-01
3.595033581711594151e-01
8.364583784140258160e-01
-1.488335997878096895e-01
-6.700438175454181966e-01
7.624632854038333463e-01
-5.465936666256271392e-01
-9.562488337051411325e-01
4.151809538693744805e-01
-5.575027889176911167e-01
8.878646336228075420e-01
-2.043134970755675073e-02
7.896679040893354040e-01
-9.928355634168122279e-01
1.370458305461769166e-01
-4.111473729194181637e-04
5.207640190425303350e-01
-9.388175409520518322e-01
-7.110935414521214470e-01
7.174474474467369411e-01
5.146258612922266495e-01
7.401114466549183479e-01
1.766601244374891577e-01
3.509590732798653634e-01
-2.140524352761824511e-02
-4.414348897878475064e-01
-2.353060449373037266e-02
2.320834564933885180e-02
7.666796624658294146e-01
6.499763357749561710e-01
-9.544624717113616708e-01
-9.668813877542213886e-01
6.357184968055351604e-01
-6.005447055399339984e-01
7.575868971091892501e-01
4.843615321685537101e-01
6.055348870223660196e-01
-5.032059198110353515e-01
-7.055974233461098644e-01
-2.405601048151173038e-01
5.029617308501714845e-01
-9.020560377983186662e-01
3.027920356624734244e-01
-4.286978532641907980e-02
-6.716721268402995326e-01
-8.795632634394782157e-01
7.063739125116054174e-01
-9.908901108804875069e-01
-9.044159383629554183e-01
-3.327601659559338287e-01
-7.377649132083818895e-02
2.109787785588142402e-03
4.932892622092940327e-01
8.605725483628328121e-01
7.266284212760466543e-01
2.008553762216190031e-01
-6.550249632036728720e-01
6.753890052306202318e-02
5.991718584858504171e-01
3.063953926485197821e-01
-7.783398291843610650e-01
2.448758925014648813e-01
-5.408096055324271845e-01
1.094994252832237058e-01
2.416925863978339750e-01
5.311865060500204905e-01
-7.125718090678336836e-01
-1.914153380869792753e-01
-1.910127882847769687e-01
-7.030814227977116859e-01
-6.348279631978609450e-01
1.726454854001420458e-02
-9.750502491310096831e-01
-9.156891666251059103e-01
4.151103699533126856e-01
-8.825965439579859240e-01
5.258388279744697913e-01
6.286523405480801685e-01
-4.304632149871917557e-02
3.611620091255510756e-01
-8.646160836693888019e-01
8.824175401960143716e-01
8.719623569155825482e-01
-5.392211963216606563e-01
2.205540421749974112e-02
9.493852581383238620e-02
-4.117854935408626904e-02
9.169439016311117241e-01
9.433642473164525200e-01
-8.888966169401268935e-01
6.587958787897357782e-01
9.781024825102766496e-01
8.485583240584859688e-01
5.710729337435145325e-01
8.220872606333147203e-01
-2.151792191450525582e-01
8.346076621687832375e-01
7.512880265753119069e-01
6.581921364053242574e-01
-8.227796431190325110e-01
8.368202238973395657e-01
5.387551159456049898e-03
-8.632433052104513393e-01
-9.865859543441527491e-01
-1.629754051301464113e-01
6.590345754336284223e-01
-7.929494613257497271e-01
7.963481362896059901e-01
-3.808346842049829539e-01
-5.003753603159734054e-01
7.136450496278118338e-01
-7.075632711528813124e-01
9.581082480453283479e-01
4.498629171315173814e-01
8.135726392609479163e-01
-6.555331263225820937e-01
4.361734209991777744e-01
-8.742800227915999978e-01
6.692978304498162778e-01
5.364138226760601924e-01
7.859761842900794271e-01
4.060730027500102368e-01
5.717886095688418102e-01
8.044067312722228413e-01
-6.803825751897187857e-01
-8.652379476156381033e-01
-1.721299852208756920e-01
8.450251725282860171e-01
5.471254178654161304e-01
5.247966403128647706e-01
5.166415613463193335e-01
8.668192933104090780e-01
-8.744522456171821556e-01
9.097132368670075575e-01
7.577086076191634767e-01
7.305520412781709716e-01
8.784031294374905485e-01
-8.846388199368521166e-01
7.679538949110302770e-01
-9.991884623034644752e-01
-1.021276239017289145e-01
-7.931437112612699236e-01
8.996143302736601122e-01
7.901013814564739057e-01
-6.046984874465207715e-01
-6.932726523068063473e-01
5.619935547592846969e-01
4.258880270616256514e-01
-6.595804637724500541e-01
-5.973131973259444560e-01
9.230766137921193604e-01
-9.856073373721331299e-01
7.634916755227079133e-01
-4.168432641911724579e-01
9.502620064428590752e-01
-6.752997944589772539e-01
8.700240308011675250e-01
-8.338770975709696165e-01
6.047771659917582365e-01
-9.358060421648034533e-01
-2.661385406610779492e-01
5.714627997908769963e-01
-6.503739765800771178e-01
1.515361625778173793e-01
-2.917029431982500753e-01
-9.030830347280016657e-01
-6.729962721110744894e-01
5.401053681998160272e-01
-1.528111612525454299e-01
-7.035418348941617772e-01
-5.740754002811602197e-01
5.626933025322895521e-01
7.781626291797099082e-01
3.361064909620139485e-01
6.982831917176146597e-01
-2.907656037498405066e-01
-5.466191478551951644e-01
2.177198222178786391e-01
-5.325571015250450957e-01
-7.275303153731416117e-01
4.534383366008716276e-01
-8.615046013399357827e-01
8.811298089032989500e-01
-7.108867716767359735e-01
9.560570091978577434e-01
-5.518127508241578161e-01
-1.570095817316540243e-01
-5.904483091628435210e-01
-9.951169298353440551e-01
-5.062308221834944666e-01
-7.553794429621656370e-01
3.116510948489941146e-01
6.057091604999346179e-01
-4.858325700832584193e-01
5.480154419247511566e-01
-8.004600155089536262e-01
-5.842840451750165587e-02
-1.956001020879601093e-01
-8.721396370811584919e-01
5.392147333540070475e-01
1.264375442188684917e-01
9.555405768334926941e-01
8.105533173403594027e-01
9.447262757549816925e-01
-6.024367208951777464e-01
6.969667424897567631e-01
5.200146563337963990e-01
-4.346095787682169864e-01
9.352377721430593649e-02
-9.266950955838290094e-01
-9.214314347806085159e-01
-7.323674126220347524e-01
-2.665514256745682986e-01
1.299504229820901968e-01
3.797498480537114807e-02
-1.121181440174904564e-01
-5.624097770628595505e-01
1.340884921041045619e-01
6.499539340374868024e-01
-5.070923711320411975e-01
4.052006099648448045e-01
2.019824770308656647e-01
8.750794339071269468e-01
8.045801967677885802e-01
6.598559839695981033e-01
-6.599149987581167665e-01
6.436519298296067282e-01
9.322037105535208035e-01
7.961791618997671183e-01
7.820331858021026816e-01
-3.861121291729129323e-01
-6.421426304408246466e-01
1.031600552670991766e-01
9.956390867742211936e-01
1.085314871626859023e-01
7.858541203550564180e-01
-4.804636342516780401e-01
7.903968937075853685e-01
-6.404633718031104150e-01
-8.095061318439150666e-01
6.943200075703281904e-01
8.835661972313976209e-01
-4.100386397096460467e-01
-3.472071423438716775e-01
7.374759330246938305e-01
-4.225053191273622777e-01
-2.189831396097163818e-01
5.174430731702803765e-01
-9.626868509261818918e-01
-9.570134404553263252e-01
-6.270081752907542549e-01
8.853709879648739012e-01
7.737054522067664530e-01
5.502477610555507326e-01
-4.946542497973630548e-01
8.191270316432364140e-01
-6.340998079162435408e-01
9.960125423220025365e-01
3.880960795740257541e-01
6.978767468878209757e-01
-1.415013919925828256e-01
4.702269446409522713e-01
1.663369220995017383e-01
-8.560503120269379318e-01
-2.040196971097412160e-01
-7.661739366555399000e-01
1.909309226868381448e-01
-8.694165317054038944e-01
-8.650262305835938470e-01
-6.266097760047976140e-01
-1.589978413347488684e-01
9.281225150754035536e-01
-2.330279917917947863e-01
-1.697752710480857075e-01
7.916447955429932737e-01
-5.563189030688475700e-01
2.688744897871632178e-01
-7.231697193876793772e-01
9.773241064683035884e-01
8.528923796602159157e-01
5.675303671503137970e-01
-4.745170907807128025e-01
-5.696225783759654160e-01
7.460165809467259601e-01
-4.362223583263089011e-02
5.196528354072921241e-02
-3.298561066976911649e-01
-2.418975501558341956e-01
-9.708214413452311842e-01
-9.319879590720980822e-01
-7.150497944223868085e-01
1.408859183487081168e-01
-8.165517292388125847e-01
-6.972538744162491975e-01
7.850789865147458357e-01
-5.644079134556380106e-01
8.006540849706007545e-01
8.174135346297641824e-01
-1.431706195891211952e-01
7.686623924633948501e-01
-5.209601343454899336e-01
-9.883075864262856891e-01
2.416000628581765897e-01
6.975835628602504723e-01
-6.716627383046280819e-01
7.051774835128811203e-01
8.736907859396415843e-02
7.862916538090964913e-01
-8.829385055293323958e-01
-2.772580747814095692e-01
2.171183645703870235e-01
5.732429684201976183e-01
-3.796087670835798233e-01
-9.926441208898879598e-01
-4.458369017391108358e-01
5.194679439799487763e-01
2.978833268954790836e-01
-8.584422690242158316e-01
6.885455737578779489e-01
-3.573530263950456809e-01
5.957289252449663453e-01
2.970009574539291264e-01
-6.466860215498220210e-01
-4.250648750495901185e-01
-5.635298440309280954e-01
9.917015702161055546e-02
-1.463196637621961838e-01
-7.999690675294661713e-01
5.899066877618118765e-01
-1.032906140876909684e-01
1.150466638734010671e-01
1.015488812208128200e-01
-2.585189646805077790e-01
9.972693001464363327e-01
9.273255151633588156e-01
-4.473678470362342230e-01
-8.919199034936879933e-01
8.231520584371821991e-01
7.669784972328950179e-01
-4.461277791379071600e-02
9.684312265964062361e-01
2.595512800553362309e-01
1.988026233303121781e-01
-8.275957311754809087e-01
3.447481094763871212e-01
1.218433436700488981e-01
-7.627222450866660841e-01
-6.654336453707617727e-01
-6.633115479253532953e-01
-4.389741512656235023e-01
2.874854317203743848e-01
5.977657064425798694e-01
8.056950612378083187e-01
-1.903640229470870970e-03
3.634786300345623777e-01
8.139243911404122622e-01
-2.388560799157649350e-01
-9.747161787849327741e-01
-1.969119932141941143e-01
5.029367468839063271e-01
-9.810217544905360798e-01
1.718299600078670719e-01
9.687732618317551614e-01
1.057020977165561149e-01
5.323413498934952415e-01
-7.766340918699752294e-01
-8.555648600863986486e-01
-5.620148475257851217e-01
8.177108974091842342e-01
-6.866619799026766335e-01
-9.764945975502867803e-01
4.051965516283208002e-01
-2.971629446401382046e-01
5.664737679663295333e-01
-4.333270915360459274e-01
-5.070326614808606802e-01
4.484371198210285736e-01
-5.757606847660037275e-01
-7.512121227947049507e-01
-6.166848966276364252e-02
8.237665447001151220e-01
-8.623089419450241655e-01
-6.150189132796357594e-01
-4.554279674280773405e-01
-8.869830697117448981e-01
6.049100789092052288e-01
-9.755111373404012909e-01
-1.472810106536529551e-01
-7.186625822825518650e-01
-6.597768092623662595e-01
9.074691155476211080e-01
2.362615477124779817e-01
-4.643797848855083510e-01
-5.951352900809611102e-01
-4.551016573976516266e-01
8.733093877558231188e-01
2.202822857602437789e-01
2.696234886654492180e-01
-8.960180556517206574e-01
-4.381375300424890096e-01
3.577621758698375509e-01
-9.590569333123832862e-02
-9.060959892050081121e-01
8.485637573721732663e-01
4.149683519132887910e-01
-8.086012247641513051e-01
-3.655513828233107887e-01
-8.912970993823577937e-01
8.708570535300725890e-01
-2.833212208649420472e-01
9.428471186401721216e-01
-8.015774250323352002e-01
5.737332161509240969e-01
-5.777251115441695006e-02
-7.916157194132462660e-01
3.030249622129171927e-01
-8.314881289733582204e-01
8.526491940271982983e-01
5.761911215172356160e-01
-4.691830245396080290e-01
8.555065035346622881e-01
-9.166382040692169220e-01
7.501100616451729097e-01
8.796923821939038879e-01
-9.308012974088767377e-01
2.345682059390080121e-01
-4.928780174595207009e-01
7.924228786920006762e-01
-7.703849406796056121e-01
-1.150549474276861273e-01
8.018206851253228962e-02
9.291537636807337686e-01
-7.257394817951935417e-01
-8.509837565869213805e-01
-4.733576736045772559e-01
9.487842291844919007e-01
-3.410700826613262127e-01
9.485174779570608727e-01
7.417340914754311232e-01
-9.445218672669966065e-01
-3.245664291900354770e-01
9.728519339900688623e-01
-3.901484744055780385e-01
8.281754827643735828e-01
8.330479972471972472e-01
5.861801806582880303e-01
2.333750149311299982e-01
-5.597519169131645045e-01
9.901425690278784497e-01
9.246529084762731276e-01
-7.645362807599709321e-01
5.198792065817147146e-01
7.842591006144907784e-01
-7.974229986866130382e-01
8.253937027618805100e-01
-9.636651100430217998e-01
1.918143160891656873e-01
-5.817837320237336796e-01
-1.506256675437800951e-01
9.808369875909503932e-01
8.465989786285871288e-01
-6.322070718555429236e-01
-4.908549767742105274e-01
1.380123499064290354e-02
9.726565248300989008e-01
8.882399032859297217e-01
-5.606018132254869668e-01
9.331903929833714750e-01
-2.190492700786608182e-01
7.907541701880391738e-01
-8.665698480742745069e-01
8.971040671041043968e-01
4.031028307820927470e-01
-6.805887654653715035e-01
-3.184680391786816056e-01
7.571689032267607811e-01
-3.894897027659880440e-01
4.292152814579619502e-02
-2.163324115484222543e-01
-6.984977190383450107e-01
-6.261309000650343570e-01
3.843602351568186082e-01
5.500943433654872372e-01
7.298046414294805384e-01
-2.288024234225641829e-01
-6.504339308322568680e-01
-6.536827335300012809e-01
-5.694954763683932608e-01
-1.549020126793806962e-01
-4.294415318119531588e-01
-5.184967570827726524e-01
9.857389994119832854e-01
-1.864744827940588989e-01
6.675455240970783466e-01
-3.306704949753819789e-01
2.027045404587028143e-01
-8.853166070766342877e-01
9.443923753927897513e-01
4.025348822890061906e-01
8.875169665313846767e-01
9.783037422894811375e-01
8.736990065874875588e-01
5.978158027995792434e-01
9.004753069098050400e-01
-8.604575615272481715e-01
2.653205906290559968e-01
5.875322539594649007e-02
-7.627267944445010883e-01
-7.182629860609917039e-01
-6.051437877490928319e-01
-6.898671949679453519e-01
-9.843583272772586934e-01
-9.692722006985403649e-01
3.421983778326659342e-01
2.152579092835321395e-01
3.110883725182541637e-01
8.451031958322091642e-01
-6.526189377976188144e-01
-4.966781460420700012e-01
4.671792080994696672e-01
-4.495977120426563611e-01
1.962834525613963155e-01
-6.114477552426910156e-01
-5.501751284236872097e-01
5.350124104231044342e-01
-9.791969261392499124e-01
-3.746376110943767657e-01
-3.406521926039566273e-01
8.529363736284091280e-01
-8.180183230887387857e-01
9.470318020533063930e-01
-9.659309677169101160e-01
-6.738930166539542910e-01
7.266220382745586237e-01
-9.938501043678023006e-01
-5.514583180285655972e-01
-9.193225103595803471e-01
-7.098629438173807982e-01
-9.708534525910721413e-01
5.676434558162435362e-01
-2.890950325754897965e-01
-8.976798634327241011e-01
4.084200222256717527e-02
-8.885764063055485718e-01
1.923248828282912715e-01
1.116324776546156056e-01
-8.478122029722269248e-01
5.511278337939998773e-01
-2.942131197346348204e-01
-9.045960685154232905e-01
9.311935728243032617e-01
-4.475212166404216596e-01
-9.258714678330179915e-01
2.661763148571951176e-01
-8.077022916583098677e-01
-7.624613303421388100e-01
-5.529304031067945324e-01
-6.566457483105663240e-01
9.257471306708545677e-01
-2.444604334673749213e-01
-1.411960175914353521e-01
-3.561561836689805527e-01
9.220982089788561931e-01
6.723490713750172043e-01
6.766448443910319521e-02
-9.476987791441987552e-02
5.112425047790754018e-01
7.180453748604200825e-01
1.866036823760324759e-01
-6.158283175286649591e-01
7.999433848094266164e-01
-4.320502438278991386e-01
8.938599617646993956e-01
7.978485343666888996e-01
-7.793212951514641995e-01
7.737546811504847355e-04
7.678798824930920253e-01
5.988344911372005530e-01
-8.990145740039039435e-01
8.163704586513111927e-01
9.626038571820400014e-01
-6.265971881614722516e-01
-4.560171874486140808e-01
-9.191642700655778819e-01
-8.250201586638589157e-01
-2.668555775989565060e-01
8.928016036188607396e-01
-8.764221464486227076e-01
-6.407382267883890981e-01
-1.096483820422460564e-01
-7.592255286807989556e-01
-4.884411090789450571e-02
4.998313696747298529e-01
-7.790278937437802309e-01
6.177911328703561411e-02
7.152088390384334637e-01
-1.640237027685338411e-01
-7.123697243400327617e-01
-6.113724580492485572e-01
5.811511928304262664e-01
-7.109849681722939518e-01
4.640931374569723933e-01
-2.808135622225915728e-01
-6.614998653376171767e-01
-6.541055015552831309e-01
3.689697023868713788e-01
-8.294981267303964678e-01
-6.358227187540965719e-01
9.834416967781152152e-01
8.368995104188027279e-01
-7.169828922517346159e-01
6.746447410909305331e-01
4.270684063868029900e-01
-2.752656116936194608e-01
-1.565746737816452183e-01
6.065904723438462209e-01
-1.629728750352333888e-01
6.825419394954348462e-01
-3.305371014304124833e-01
-8.361346514496221793e-01
9.996596425387261897e-01
-3.443768970104802429e-01
8.374236579104625822e-01
8.449339502893695730e-01
8.125293621282639878e-01
-1.113057879411238765e-01
-5.686380847542569228e-01
9.933181580487535633e-01
4.493042152951680634e-01
5.477740995802005131e-01
8.892053944198428095e-01
6.744298138703097578e-02
7.031138541734782699e-02
2.728951726224796426e-01
8.303894580725266206e-01
-5.712485246695655494e-01
-3.755882704910189496e-01
9.864007979455610142e-01
9.527011310822901535e-01
-5.346656947860225495e-01
-9.063193467650217938e-01
9.430157894966201271e-01
-2.933962801296177703e-02
-4.273208026625729961e-02
-1.461533139122452862e-01
-1.067594556433758557e-01
-8.737391173249034471e-02
-8.883706472469307114e-01
-2.301916129734626337e-01
-9.324678277324168763e-01
6.240262043196782571e-01
-9.068002008001638803e-01
8.272499808722971748e-02
9.224418389019266584e-01
-6.614077782278716677e-01
5.865560393590231181e-01
8.739006068321981680e-01
9.236014345118088720e-01
-9.166706295411382044e-01
1.963677559718532972e-01
9.826591475620367611e-01
-7.059438798263026338e-03
-9.897635003280917942e-01
-6.061065724649494779e-01
-7.503592133257255270e-01
-7.037627995907995704e-01
-8.506174101118120223e-01
1.760450977617883106e-01
-8.474536479160710289e-01
-3.055306089858691454e-01
-1.062389693578761063e-01
-7.359334842189731996e-01
-6.613514353196516815e-01
2.898568817274338461e-01
7.237863659518032344e-01
8.324091934188335706e-01
-2.909205167868009201e-01
-4.269911381298391317e-01
-8.840961752330543932e-01
-1.364781086419935285e-01
7.194009433679745547e-01
-6.136213106772447912e-01
1.803152269533814800e-01
5.873864609092780409e-01
1.342229736140416185e-01
-7.845967278993777327e-01
-3.767561890568360550e-01
6.094219083799436998e-01
-7.823406616318477891e-01
-7.181332744397717072e-01
-8.589930386328483713e-01
-7.483519694431515212e-01
5.871677291132502141e-01
-7.883048786261728225e-01
-6.263682316049550280e-01
-9.190184966854220150e-01
-6.175220643684453670e-01
4.988123877124622796e-01
-9.173386725234795591e-01
8.263712361490489489e-01
-3.334133436443771359e-01
-9.479375985456186537e-01
4.145720109704632006e-01
8.849184528797801041e-01
-7.808148757912696247e-01
1.599180115332634045e-01
-8.930920316398170966e-01
-6.734931151435598062e-01
-2.679790904433105303e-01
-7.585642628043768321e-01
-8.229009056565831370e-01
1.022983807391456557e-01
-4.659162183199768159e-01
-7.495085908716775380e-01
-1.673980530893416363e-01
4.585707259640257050e-01
2.138378754519087988e-01
-9.607681743099572014e-01
3.683540998781978937e-01
9.233464168427402141e-02
-3.279914391812322610e-02
-3.406949808085185105e-01
-9.669271175485643077e-01
6.474219381954970931e-01
-4.896693125368325461e-01
6.304970892751218248e-01
-6.416015956272087539e-01
-8.171979415214597475e-01
6.753704978155077310e-01
-4.130294058282272252e-01
-4.393888436440004930e-01
8.553450852855059017e-01
-5.978782135789220131e-01
-1.637692158394425390e-01
2.049080790927687856e-01
-3.867831000561731125e-01
8.228844982044966061e-01
-1.588997539340188392e-01
-5.799548706901032080e-01
-7.689057573010867896e-01
-2.235060394024943331e-01
8.309468185979708155e-01
-9.647149497001057394e-01
-5.823793511613569729e-01
-6.508697450010602070e-01
-5.820130908880569720e-01
5.540387816642152741e-01
8.430219062828148147e-01
3.480965112828555141e-01
6.813665535400552642e-01
-5.976410121299111644e-01
-5.395769991136574462e-02
3.188791480105812037e-01
1.785830130794051340e-01
6.378460680608393218e-01
-8.604848840866061721e-01
9.735198538424976178e-01
-7.430852720133085398e-01
9.455411290850166406e-01
-5.322183849140409428e-01
8.401480741102808070e-01
9.845780129284957827e-01
-9.070096708120670148e-02
-8.476720777011025332e-01
-5.176422373770053209e-01
9.285764169157157966e-01
-7.531828944013884142e-01
-2.769732244781069608e-01
7.503375574904879164e-01
-4.217306512034442179e-01
-7.852603156198650902e-01
-8.775185719081302071e-01
5.051555869747482719e-01
-2.661764470989806952e-01
-7.806548321728203899e-01
-3.236986787975872359e-01
-8.852615816588861319e-01
-1.225461017737534547e-01
-9.596284804181759442e-01
-4.728243764874441313e-01
7.884504657234900904e-01
-4.072903157687189912e-01
9.486892923203518180e-01
4.672556968279330536e-01
7.355754703358541313e-01
-8.090634073304062146e-02
8.574344609942067263e-01
-8.736751079226503514e-01
5.036408370804608126e-01
9.404822831017266571e-01
-8.044194026659553520e-01
-1.391314475688769925e-01
-9.163208347925426711e-01
-8.916132671208516491e-01
5.951780111054675304e-01
7.559561878458607165e-01
2.484134619237388097e-01
-9.503569994801810417e-01
9.861956136344769419e-01
8.902263171079033421e-01
-1.879385400957079566e-01
7.727242990340446038e-01
5.068275358049606494e-02
7.744357550932299272e-01
4.276512962908552984e-01
-9.665723456758241738e-01
9.303460478685221524e-01
9.130176613228666582e-01
7.286013483697639792e-01
5.430658464716537903e-01
-8.767235500362091649e-01
9.047557784026698524e-01
8.018801703312423701e-01
6.644474082411582216e-01
-6.931499856095418854e-02
7.860007418386717459e-01
9.401193385044268602e-01
1.562838353730201524e-01
-4.259899471528923454e-01
-5.032830339514127171e-02
9.686268087839072782e-01
1.673964904931571351e-01
5.601844264313869948e-01
3.533946852724120791e-01
7.143643749764720940e-01
-9.362187804799353419e-01
7.905212637955665311e-01
9.024918556148884274e-01
-8.678861772143720010e-01
-6.771431231193697498e-01
-3.705679770939835915e-01
8.573384606379778061e-01
-6.618203759764054173e-01
-7.540986367340154484e-01
3.622413408053021255e-01
3.722676678668238592e-01
-9.845006984083594093e-01
-8.599065524532135685e-01
9.099831123114000553e-01
-4.687208729473814062e-01
3.917470366815064553e-01
-9.909913804076148081e-01
-9.049123338741150713e-01
3.104532329961903758e-01
-9.635135477932645909e-01
-4.140410181026883407e-01
9.222218509039422640e-01
-7.755200487725616432e-01
9.121260567953041187e-01
-9.256152562721816635e-01
-2.400303357479263988e-01
2.365939030934362530e-01
-7.432552269151970759e-01
9.894471353751141951e-01
7.254993151083389824e-01
-5.348299382742160990e-01
9.227281562449200780e-02
5.985360141887220431e-01
5.423101900569050615e-01
-5.423606026156293503e-01
3.446291943503310140e-02
-2.752594901919863668e-01
9.809159429209528547e-01
-9.863213115923114005e-01
7.378822043777992779e-01
5.899293339035932560e-01
6.938064295591208630e-01
-3.195129406011725792e-01
8.354760458519905342e-01
-9.539746675782090346e-01
-8.548291683186362011e-01
-8.849637426063710066e-01
-4.820467951673535478e-01
7.926857605081166769e-01
-1.754944336359172130e-01
8.003338230792302888e-01
-8.192355161473280356e-02
-4.495398290790493245e-01
6.530762999008563607e-01
6.654062689238112727e-01
-2.903068453114105996e-01
2.302049662049710510e-01
-7.827787019372622890e-01
-4.902248721956294908e-01
5.429562374242578038e-01
8.027481989115062833e-01
-7.166016833808639408e-01
5.677944868227396968e-01
9.123978269128758534e-01
-7.664928933559509439e-01
-6.769304498235537704e-01
-5.814302712561925102e-01
7.319371101691318771e-01
5.854407726962297387e-01
8.050202402220235642e-01
9.921880704195855660e-01
-8.104961301291742082e-01
9.688039424257656185e-01
4.993825313531066179e-01
6.911477907004994758e-01
-2.208507197849948478e-01
-2.962106663690174946e-01
-2.665768699883758197e-02
-8.752765790075416330e-01
-5.665002420692342167e-01
-8.736648166901918033e-01
8.237538979283174356e-01
-7.859441076342813526e-01
7.829103419794923857e-01
1.339947619891277975e-01
-9.099720159624744564e-01
7.678171915034854855e-01
-9.973531576430860746e-01
1.355275881934754900e-01
1.006936619416933382e-01
9.703662895815192702e-01
-2.836381618157407525e-01
8.979322380885181865e-01
8.838731042812599803e-01
5.229888834125280273e-01
-3.969510946033428800e-01
-9.500440097838279696e-01
7.855099663938761578e-01
-3.494690468430461383e-02
7.750409463072724936e-01
-7.646351018899800733e-01
-7.935802740775357300e-01
-2.366887651749237098e-01
5.555103540416894692e-02
5.021126661430723725e-01
-9.314086526963796242e-01
-5.275360427192827828e-01
-9.353037159539112633e-01
7.900430391462038848e-01
4.880938952513838025e-01
-7.119936269419064878e-01
5.770554988186384904e-01
-8.389190125830439104e-01
6.802299566397526087e-01
-2.136561037004620078e-01
7.178361981313871598e-02
8.095249012078061801e-01
4.507392559982701385e-01
9.103673840410355655e-01
-4.159979160237611828e-01
-2.004274701855871255e-01
-3.901720890810094211e-01
4.451619883746130713e-01
6.822219354817242731e-01
-3.871755279035938857e-01
-3.314243208772970073e-01
-4.131653413684336917e-01
2.889762421879188414e-01
-9.537030673311838180e-01
6.730770989937148174e-01
-6.677892639969854605e-01
5.340773053739455989e-01
2.907074251846565871e-01
5.501263544725347732e-01
7.089992282927826128e-01
4.009756832819727501e-02
-7.016023592851581281e-01
-1.812320081374645120e-01
-4.157361514392609037e-01
6.570090833793085228e-01
7.013926544026646281e-01
9.186743609631633500e-01
-5.625239051836150583e-02
-6.393641067105944042e-01
8.575982625568981388e-02
-2.675736015150699254e-01
-4.335429801585450882e-01
-8.418673886300762077e-02
6.790171607142636567e-01
8.151592153126189233e-01
1.303285106611834498e-01
3.777143705976558907e-01
3.137679278297496599e-01
2.138191310543335888e-02
9.005916360882062488e-01
8.804017544688510499e-01
-3.476337028929907258e-01
-7.763158702827415159e-01
-1.511388108914923922e-01
3.906317370664394995e-01
-8.071338626000471583e-01
-7.944915992969888707e-01
-9.645509488380147323e-01
-1.671726942517325343e-01
1.396636296338133187e-01
-9.780908551038818288e-01
3.465192923062369590e-01
-5.211279454840238579e-01
-4.381366813644071989e-01
9.633810022218103342e-01
-5.445418033478883757e-01
9.655992191066635755e-01
2.354464863859676016e-02
9.634284421090693051e-01
9.468025987546464517e-01
8.940302138266409404e-01
-1.847372891964750574e-01
8.053925674931575740e-01
-8.589992662002541302e-01
-9.859915973302681991e-01
-5.822047416167371869e-01
-5.122920592780874083e-01
9.155994338566215696e-01
-8.672453329624936202e-01
8.960676474521793722e-01
-9.276113226017395075e-01
-9.273189691902002929e-01
-1.799168616823116351e-01
-8.378921399519716484e-01
-6.048109573076905221e-01
-4.028798876721672584e-01
-4.076898200446862908e-02
-6.289200348594305989e-01
-7.514678808134889199e-01
8.578012937084935619e-01
-4.729772065729049846e-01
-3.096624445182466490e-02
-9.478737835685335789e-01
-4.937012608520527368e-01
-5.215518819740723178e-01
8.187919009413311411e-01
-8.833072298596035266e-01
-4.969061648208273341e-01
-8.241688833556135574e-01
-5.359362959568073626e-01
-8.688096087502946707e-01
-9.756389089572380380e-01
-7.232198297829390832e-01
-9.306578681438748557e-03
9.844194489625126554e-01
5.809842466914594272e-01
-3.625438330604281723e-02
1.746651792365355171e-01
-9.578809853468486235e-01
-7.762566173864481334e-01
8.424577361770591022e-01
-6.331795480048449942e-01
5.896906790969311807e-01
-6.896371098717020143e-01
7.665983778737714971e-01
8.641430252301005588e-01
-3.796848727986539829e-01
-5.106970291813759388e-01
1.205893486609319054e-01
-1.635228217783458171e-01
-7.775993049615170793e-01
-8.784516329497593645e-01
-3.512790437123586296e-01
-7.314594018742180959e-01
-7.683610844661667993e-01
-4.940146612637122403e-01
1.145502374273723312e-01
5.456693336428279917e-01
-7.803577401212166142e-01
9.487618697893777098e-01
8.389660948167705357e-01
8.395183618359909339e-01
1.493799204821277538e-01
-3.677411389663812202e-01
7.030146681694422472e-01
9.408047352083918069e-01
2.586180526081174186e-02
9.512627682194627621e-01
9.146493612200907730e-01
-8.592185506587988186e-01
6.879376690923613147e-01
-3.840606662811785199e-01
-6.763446746230158402e-01
-7.901231484634869684e-01
-2.859557837924706636e-01
-5.248245638439262839e-01
4.808930271458875527e-01
1.033151511377598530e-01
-6.081435041623208804e-01
5.845401879181838511e-01
-1.001914001620021755e-01
-8.144114397545580974e-01
6.571040855087501020e-01
3.243584455670331934e-01
4.615555966243515273e-01
-7.704506792486224276e-01
1.075412762389083565e-01
5.739507591146355558e-01
-7.069803122033361253e-01
7.885825087596239902e-01
6.103918952595970282e-01
9.603396728476629729e-01
9.769140947134939967e-01
-4.761596735953038673e-02
7.242937977254171322e-01
-5.849853975601319034e-01
9.565090623993217633e-01
2.494736621959922629e-01
-2.325073456099814861e-01
7.133776479042404084e-01
-6.721903126788913996e-01
-5.179791082951884507e-01
-4.245598175645367567e-01
4.136788848231185423e-01
1.357475868307614908e-01
-7.191715212538183355e-01
8.888853624404107201e-01
9.367281736792072433e-01
9.868086216858025228e-01
-8.213046569652349138e-01
-1.855048782942303465e-02
-4.237940772832352598e-01
-2.921067165198980020e-01
9.154626344086593814e-01
4.680845329694632850e-01
-1.465191675224289392e-01
-7.558021874101241711e-01
7.846883950455040280e-01
-4.527814689973809759e-01
-2.424949084273633759e-01
-8.259047728402003630e-01
-6.681274691093017637e-01
6.795159172858216134e-01
-1.986296971283947332e-01
-1.107293271358985032e-01
-9.378446786335866703e-01
7.382791574705837023e-01
-9.634036570686292933e-01
9.644600314614129033e-01
9.549420315714867158e-01
-8.464955357230385946e-01
9.177998866608937378e-01
-5.627347680149672460e-01
-5.744249436170092982e-02
1.278922707823338945e-01
2.897474285949602213e-01
-9.235526616339744255e-01
-3.298110842996406777e-01
6.203528724779672210e-01
-9.981911122842767048e-01
-6.577395982643109429e-01
9.918460269699128640e-01
6.051925610640178643e-01
6.198474466354714218e-01
-8.480898491513465531e-01
5.550903518237320089e-01
-5.549538111154004305e-01
-3.484215981109150539e-01
-6.414464149207682597e-01
2.518552274066768182e-01
4.857170550272761345e-01
9.974040921962095130e-01
-8.681054472016920265e-01
-7.201861931270356898e-01
-7.312235901608148403e-01
-2.145538441335078650e-01
6.326581337299110874e-01
6.613399736477906243e-01
-5.100418820643438655e-01
8.354465897171083899e-01
9.735513763320136071e-01
-9.917671384595787565e-01
-7.012608506605602088e-01
-7.892938201452519564e-01
-6.073839770054878517e-01
2.221739017968177854e-01
-5.736199960134662490e-01
3.194178119279016403e-01
9.047513637565702815e-01
2.043546933188253867e-01
8.818141593606527717e-01
-7.339958725781823290e-01
-7.200604821239329212e-01
-5.921722589123500358e-01
-6.499761716360366037e-01
5.393285401009215718e-01
9.058361353643262781e-01
-9.303733629656913973e-01
9.742003271241659323e-01
7.495833314952040638e-01
9.777256079604280670e-01
6.880352537614983222e-01
9.658874824858219021e-01
1.237179274565292642e-01
2.682315348448985892e-01
-5.134265219314582129e-02
-9.149355893692329156e-01
-2.693636498633238952e-01
9.071642229844415484e-01
-6.744926678562844780e-01
3.818965164249878974e-01
-3.672776682858604480e-01
-2.570118692752438871e-01
5.668912176029782257e-01
7.711025467896626129e-01
-6.447846566541108881e-01
-7.805246306141945256e-01
4.250466128059006143e-01
-5.510957402886021983e-01
-8.401512629694395384e-01
-9.931123625309541403e-01
7.024553617207996981e-01
-3.874386388686078542e-01
-7.752981572007905386e-01
7.680171161835804838e-01
7.714662786309774978e-01
-8.842150238830788211e-01
-9.228792118269568689e-01
9.227247652830781188e-01
7.301677348475029694e-01
-6.533067331178203929e-01
5.818910493153661712e-01
9.688874896902370804e-01
-8.734788237466943883e-01
7.654638050468290933e-01
-6.413301513052829250e-01
2.441173525901429997e-01
8.058794781321633183e-01
8.235671000924291718e-01
5.650788393595727044e-01
-8.048948293578344140e-03
-9.833182639073930753e-01
4.145352739231516481e-01
4.940243428925680802e-01
-8.350317170943488687e-02
6.227413912660317852e-01
-8.245870132885846360e-01
-5.512458216598856708e-01
-6.428795135751682599e-01
-9.280616866876545412e-01
1.760520499819854257e-01
7.692952107162738251e-01
4.643461032564643598e-01
7.633025841653395815e-01
-7.156790003873347850e-01
-4.936340567295464665e-01
-5.395048739895146328e-01
-4.671505364599326526e-01
-6.582049225788244584e-02
-4.027781994778655283e-01
6.482011900484632161e-01
7.494200319046350200e-01
1.169534644086810959e-01
3.888305901371886808e-01
4.172386580787718069e-01
3.795949534920761703e-01
9.047104780232755328e-01
6.574961579056897154e-01
7.310625696788772832e-01
-3.520333374362345502e-01
-8.150107941430424496e-01
6.627651977910404835e-01
8.937274598250661839e-01
-9.492459101712499847e-02
8.356079868469244998e-01
6.543197608152853118e-01
4.006634969401376978e-01
-9.865153492964929827e-01
4.285608131584045521e-02
4.139369536362685342e-01
8.720648645864150783e-01
7.856325359669595887e-01
9.630534777178207939e-01
-1.921334893260006338e-01
6.798299975035029252e-01
-3.936719792121714523e-01
4.656715524644315374e-01
5.464673068369609865e-01
1.219923670463269327e-01
-4.923910907498893486e-01
3.847109272517043044e-01
-7.886144484852314340e-01
-9.012047274837829969e-01
9.844970221613180694e-01
1.710193692081558581e-01
9.816732263529617253e-01
3.054298472377231510e-02
8.100482687104653134e-01
-2.121088669769382595e-01
-3.916818746126241590e-01
-8.488196648110242215e-01
-8.221290842556994161e-01
-8.043735701079892664e-01
-5.928740674517222198e-01
-7.676668990489838862e-01
-6.076247816643189914e-01
3.337373400038867732e-01
-8.468376976597635775e-01
-8.728944824178601625e-01
2.333625499857744923e-01
6.863765324560722192e-01
5.654497605867270238e-01
9.311942866421316634e-01
1.655443756610216477e-01
3.328283492468636640e-01
4.313422062709090787e-01
8.857327685322551325e-01
6.128704808795325532e-01
-7.647435110618817644e-01
-7.549317168416157520e-01
8.131334831319044776e-01
7.621790684837128627e-01
-7.443361381588697867e-01
5.219268091463368231e-01
7.001136158320708791e-03
-9.701649536803620411e-01
-3.634494646806084028e-01
-7.002666333153612088e-01
6.751606771773558391e-01
-5.453956199028291429e-01
9.284436260601910407e-01
-9.138585644918939543e-01
-7.528105489598382327e-01
2.169038614152060951e-01
-8.781714477245838868e-02
8.954102807130409625e-01
6.426846976196892713e-01
-6.135930895757125692e-01
-2.222303012807320399e-01
-6.911205230173680381e-01
9.170498851269990315e-01
8.040576180568759224e-01
-9.368944574239839174e-01
7.367963537172683708e-02
-9.168605228060185963e-01
-9.092640817298256461e-01
5.518026468723142841e-01
9.805939588715318900e-01
-6.575232335379890269e-01
8.904119070576113071e-01
-7.965192120355708560e-01
8.803322689056590766e-01
5.682823503230294282e-01
-4.590814732071843984e-01
5.673982833750005339e-01
5.837232166419695778e-01
7.617937763474014190e-01
-9.677939800071770904e-01
-9.824035783893145246e-02
-2.261375291892486761e-01
-6.508822749191456314e-01
-4.142533032194087861e-01
8.453682195280973755e-01
-8.327929081782644571e-01
6.003915304437981160e-01
-6.786757761725863425e-01
-4.507227998634528165e-01
5.695848628436998018e-01
-1.090936992019861385e-01
4.573402921182641023e-01
6.510664085333168760e-01
6.191430731141296384e-01
1.326963918717041224e-01
-1.121715919962217312e-01
5.100733453621101310e-01
-9.952666637298189789e-01
1.426104044413687433e-01
-4.398873500653155411e-01
9.665311415174880905e-01
-2.040239260368332808e-01
4.896510473285072829e-01
1.029807872117377565e-02
-8.779663144977201128e-01
-8.567875024691929964e-01
9.581914595216547426e-01
-6.959843539464894979e-01
5.951641744118162380e-01
-3.172430275258219523e-01
-8.340378526026267503e-01
1.034225699240512164e-01
-7.862267280316284079e-01
1.186823652153939368e-01
9.943546542489709594e-01
-4.941935552996263858e-01
-3.460246587801462104e-01
-8.456302200075880293e-01
6.076571851437488903e-01
-7.887844388675603335e-01
4.144007393170033304e-01
-6.867387673329748976e-01
-7.161256525870294265e-01
8.799276080869400385e-01
-7.347882882600089705e-01
-1.407071511098584304e-02
-1.549745111899783201e-01
-9.349901197758663240e-01
-9.745713858939029084e-01
-1.806424084862353618e-01
-4.039347574862209855e-01
5.843914577344101469e-01
7.725427169154217566e-01
-8.080745753024665134e-01
2.807337443208831051e-01
-8.680694950843408364e-01
-8.190491892781389671e-01
-2.795020769939046690e-01
1.784021806536601473e-01
6.807178457085590884e-01
6.699915972747384485e-01
9.254348026383414361e-01
9.693112971523564214e-01
5.223763384526880493e-01
-9.011242037638959035e-01
-9.327609966675214359e-01
7.717708963906516617e-01
6.773802399484241121e-01
-2.205642896536219588e-01
-6.972476372669910161e-01
-7.967038571608118236e-01
6.364706615791062561e-01
9.188225065968644856e-01
-4.713340117317181832e-01
9.064636653505209196e-01
-8.246072133638056023e-01
-8.703154958154404319e-01
8.742371165129019239e-01
-9.071763438006571478e-01
8.570623118367064475e-01
3.618862140739962374e-01
5.447268937141048761e-01
-8.691999748049146213e-01
-9.468298409003459426e-01
9.287606876690966962e-01
-7.210217277995112362e-02
-3.293319095876163782e-01
7.249637350759774446e-01
6.541119001721059645e-01
2.805219400929630513e-01
4.539837628195892982e-01
9.001171568015676749e-01
3.455495738452443732e-02
8.670511572435224412e-01
-9.349219701293502993e-01
4.867359363841912145e-01
-3.842563970468337864e-03
-9.460974385294159683e-01
-8.143259283698462969e-01
-6.130038120273547664e-01
7.387383817940612607e-01
-1.047651491802635282e-01
7.850379631117662127e-01
4.234219551766609801e-01
2.032724235006854729e-01
6.668461869709920720e-01
-8.740713660087794379e-01
9.239933225435006392e-01
-7.519582854540409755e-01
-7.907216466460993409e-01
6.645004268205818576e-01
-8.679661119251581569e-01
1.192374897004422618e-01
-3.375855413944365280e-01
7.819823223619396524e-01
-1.731250269990797230e-03
7.791640174813405650e-01
-8.295540458459713662e-01
7.548006135262843586e-01
4.022267757530131327e-01
5.067586993962256425e-01
9.181992757696980645e-01
-7.242768475533413186e-01
-6.272929021155911888e-01
-3.543115636983648620e-01
-9.694206656680721679e-01
6.183579730152591880e-01
-5.305803522827180485e-01
-2.793932316198971533e-01
9.702908434085356637e-01
-7.635009692106697887e-01
-2.731365330130933189e-01
7.866729044524906067e-01
-9.278292918851775983e-01
9.254607979683624475e-01
-9.112619499363184827e-01
-9.422489881073684570e-01
-9.278019939018291584e-01
-8.273750791086768031e-01
7.246416560045383370e-01
-8.064034944931505189e-01
7.212557901234375457e-01
-6.310758846228603502e-01
5.765905778753366295e-01
8.530804847064709096e-01
9.615128229359262146e-01
-2.126992193938123665e-01
5.602947041640680137e-01
-8.906783458921279095e-01
-1.322870642923810180e-01
-8.764988415134614685e-01
-9.320426428627021087e-01
-8.427054543302823220e-01
2.790906675695360717e-02
-9.453483772150520492e-01
6.991203707109922005e-01
-7.692606161028859857e-01
4.012555203519190261e-01
7.501507386444903336e-01
-6.099207090655197616e-01
3.493493569308910307e-01
-8.704919589436624916e-01
-4.786266058139758695e-01
