indexSample	 indexULtry 	 ExpBkgEvts	 ul_prob 	 g^4 UL 	 nobs 	 mu_best 	 R_test 	 prob_tmp
0.00000e+00 1.17000e+03 1.59900e+03 9.00643e-01 9.32203e-07 1.65000e+03 5.10000e+01 4.47173e-01 4.39159e-03
1.00000e+00 1.12500e+03 1.53600e+03 9.00743e-01 1.15850e-06 1.58600e+03 5.00000e+01 4.47038e-01 4.47795e-03
2.00000e+00 1.23100e+03 1.68300e+03 9.03426e-01 1.70618e-06 1.73600e+03 5.30000e+01 4.37842e-01 4.19210e-03
3.00000e+00 1.31000e+03 1.79400e+03 9.00465e-01 2.96104e-06 1.84800e+03 5.40000e+01 4.47233e-01 4.15024e-03
4.00000e+00 6.21600e+03 8.70900e+03 9.01483e-01 2.23202e-07 8.82900e+03 1.20000e+02 4.39130e-01 1.86442e-03
5.00000e+00 6.21600e+03 8.70900e+03 9.01483e-01 3.13925e-07 8.82900e+03 1.20000e+02 4.39130e-01 1.86442e-03
6.00000e+00 6.21600e+03 8.70900e+03 9.01483e-01 5.08154e-07 8.82900e+03 1.20000e+02 4.39130e-01 1.86442e-03
7.00000e+00 6.21700e+03 8.71000e+03 9.01470e-01 9.70470e-07 8.83000e+03 1.20000e+02 4.39171e-01 1.86449e-03
8.00000e+00 2.09100e+03 2.88800e+03 9.01685e-01 1.64565e-07 2.95700e+03 6.90000e+01 4.41408e-01 3.23826e-03
9.00000e+00 2.32100e+03 3.21100e+03 9.02359e-01 3.03640e-07 3.28400e+03 7.30000e+01 4.38855e-01 3.05505e-03
1.00000e+01 1.21800e+03 1.66600e+03 9.00365e-01 1.22388e-06 1.71800e+03 5.20000e+01 4.47889e-01 4.31070e-03
1.10000e+01 1.86300e+03 2.56800e+03 9.01540e-01 1.19917e-06 2.63300e+03 6.50000e+01 4.42298e-01 3.43864e-03
