indexSample	 indexULtry 	 ExpBkgEvts	 ul_prob 	 g^4 UL 	 nobs 	 mu_best 	 R_test 	 prob_tmp
0.00000e+00 1.37100e+03 1.87900e+03 9.03336e-01 1.23105e-06 1.93500e+03 5.60000e+01 4.37658e-01 3.96904e-03
1.00000e+00 1.32600e+03 1.81600e+03 9.03150e-01 1.50047e-06 1.87100e+03 5.50000e+01 4.38414e-01 4.04332e-03
2.00000e+00 1.43100e+03 1.96300e+03 9.02389e-01 2.18342e-06 2.02000e+03 5.70000e+01 4.40580e-01 3.91058e-03
3.00000e+00 1.52300e+03 2.09200e+03 9.02927e-01 3.73768e-06 2.15100e+03 5.90000e+01 4.38557e-01 3.77224e-03
4.00000e+00 6.52900e+03 9.15100e+03 9.01452e-01 2.15927e-07 9.27400e+03 1.23000e+02 4.39133e-01 1.81915e-03
5.00000e+00 6.52900e+03 9.15100e+03 9.01452e-01 3.05607e-07 9.27400e+03 1.23000e+02 4.39133e-01 1.81915e-03
6.00000e+00 6.52900e+03 9.15100e+03 9.01452e-01 4.93216e-07 9.27400e+03 1.23000e+02 4.39133e-01 1.81915e-03
7.00000e+00 6.52900e+03 9.15100e+03 9.01452e-01 9.42274e-07 9.27400e+03 1.23000e+02 4.39133e-01 1.81915e-03
8.00000e+00 2.19600e+03 3.03500e+03 9.02482e-01 1.67826e-07 3.10600e+03 7.10000e+01 4.38640e-01 3.13983e-03
9.00000e+00 2.43700e+03 3.37400e+03 9.02830e-01 3.10083e-07 3.44900e+03 7.50000e+01 4.37153e-01 2.96952e-03
1.00000e+01 1.23900e+03 1.69400e+03 9.02708e-01 5.20527e-07 1.74700e+03 5.30000e+01 4.40172e-01 4.20113e-03
1.10000e+01 1.94000e+03 2.67700e+03 9.00293e-01 1.21810e-06 2.74300e+03 6.60000e+01 4.46198e-01 3.39869e-03
