indexSample	 indexULtry 	 ExpBkgEvts	 ul_prob 	 g^4 UL 	 nobs 	 mu_best 	 R_test 	 prob_tmp
0.00000e+00 1.15500e+03 1.57700e+03 9.02179e-01 1.31833e-06 1.62800e+03 5.10000e+01 4.42233e-01 4.37232e-03
1.00000e+00 1.11100e+03 1.51500e+03 9.02268e-01 1.59951e-06 1.56500e+03 5.00000e+01 4.42129e-01 4.45840e-03
2.00000e+00 1.21100e+03 1.65600e+03 9.01034e-01 2.33826e-06 1.70800e+03 5.20000e+01 4.45744e-01 4.30259e-03
3.00000e+00 1.29000e+03 1.76600e+03 9.02209e-01 4.01885e-06 1.82000e+03 5.40000e+01 4.41620e-01 4.12955e-03
4.00000e+00 6.14500e+03 8.60800e+03 9.00924e-01 2.12564e-07 8.72700e+03 1.19000e+02 4.40967e-01 1.88313e-03
5.00000e+00 6.14500e+03 8.60800e+03 9.00924e-01 2.99860e-07 8.72700e+03 1.19000e+02 4.40967e-01 1.88313e-03
6.00000e+00 6.14500e+03 8.60800e+03 9.00924e-01 4.84738e-07 8.72700e+03 1.19000e+02 4.40967e-01 1.88313e-03
7.00000e+00 6.14500e+03 8.60800e+03 9.00924e-01 9.28317e-07 8.72700e+03 1.19000e+02 4.40967e-01 1.88313e-03
8.00000e+00 2.10900e+03 2.91400e+03 9.00689e-01 1.65667e-07 2.98300e+03 6.90000e+01 4.44615e-01 3.24755e-03
9.00000e+00 2.33600e+03 3.23300e+03 9.01601e-01 3.04395e-07 3.30600e+03 7.30000e+01 4.41303e-01 3.06186e-03
1.00000e+01 1.17500e+03 1.60600e+03 9.00158e-01 5.12363e-07 1.65700e+03 5.10000e+01 4.48728e-01 4.39755e-03
1.10000e+01 1.87700e+03 2.58900e+03 9.00635e-01 1.20883e-06 2.65400e+03 6.50000e+01 4.45211e-01 3.44756e-03
