indexSample	 indexULtry 	 ExpBkgEvts	 ul_prob 	 g^4 UL 	 nobs 	 mu_best 	 R_test 	 prob_tmp
0.00000e+00 1.89000e+03 2.60600e+03 9.03275e-01 9.66580e-07 2.67200e+03 6.60000e+01 4.36575e-01 3.36928e-03
1.00000e+00 1.83200e+03 2.52500e+03 9.03409e-01 1.26987e-06 2.59000e+03 6.50000e+01 4.36247e-01 3.41963e-03
2.00000e+00 1.97700e+03 2.72800e+03 9.01519e-01 1.89033e-06 2.79500e+03 6.70000e+01 4.42148e-01 3.33637e-03
3.00000e+00 2.11900e+03 2.92800e+03 9.00155e-01 3.25541e-06 2.99700e+03 6.90000e+01 4.46328e-01 3.25244e-03
4.00000e+00 7.87100e+03 1.10520e+04 9.01103e-01 2.14516e-07 1.11870e+04 1.35000e+02 4.39915e-01 1.65928e-03
5.00000e+00 7.87100e+03 1.10520e+04 9.01103e-01 3.04362e-07 1.11870e+04 1.35000e+02 4.39915e-01 1.65928e-03
6.00000e+00 7.87100e+03 1.10520e+04 9.01103e-01 4.93687e-07 1.11870e+04 1.35000e+02 4.39915e-01 1.65928e-03
7.00000e+00 7.87300e+03 1.10540e+04 9.01083e-01 9.46282e-07 1.11890e+04 1.35000e+02 4.39980e-01 1.65937e-03
8.00000e+00 2.33500e+03 3.23200e+03 9.01635e-01 1.70862e-07 3.30500e+03 7.30000e+01 4.41192e-01 3.06155e-03
9.00000e+00 2.59000e+03 3.59000e+03 9.01756e-01 3.12623e-07 3.66700e+03 7.70000e+01 4.40465e-01 2.90172e-03
1.00000e+01 1.37000e+03 1.87700e+03 9.03453e-01 5.39681e-07 1.93300e+03 5.60000e+01 4.37276e-01 3.96763e-03
1.10000e+01 2.07700e+03 2.86900e+03 9.02417e-01 1.24715e-06 2.93800e+03 6.90000e+01 4.39043e-01 3.23131e-03
