indexSample	 indexULtry 	 ExpBkgEvts	 ul_prob 	 g^4 UL 	 nobs 	 mu_best 	 R_test 	 prob_tmp
0.00000e+00 1.76700e+03 2.43400e+03 9.00592e-01 7.57586e-07 2.49700e+03 6.30000e+01 4.45579e-01 3.55723e-03
1.00000e+00 1.70600e+03 2.34900e+03 9.01008e-01 9.87996e-07 2.41100e+03 6.20000e+01 4.44362e-01 3.61022e-03
2.00000e+00 1.85900e+03 2.56300e+03 9.01756e-01 1.45493e-06 2.62800e+03 6.50000e+01 4.41601e-01 3.43648e-03
3.00000e+00 1.97300e+03 2.72300e+03 9.01723e-01 2.55118e-06 2.79000e+03 6.70000e+01 4.41492e-01 3.33440e-03
4.00000e+00 7.40000e+03 1.03840e+04 9.01367e-01 2.28246e-07 1.05150e+04 1.31000e+02 4.39171e-01 1.70858e-03
5.00000e+00 7.40000e+03 1.03840e+04 9.01367e-01 3.21508e-07 1.05150e+04 1.31000e+02 4.39171e-01 1.70858e-03
6.00000e+00 7.40000e+03 1.03840e+04 9.01367e-01 5.20941e-07 1.05150e+04 1.31000e+02 4.39171e-01 1.70858e-03
7.00000e+00 7.40100e+03 1.03860e+04 9.01345e-01 9.97570e-07 1.05170e+04 1.31000e+02 4.39240e-01 1.70869e-03
8.00000e+00 2.31800e+03 3.20700e+03 9.02497e-01 1.69268e-07 3.28000e+03 7.30000e+01 4.38408e-01 3.05380e-03
9.00000e+00 2.56000e+03 3.54800e+03 9.00170e-01 3.07917e-07 3.62400e+03 7.60000e+01 4.45647e-01 2.95322e-03
1.00000e+01 1.32300e+03 1.81100e+03 9.03454e-01 5.27564e-07 1.86600e+03 5.50000e+01 4.37427e-01 4.03962e-03
1.10000e+01 2.05900e+03 2.84400e+03 9.00163e-01 1.22980e-06 2.91200e+03 6.80000e+01 4.46401e-01 3.30010e-03
