4.058514465680380656e-01
2.497832354605301064e-01
1.366489299275850666e-01
7.702912218870394158e-03
2.292140334634402699e-01
2.478250038649981030e-02
2.053700319642611238e-01
3.397537974537311878e-01
4.041892068314047459e-01
2.186262569956487212e-01
3.759311964514004956e-01
5.657583294698775855e-01
2.377534646693930664e-01
2.396230588809125095e-01
4.762260001833322209e-01
3.822413408368239285e-01
2.321858720939691256e-01
3.988906634910373006e-01
3.831348290912652832e-01
1.359186002535019699e-01
1.266518719868915677e-01
4.233815049303555900e-01
1.111859037935498257e-01
3.982855794236777047e-01
1.512519348521349227e-01
4.193319078419434076e-01
3.370983598758601207e-01
4.439673281240273384e-01
8.947471033423469444e-02
3.968882207396257078e-01
3.949835888087080971e-01
3.952911960448511342e-01
1.695876496067765804e-01
4.035337319743378948e-01
1.977781831218226871e-01
4.200036458178597609e-01
1.273033277429770627e-01
4.010154280646150982e-01
2.833632466332410837e-01
4.181546924847944768e-01
1.693340400440414978e-02
4.891667922996900120e-01
1.710549593982314820e-01
1.988412266439559817e-01
4.212334100573018603e-01
3.569149884505865011e-01
4.148616117400380499e-01
4.096340994039566752e-01
4.276706410015494453e-01
2.881452062907790546e-01
1.403747035886889483e-01
3.860268554108932659e-01
2.343994029963674397e-01
9.255778143489873377e-02
4.512271123313934540e-01
5.087520201520505658e-01
2.116770903824694572e-01
4.135183455727956536e-01
4.287487938013526123e-01
4.619260526671451483e-01
3.917742538566680865e-01
8.087428633324193761e-02
2.422979026951746218e-01
1.564753002082579780e-01
2.875357306054182049e-01
3.490237470247575802e-01
2.856235456823876251e-01
1.104871923987951754e-01
4.193701440709772243e-01
8.674292390357582483e-02
3.325786414953053605e-01
-4.147499767721713609e-02
4.376482273141362733e-01
1.901115436923019042e-01
1.071356125664744002e-01
1.460033780273581883e-01
3.810784484230012037e-01
2.107691471565043551e-01
4.375411019084577968e-01
3.866904814739441365e-01
3.910292357499811633e-01
4.030233035771912942e-01
4.310973666460958253e-01
4.378498111360834000e-01
3.155134189820411050e-01
4.066106454657555935e-01
5.881120756197867339e-01
3.976016207070203201e-01
1.866011047849281401e-01
3.901543859601625530e-01
2.368909158247484714e-01
3.757263529188147877e-01
3.647865515756337773e-01
4.127686596137502550e-01
4.190056080768340130e-01
3.906939119281093720e-01
1.633090329491298509e-01
3.642928417987673084e-01
3.508092800613075712e-01
3.133146264429292338e-01
3.907706395217478423e-01
3.722292474486534886e-01
4.265578952372975352e-01
1.672311112544145051e-01
2.070314444863554926e-01
3.782749773613450772e-01
4.037906430796343593e-01
3.983896408789425192e-01
4.847243421147174880e-01
3.317404773708057530e-01
6.242542688131339501e-01
-7.947134011950608701e-03
3.172480822013728496e-01
2.184091794603758852e-01
3.689851081708705460e-01
3.654969689173373504e-01
3.384036917943393785e-01
3.025085375695946155e-01
3.887177975162190990e-01
3.865000773118129618e-01
4.473080572311767811e-01
3.776817884661369251e-01
3.526727603963651925e-01
1.986658360784691046e-01
4.067079057676687981e-01
3.187820540131106051e-01
4.127639471572710494e-01
3.548727269366819814e-01
2.067946790915342059e-01
3.989149229047220802e-01
3.284751995570574512e-01
1.224969678472092732e-01
2.219759311739610830e-01
3.988019348993775415e-01
3.164151376303404595e-01
3.059293546203652459e-01
4.115874228942947854e-01
3.763149260758743564e-01
1.662938816940473796e-01
3.212231933955262964e-01
3.817775239533502396e-01
4.299139999865157491e-01
1.822736170533851285e-01
3.084066007688505140e-01
3.825549658949733978e-01
1.088167516447852701e-01
4.542235188286618541e-01
5.485337604648440196e-02
2.947321887450674582e-01
3.952836993576607783e-01
4.110133515119666070e-01
4.304161591531001640e-01
4.122308718165249020e-01
3.086011678439468109e-01
4.131098921538744473e-01
2.027772436332529182e-01
3.926800930958830871e-01
2.683681331482641319e-01
2.038846265870120356e-01
2.649817057293897826e-01
2.370096076235295723e-01
4.439905821815758880e-01
3.897727326263916714e-01
3.100164490446178922e-01
4.132387044772505846e-01
2.038207323250346981e-01
3.059131267698902978e-01
1.545664371926817882e-01
1.991558640859839302e-01
2.640147180163802676e-01
3.622767703101175130e-01
2.683615514056944540e-01
3.944025243300861572e-01
4.262067164139082820e-01
1.768109523164068109e-01
3.207276417174249605e-01
1.906801605922960607e-01
3.908144197318026425e-01
2.448132525465896991e-01
4.240396859920412820e-01
4.323920619547431121e-01
2.190494546438169210e-01
2.566077981128228047e-01
4.330098380728045204e-01
4.312534536839595645e-01
3.257713675039562995e-01
4.703984200215521327e-01
3.834093339782174148e-02
1.945163843465105846e-01
3.572254755362279099e-01
2.649725957837623103e-01
-1.708684299416136573e-02
1.509258900981197415e-01
4.516364672099686395e-01
2.991462011682896049e-01
3.716056065733312486e-01
4.176593691590453905e-01
4.801499545586828122e-01
3.780425981905382593e-01
4.245464834270417653e-01
2.556070473002181598e-01
2.895432834123671251e-01
3.602789449357964857e-01
3.192676532256082389e-01
4.477350637652543486e-01
4.090589795965831055e-01
1.516271969133049513e-01
4.136518870325175956e-01
4.970184819238754326e-01
4.127204975986008550e-01
3.930780232616774006e-01
2.535338570607597597e-01
3.929291309099871565e-01
3.653561313644919095e-01
5.744492007526611488e-01
6.970218374161582520e-02
1.581291444950403691e-01
1.449152001298458226e-01
1.524647199832315225e-01
3.467203486111541944e-01
4.372220066839206942e-01
3.108711002836377357e-01
4.642692888674175289e-01
4.135564116837874282e-01
1.752826391857052746e-01
4.134137079567670181e-01
5.708854733307210105e-02
1.811889435875386201e-01
-7.762581827480959790e-03
4.118778519839831898e-01
3.951099764728249197e-01
3.435805887848980555e-01
4.442372270364655096e-01
4.154572607288488650e-01
3.892836307871391233e-01
5.211123219796706119e-01
3.932304773250230312e-01
1.453060499567980779e-01
4.132836288141225056e-01
1.489694958526462942e-01
1.984105843553825577e-01
4.132203279736664236e-01
1.691858420981205979e-01
4.503510918804924379e-01
4.041718512642799022e-01
2.265588756260178138e-01
2.622102693394958274e-04
5.358678287665866735e-01
3.591001244941748327e-01
1.898251779342857992e-01
2.982204104021204949e-01
4.273427442844395796e-01
4.138665659189573187e-01
2.025318786209976130e-01
9.730347607509581831e-02
3.354600807260484374e-01
3.996461134850149421e-01
4.593356539552287954e-01
4.322465849716998765e-01
4.081127234224964373e-01
2.431495139714620890e-01
9.079547041354173176e-02
2.699122562769998845e-01
1.034765276414471719e-01
4.292988577936514560e-01
4.064248185577524763e-01
2.081595106665508343e-01
3.719447235711261235e-01
4.173155854084355521e-01
3.031769668533239592e-01
4.158759517685552409e-01
2.581088517514895653e-01
3.716800479879457941e-01
3.391356602290063749e-01
1.499063510962691803e-01
4.436214591411441477e-01
3.955980911087811358e-01
2.819943488220977845e-01
4.024538243861850439e-01
1.688365066696855821e-01
1.391988551507538363e-01
