4.142370579532131392e-01
1.190277119712275788e-01
2.683333770364638160e-01
1.005456701153064070e-01
1.891334894272282963e-01
2.923836150704801073e-01
3.727325320705625611e-01
4.401765924405330321e-01
3.974354017497646607e-01
4.052282952592470289e-01
4.771096893895992452e-01
3.653550975239567289e-01
1.178923033044366325e-01
4.235159141165684704e-01
2.767720737981475554e-01
3.711998165390729687e-01
4.179227934617882334e-01
2.168280755737565235e-01
2.271514916176002319e-01
3.434727557089108374e-01
5.753006005587373295e-01
3.655304342066283962e-01
3.181684375716223312e-01
2.538173521390548748e-01
4.290238476224020325e-01
3.653360210676140363e-01
2.851434891231604540e-01
2.472645006750006091e-01
4.284863988372406562e-01
4.291562787092160214e-01
4.804190607210451769e-01
2.308945111819301066e-01
4.203043050597363717e-01
1.128851464526842152e-02
3.339323573085023478e-01
3.312771443901772472e-01
2.989833147197467622e-01
3.076769616651010009e-01
3.888664530926393414e-01
3.981918075374391575e-01
4.811158172520358378e-01
4.395645362719355909e-01
3.755246447862203296e-01
4.547642837538611316e-01
4.427990691913459842e-01
3.426854156979652899e-01
2.971363189889310030e-01
5.321150145937484366e-01
7.489912918492026839e-02
2.184831224135677097e-01
3.768016168653109954e-01
4.394408638577384507e-01
4.143452972586370575e-01
4.778711433886788651e-01
4.101938164748513693e-01
4.253668849666279450e-01
1.561497339216090519e-01
5.428790037120918566e-01
3.444904779952951968e-01
3.363524127586948742e-01
3.617501052039100995e-01
3.470672783007754947e-01
1.832831270572591598e-01
1.503094681196728566e-01
3.395188728191091410e-01
3.860889476456451086e-01
3.945256515367047134e-01
2.708192941430437317e-01
3.612014614690550740e-01
2.937060298278182935e-01
4.024052829455635472e-01
3.577391641419195856e-01
1.789049381743127165e-01
4.257619085204513709e-01
3.327172750444395977e-01
3.132964068213736075e-01
2.509427229409953997e-01
3.961241490595473480e-01
1.587696268905550434e-01
4.399594233164033641e-01
2.193119687735426981e-01
3.585641625407008370e-01
4.355900239762745541e-01
1.694713505234431983e-01
3.961153304514398732e-01
4.066653738506126325e-01
1.878417707693945393e-01
1.310441042646170728e-01
4.249188483987020315e-01
4.942801424425069534e-01
4.123060858160034758e-01
2.145706979752307897e-01
4.144233597809990344e-01
4.288309179956986128e-01
1.918120464619337273e-01
4.214116633930580780e-01
4.032732266482431105e-01
3.014082671630019528e-01
1.405616713663710438e-01
4.291926067947090528e-01
3.931053455469784574e-01
4.494174401670620878e-01
5.767107579699511932e-01
3.761436167096406935e-01
2.715740688928710567e-01
4.097666549673867342e-01
2.456872871805415304e-01
4.568061474612465922e-01
2.851623019380302160e-01
3.818761091843654309e-01
2.444840664177056477e-01
1.009512568377583519e-01
4.661389925353747743e-01
3.438849822215277463e-01
3.101016663169057219e-01
3.441477142060778149e-01
1.051861635923414667e-01
1.463776804308697110e-01
3.835145192005928183e-01
1.072733995242097782e-01
3.061406285319553944e-01
3.894785218333750021e-01
1.243036785546540804e-02
6.219029646272751510e-02
4.298225606260945297e-01
4.191204859898949864e-01
3.246041333120508465e-02
4.108405168092789661e-01
3.145592943506039796e-01
4.811405505896904078e-01
3.146317051366875339e-01
2.803206338533302533e-02
4.176199545513789579e-01
3.347409868662947208e-01
4.230903937088107969e-01
1.834346932703941890e-01
2.571836037241129191e-01
2.364569647817496845e-01
2.923299573504906101e-01
4.123967885238105646e-01
4.183344358886301184e-01
3.087200515597373629e-01
3.032272835379523634e-01
3.724027462755803430e-01
4.091300849549011631e-01
2.172567884177283026e-01
2.858255458786156389e-01
3.869987860695828785e-01
3.419798635040567358e-01
1.726886771231914419e-01
5.052972655139949254e-02
4.179020750758944969e-01
3.729965892746600620e-01
3.135681556015501026e-01
4.143612325060797574e-01
4.650537014165590510e-01
1.068459595210626834e-01
4.188210582989122521e-01
3.308556698666194618e-01
1.296914817450990631e-01
3.026862947208129317e-01
2.980782236757588757e-02
1.616073383988831103e-01
4.522896341046037660e-01
4.208710834401103718e-01
3.220155567640459737e-01
4.137614008540139721e-01
3.839519443859475412e-01
4.426709791020426721e-01
3.303076871233421863e-01
3.471315064920216797e-01
1.383561977782825081e-01
4.313499823123231880e-01
3.627518030346101874e-01
1.529890193076190452e-01
2.593503812094959393e-01
3.377895211829561317e-01
3.185354386176867947e-01
4.285554339004793989e-01
3.975656021948715813e-01
3.210496730756370320e-01
1.609163834169648477e-01
4.342769327664370849e-01
2.667313085492040159e-01
4.549959027874654893e-01
4.849244317816029937e-01
3.466529676761748724e-01
4.007267270215499888e-01
4.294214119929137818e-01
7.128980505788648503e-02
4.537832394774838352e-01
3.085847556850955797e-01
4.812303431244803753e-01
4.041032972201780704e-01
4.076531597805190255e-01
4.541541681757090276e-01
1.693424830361799915e-01
2.971579615722072520e-01
2.089118135026834799e-01
3.119660166605255913e-01
4.042928679906181988e-01
4.071784479567426840e-01
3.766650025343512564e-01
1.415209920666871679e-01
3.942125903576262913e-01
4.181219710677613333e-01
-8.745476656217903225e-03
2.729878541335695741e-01
4.395768018657505993e-01
3.179106553789662337e-01
2.442725653777833017e-01
4.798644622530820469e-01
3.942181305836027772e-01
3.047770514322760138e-01
3.973291966412013654e-01
3.653928438960138969e-01
3.858476240001258439e-01
1.216591197532784219e-01
4.094596252612502929e-01
2.904243762853750965e-01
2.405419961305667320e-01
3.128199944603061167e-01
5.646210643017820496e-01
2.970410972820523021e-01
2.764084325419209898e-01
2.855849917475372646e-01
2.778995396691155140e-01
4.367110685965232553e-01
6.801915516532400230e-02
4.405703470797317500e-01
3.739614569019438228e-01
4.312783667658477982e-01
3.235480754357671351e-01
4.565185127886057237e-01
4.220941495098545215e-01
3.670487951569851859e-01
3.847409972573692660e-01
4.255363930732419253e-01
4.116215636766893948e-01
3.559990777331564771e-02
4.037739696028737058e-01
4.473309370705250698e-01
4.033125690594721591e-01
3.079578307847024576e-01
3.548641312247018398e-01
4.060543157355232524e-01
2.424060013420223092e-01
4.569744770232591624e-01
1.151226394278438286e-01
2.779282957590655245e-01
2.028952408006508001e-01
3.255541589207393560e-01
4.282185064048699141e-01
3.858200587364701284e-01
3.868921210614152950e-01
4.693711584074529708e-01
4.259017392026950843e-01
3.856122426607992426e-01
1.472438751956005321e-01
4.485106425408873498e-01
4.320573740424108466e-01
4.186946297234809267e-01
3.914317152871414907e-01
7.320893509666183407e-02
1.820223380170616634e-01
4.127834583689416470e-01
1.456158660304942010e-01
4.341164544425097915e-01
2.991430885890112301e-01
4.082249322457162655e-01
1.047192202141410816e-01
2.810123114712770875e-01
3.055807887271171919e-01
3.674274083776143951e-01
3.906902046825436181e-01
1.812435054226832487e-01
3.520301922706707831e-01
5.295265350622994083e-01
4.462563805661304839e-01
3.972457160044234326e-01
3.965775363792938268e-01
2.429287045442535264e-01
4.452081297880052801e-01
4.030515125509211982e-01
4.223722311001145147e-01
3.918485959389429452e-01
4.112565528457478581e-01
4.024272815734541431e-01
2.247366961342829317e-01
4.941487685770858951e-01
3.216667010892356182e-01
3.771873225975580501e-01
1.864604913522300567e-01
3.334918325724217647e-01
4.080730269582789060e-01
3.765277289752325673e-01
3.777475850834923210e-01
4.099514827430844610e-01
3.358923658570014958e-01
3.857106974195745885e-01
3.837105383446882262e-02
3.854628006488981101e-02
4.243850611346960955e-01
9.795716386287720012e-02
3.756745200260175888e-01
4.065428571603039720e-01
4.340859102874614628e-01
3.224634330890746581e-01
2.419126334609281170e-01
4.347584351215605381e-01
4.266190519265486980e-01
4.003142193162572693e-01
4.269437890952037518e-01
4.400101980749790975e-01
1.580585479141445870e-01
2.423508694869602742e-01
1.798055558943672805e-01
2.626207500338592071e-01
3.012024819233231065e-01
5.827636555133051260e-02
3.293655763110178158e-01
2.721765250358437749e-01
1.258993258663992643e-01
2.963509250661479633e-01
4.192787803093541710e-01
4.026108113069989392e-01
2.490847033121026399e-01
3.060090783661537639e-01
5.175070070784731913e-01
3.382529514420601346e-01
4.046070187342636348e-01
3.555027718642043699e-01
4.462117925443292443e-01
4.024031287947371638e-01
1.834426960380134697e-01
3.560841097764596563e-01
3.019065029096306141e-01
4.941167729417091925e-01
3.374434469796251945e-01
3.944114752775826904e-01
3.932567135933406344e-01
4.005039235048837853e-01
4.433616645765274256e-01
4.021138939337038365e-01
4.281424769175868894e-01
2.155357195126638425e-01
4.858856244235106869e-01
4.334053443469453315e-01
4.513904098847070778e-01
1.018212450688577020e-01
4.185303973507802366e-01
6.757591185994732408e-02
1.773600482696216507e-01
2.169300853224500336e-01
3.907086915346479894e-01
3.887568794601289346e-01
4.554307625097619439e-01
2.209566134915339763e-01
2.440225309831444700e-01
4.187440883493022126e-01
3.266229347310812270e-01
7.996307186180513782e-02
1.117319420720471190e-01
4.811945578400180223e-01
4.491795570552123973e-01
3.009139731758838088e-01
2.527563738758845102e-01
4.386833929444058922e-01
1.929035703998044915e-01
2.681308114259531861e-01
4.249486011314250744e-01
3.953327986609835309e-01
2.081411039773872762e-01
1.883182380453958527e-01
3.730621355902865588e-01
3.425450148713275467e-01
3.317097191159776859e-01
3.999247247025304319e-01
4.781431223883568782e-01
2.360219811637279674e-01
2.450352304513533919e-01
4.327395379307403811e-01
3.517042130743400774e-01
5.113467314600629310e-01
2.132500929159895642e-01
4.340028424773808569e-01
-5.289865756486224722e-03
1.297694491932589178e-01
-1.048692537052096085e-01
5.114021511672998122e-01
2.175628726565404791e-01
5.276689557071979619e-01
4.011328962323271186e-01
4.615638320210461720e-01
2.195545784284753110e-01
2.816070118652886922e-01
3.057894256430870317e-01
3.259470549202400091e-01
2.552133820559759347e-01
2.146006364011324719e-01
1.793821085772262791e-01
4.115607580944800614e-01
4.922531975895012568e-01
4.084392917666512246e-01
4.102477243098548998e-01
3.330328892804068630e-01
4.086506870014499082e-01
2.416682092688700878e-01
4.369267865722621935e-01
3.183248332907479550e-01
4.019958862013531253e-01
2.099896699392232446e-01
4.173327434311705497e-01
3.729185910652164648e-01
4.394500761231444064e-01
1.966714213634297992e-01
4.355247115107175326e-01
4.684254189357998088e-01
4.121065583477547256e-01
4.138528219578648804e-01
4.135902289099644968e-01
2.432184125823969312e-01
4.071900238671199435e-01
3.567472805247948742e-01
2.451747996912110317e-01
4.502315130457852921e-01
2.605003423493067460e-01
2.189602773554482351e-01
2.520211803765704528e-01
3.599235393014457718e-01
4.234194248228155821e-01
1.819472111512143442e-01
4.243726767072049100e-01
4.257496438394648974e-01
2.303396645490866090e-01
2.818258561127336970e-01
4.473738629145790346e-01
2.745810285435869025e-01
1.172187575390647579e-01
1.185298741089158142e-01
4.439905821815758880e-01
4.165528913733060890e-01
-1.027931096278708774e-02
3.552616125278184045e-01
4.216995191361692097e-01
4.081900104140477326e-01
3.914130852869285859e-01
4.132164535145130269e-01
4.461863828837270840e-01
2.142198885310133416e-01
4.318224297404834600e-01
4.209960397891105988e-01
4.335392487389876370e-01
3.039263144226884150e-01
1.102971499657104532e-01
2.069414949450603947e-01
3.934387735070022929e-01
3.099583826118385566e-01
5.153531118440615177e-01
4.338884477203052703e-01
3.825877911255043395e-01
2.641853168960217602e-01
4.647677429667769755e-01
4.477307761267197983e-01
2.610582495924412827e-01
1.223108937286465081e-01
4.163699074282307677e-01
3.656713224836948828e-01
3.567100415401711078e-01
4.381632335463017669e-01
1.942196745816947290e-01
1.904883856521759622e-01
3.065965014007726031e-01
5.435933221924369452e-01
4.068664896404831088e-01
3.064747039363518444e-01
3.623165940309289179e-01
3.636875020564381278e-01
3.858581632692440477e-01
4.291342323237970491e-01
4.895324185015293983e-01
1.918467029094566845e-01
4.339586142759845888e-01
2.181623880627966625e-02
2.024280836286757035e-01
3.508129468104808635e-01
2.532498626652651685e-01
3.560104955504514446e-01
4.086661938833642815e-01
3.403722254973234884e-01
1.635141562636563961e-01
4.199403161403209572e-01
1.687721866146967287e-01
4.274987240234602304e-01
1.805563169942517865e-01
2.392019923294640971e-01
2.374731303843189145e-01
1.762336627726971972e-01
2.922628294764718637e-01
3.202950355820250450e-01
3.532187081129377071e-01
1.548470583548638979e-01
3.277883888736637386e-01
6.992284584556267280e-02
3.883671231550627767e-01
3.953548130351660639e-01
4.346445211761608696e-01
3.683219148922678432e-01
4.083425096209128413e-01
1.807198790188824788e-01
3.336366320707356281e-01
1.307960479019524003e-01
9.660292991576562016e-02
3.500023286142692758e-01
3.206267270102695632e-01
4.249253086520943246e-01
4.362269914840875562e-01
4.812387701084073766e-01
1.763339480223509170e-01
1.783209604449670915e-01
3.743972370873243083e-01
3.478051611588731107e-01
4.492259614397961509e-01
4.014350480110692732e-01
3.771614996123520136e-01
3.321472317669013075e-01
3.266744939412917770e-01
4.439905821815758880e-01
1.932103664788920594e-01
2.847764569164497050e-01
3.711768777393008589e-01
4.363525726227163171e-01
4.124592303096465407e-01
2.195383109114520115e-01
4.327808546240855536e-01
4.169757074850863332e-01
4.162362173019369394e-01
3.115489726954037142e-01
4.102849060559813354e-01
4.418053327812824782e-01
3.749357046098581447e-01
2.116569417675399079e-01
2.104502487709895286e-01
3.970751959444125401e-01
3.900371227639451432e-01
3.087287077673530056e-01
4.433549462416176978e-01
4.203006059466428690e-01
4.389255547324737439e-01
3.699541334001171800e-01
3.559729783813367909e-01
4.365751611267743026e-01
1.968947411261152691e-01
4.043516512219914594e-01
4.089715041732561174e-01
6.624237555781335718e-02
3.380810657490938009e-01
4.056121973668186942e-01
1.288586457176759403e-01
3.486817826036228696e-01
3.375926338637352808e-01
2.320046055372068372e-01
9.520637528841545405e-02
2.681253890585860722e-01
3.895799191571171494e-01
3.378685464074671629e-01
3.263284004025931440e-01
1.131196491037978619e-01
7.252990492270276757e-02
2.540612290489240310e-01
4.058166955182868629e-01
2.540152335285320584e-01
3.900021904762408509e-01
2.793482542930639800e-01
1.446474747191612842e-01
1.177079022605115877e-01
5.861788892095450842e-01
3.269824034481509378e-01
2.308202442005469479e-01
4.291757787179911743e-01
3.442427043242122786e-01
3.977027760067285422e-01
4.264570881816689973e-01
3.881019977548839650e-01
3.059293546203652459e-01
3.467524170238591719e-01
4.290509773008857608e-01
1.730788553832401655e-01
4.232687340122295305e-01
3.782059434598880610e-01
4.150581324341321987e-01
3.910788163628862169e-01
3.787460833465055576e-01
3.730798109378382077e-01
4.367713210876349450e-01
4.084102159377666630e-01
4.438405025719210917e-01
3.972128882428678787e-01
3.939753489227327821e-01
2.214447508652187535e-01
2.766963031392416505e-01
4.257269134550403233e-01
4.401174794083653752e-01
5.137439212404953937e-01
2.958798127741722461e-01
3.383839974360742797e-01
2.218777163023710752e-01
4.461383191428660577e-01
4.381903331844287930e-01
1.948918873114249828e-01
4.023975794612216217e-01
5.649816565862810780e-01
4.384250049655513681e-01
2.696787459456901348e-01
1.911815236894281733e-01
3.506352602582500366e-01
2.200606540443249548e-01
4.363396671361100543e-01
2.920816820178985806e-01
5.975633957322286083e-01
-5.294501324537663478e-02
4.322801547383641196e-01
4.284254737574799132e-01
4.055615768762625417e-01
3.151509616644027068e-01
3.065105997975415830e-01
4.235666170106445194e-01
4.072203103763190613e-01
3.866195854852944036e-01
4.245251291108623204e-01
3.368753043355384724e-01
3.819595310059422655e-01
4.955200701561631171e-01
2.037709415126172097e-01
4.107528659361615597e-01
4.043922730038810309e-01
1.178569121959253257e-01
4.193546234966350483e-01
3.990159308656090476e-01
3.364528624004662904e-01
2.008308137149673878e-01
1.876843522725929747e-01
2.412196964534109311e-01
3.304697004099150792e-01
2.099453392520796990e-01
2.611373351466189652e-01
1.981954874090410545e-01
3.765692904103510874e-01
4.207831613739386745e-01
3.174965359504479667e-01
3.963475630717773202e-01
1.947530111573659295e-01
4.218804176000180428e-01
3.520181830364466635e-01
1.749037200015536031e-01
1.174827202187319064e-01
4.108976118265460498e-01
1.546136217966953552e-01
3.019762149596922907e-01
4.385879729877699140e-01
1.683039362890788315e-01
3.011143320649438682e-01
3.865143850897381772e-01
1.760460556831146828e-01
4.894973447254047927e-01
4.407277232804164835e-01
4.044812883066799536e-01
1.157516492285726173e-01
4.397209389824978665e-01
1.088613361864278067e-01
1.989903674457854932e-01
2.717546804173736619e-01
1.885416941514681810e-01
4.286310750207201203e-01
3.579641016442003942e-01
4.496165883135693209e-01
3.975727833338400519e-01
3.156649767307662668e-01
3.584791344728695539e-01
4.306644683433317744e-01
1.453165486465394229e-01
4.158995119141028485e-01
5.923571684696157108e-02
4.424649098067258146e-01
3.882009776597566408e-01
4.243578168547411100e-01
2.830117276567521434e-01
4.117459740712512972e-01
3.348033945455379246e-01
-8.450840014434518599e-02
4.343008152234360542e-01
4.298209560395283013e-01
4.118741753596650290e-01
3.342245493190126315e-01
3.811923339047479931e-01
2.813165571334173554e-01
2.943309735583892750e-01
2.035212003433937433e-01
3.838218685626794691e-01
4.053103672978908834e-01
4.263643906116120208e-01
4.238431343447619515e-01
4.071442001244582332e-01
4.586413929314381299e-01
1.759860498476043811e-01
4.498421296519149459e-01
3.258452839176962379e-01
2.298516897418625138e-01
3.759696127566056201e-01
3.854628552448605694e-01
-6.128889640973387426e-03
1.713487066818219218e-01
1.947023929903732575e-01
4.030773687506375991e-01
3.243654589360649432e-01
2.141000115333183684e-01
3.664438972236588321e-01
4.452252973539475578e-01
2.205390236134660287e-01
3.685941247130843923e-01
4.242847290818346773e-01
3.933446319252138501e-01
3.906568621271960251e-01
4.691596590272188450e-01
2.161732468592444112e-01
3.591630304948045804e-01
3.746328670064533184e-01
5.406141293382048518e-01
4.954686137221452902e-01
3.226696100151723035e-01
3.393573400200542572e-02
2.300850546015001663e-01
8.809073906875436455e-02
3.873070610397870150e-01
3.893657154186672686e-01
2.728592960121896671e-01
2.799253011644239342e-01
4.043118366294652377e-01
2.710716673288228740e-01
2.021993113752820481e-01
1.472578642096579182e-01
4.374741893374927693e-01
3.362122470268927854e-01
5.032076732320036605e-01
3.477591233994160591e-01
2.497806221984512354e-01
1.039491137365577966e-01
2.100283379361461422e-01
4.024160637408092378e-01
1.227389262404863374e-01
2.405209034019960834e-01
3.935824894986111322e-01
3.083014261606998874e-01
4.199508069880354966e-01
4.084999576860972592e-01
3.096128679723893495e-01
1.453162940503672507e-01
4.083231844602910887e-01
3.498926928471813302e-01
5.347813498918998487e-01
4.035759797527716519e-01
5.255153130773324577e-01
3.218594841654696670e-01
4.364582492035675165e-01
1.837728261975541955e-01
2.650871256394585762e-01
2.698341463705393739e-01
4.322896442546863560e-01
1.845782344094384075e-01
4.840416874980750794e-01
3.919737775076339581e-01
1.055068818259839863e-01
3.371550198888461081e-01
2.665385569499942320e-01
4.903382834336777463e-01
4.079666625196470275e-01
4.262480455549150782e-01
3.590232922986866249e-01
3.959613966100817839e-01
3.311093658653981309e-01
2.770792225869134207e-01
4.507682036438778739e-01
2.943078245591047026e-01
4.813580871687908602e-01
3.101016663169057219e-01
4.052051056390933992e-01
1.262959826364106197e-01
1.928391543889041715e-01
4.145854426085081035e-01
3.869810141281771476e-01
1.343148864083976435e-01
3.900498994587459078e-01
3.780964288707858723e-01
7.014106582721826855e-02
2.723389060833924513e-01
4.253285145518019283e-01
5.094138815516069396e-01
2.643782159585294500e-01
4.026611362900684443e-01
2.941169370957653628e-01
2.087739552924584019e-01
1.623353264447963684e-01
3.457992672102950804e-01
4.368553642964794759e-01
2.808923091878680056e-01
4.204734159614683109e-01
2.521506647699431336e-01
2.259338443468935087e-01
1.246051508700073696e-01
2.575253641747525801e-01
3.375799784091585987e-01
3.928105710616056623e-01
2.891575951898307517e-01
2.349908336386267449e-01
2.525144088438545653e-01
3.582382160609740573e-01
5.243077148245913754e-01
3.226710175967473782e-01
3.974881819718488196e-01
3.078363306534254162e-01
4.242362705011473167e-01
3.812374221773233707e-01
1.618221662916121198e-02
2.912746942444344733e-01
1.510102857417567057e-01
1.432296315407771969e-01
3.762371896822466755e-01
1.923534843077197576e-01
4.808019337804313453e-01
4.001889380003045837e-01
3.096868951288254124e-01
1.068149457572339089e-01
3.630935325061320218e-01
3.848051619655412092e-01
2.175467012354648233e-01
2.952558594003052428e-01
1.390984967088498003e-01
4.158049890189470243e-01
3.582595023714288951e-01
3.975847286078295628e-01
3.834457285264437076e-01
3.319386048920452414e-01
3.188688426367081163e-01
2.950378701204980358e-01
2.601374305882889759e-01
1.638748393953391169e-01
2.998092364860664438e-01
2.184804583390968225e-01
2.122577133010417894e-01
5.325908419354662415e-01
3.969855663080208985e-01
3.552456657455426159e-01
4.496279968443901431e-01
2.363944530815476341e-01
3.711747759101454158e-01
4.384180700413295440e-01
2.531713435626752884e-01
2.282494858240443625e-01
1.796609719636199365e-01
4.444895637920883713e-01
4.092782376872844963e-01
4.203827081501200214e-01
2.201614354577705601e-01
4.189290826747123497e-01
4.486684212159641749e-01
4.188900667241551301e-01
3.916273213270603515e-01
4.141762502134092028e-01
3.236755144293837483e-01
4.205541447314553594e-01
4.239052928218196570e-01
3.290955527559946692e-01
2.235189475396106851e-01
3.736692307433484572e-01
4.335392487389876370e-01
2.899562381546805234e-01
3.844063975989578941e-01
1.157050822775282650e-01
4.407203411532051862e-01
2.843104067980061767e-01
4.244376976900191556e-01
3.803949608503359170e-01
2.670686106364436596e-01
1.606708201549522652e-01
4.058049223539652584e-01
4.053070607010602067e-01
1.840828505050695063e-01
2.015256070837530000e-01
2.300540266680832779e-01
4.403662104913411701e-01
3.987804763755243287e-01
1.873870474006350262e-01
1.219432251767280789e-01
4.132508167781128172e-01
2.731243095493827155e-01
4.117562882036631677e-01
1.219303147992280983e-01
4.114533271816934734e-01
3.893282622927715653e-01
2.053542222462992894e-01
3.345631027696741033e-01
3.513803557893921958e-01
2.116437422930989853e-01
4.054411487376035628e-01
4.151718619881711869e-01
1.894817264532565604e-01
4.132569777067355288e-01
4.774569677174761995e-01
3.151327650917671863e-01
1.648358732050846098e-01
4.128169810004605478e-01
3.212889381683710632e-01
3.258315608686753184e-01
3.513212859091180973e-01
1.514320408148611130e-01
4.390753010974810522e-01
2.248749875801838716e-01
3.932981438923441320e-01
3.982041708868899743e-01
1.051621300881553644e-01
3.812738750506241003e-01
2.620151929761044274e-01
4.762837745109856913e-01
4.490127736587409268e-01
2.649536483889244343e-01
4.788900306309674115e-01
3.801498435309870749e-01
4.430330673050220658e-01
1.317226227048342024e-01
-1.271387274926037301e-04
4.320304404975819357e-01
3.134888967344305888e-01
3.717958334807610621e-01
4.321375739942404648e-01
3.731754390193763871e-01
1.240293071066344288e-01
3.381142615050187761e-01
3.702536900281281351e-01
5.061373318201239924e-01
3.884967911929364526e-01
3.877716763577687131e-01
5.538162468948427675e-01
4.018496090826215172e-01
4.138241335831940870e-01
4.439494847745361072e-01
3.944025243300861572e-01
4.048389172593633845e-01
4.295681716659938698e-01
4.030089972514932506e-01
8.380562940116997872e-02
1.487124810998207980e-01
3.614436226762319793e-01
4.584627918910008648e-01
2.929624997975849299e-01
3.928470384779244040e-01
3.602239290514484549e-01
2.674626522357346770e-01
2.322122975667432476e-01
3.919135697451197053e-01
3.993842714460318355e-01
6.906792882822129775e-02
3.812942208365135976e-01
4.718077225273664133e-01
3.293981149133941022e-01
5.505284300587210966e-01
3.684174728104867014e-01
1.953823866548332899e-01
1.224444115793035942e-01
3.791330217706820882e-01
1.842776639608813549e-01
1.950854974932809960e-01
4.196391292420686980e-01
1.080818940922985416e-01
5.079671255672131291e-01
1.913083906715014604e-01
4.550759272272663081e-01
3.518399593883633769e-01
3.889112176015361300e-01
4.528702425009041854e-01
4.398743321804199358e-01
3.186361977913103050e-01
1.157973911486053359e-01
4.346343610628153331e-01
1.905672358262590349e-01
3.895622126074270719e-01
1.852094128988250599e-01
3.894874580096463479e-01
8.403119878824641398e-02
2.912309478505270555e-01
1.705223264266329253e-01
4.239125416760672893e-01
3.630265937120931707e-01
3.797385335811869211e-01
3.376021842491228053e-01
2.266972495584230474e-01
3.332492638288036546e-01
4.337476682358012980e-01
4.175543557066204725e-01
1.937457156184253237e-01
2.945172898254626026e-01
4.518425087884923030e-01
2.130681511721288224e-01
2.997759988230140338e-01
5.608804043161873532e-01
3.968354602055929603e-01
4.124766469532976654e-01
1.964186097710086676e-01
3.812771711084345649e-01
3.952048301438419453e-01
4.414276576994167200e-01
2.090303703169474336e-01
1.078309626517390957e-01
2.603163931088194882e-01
1.602688665729872786e-01
3.129713261594963547e-01
4.209468149303743911e-01
1.923735106295605124e-01
3.274662086206726608e-01
2.020024225882744440e-01
4.436379210076574209e-01
3.626570974285280302e-01
6.922699193600770351e-02
4.899880000950648795e-01
4.405955516028705055e-01
2.749634977748977027e-01
4.071511960422219412e-01
1.426141217269732697e-01
4.078593455029641546e-01
4.252572687423686881e-01
1.287731844712205476e-01
4.094825985825373271e-01
2.956499276168460533e-01
4.488454436439557882e-01
3.316246344527782330e-01
4.049417857307393009e-01
4.019198583737583208e-01
8.339066983847730208e-02
1.851472052120117784e-01
2.042794737419108553e-01
1.445900127448298544e-01
1.869951980005226944e-01
3.861248589004430132e-01
2.021033910226492369e-01
3.353680315961770075e-01
3.584053839864588809e-01
2.923683707253086905e-01
3.627430161472937620e-01
2.224670677702190735e-01
4.127946542937021013e-01
4.123907987090427718e-01
4.633742794257427744e-01
3.893541312720872338e-01
1.690286902094846611e-01
2.134900215105797472e-01
3.375421946111321625e-01
2.688952188817035349e-01
1.508427942393082977e-01
7.014106582721826855e-02
1.740036821195095618e-01
3.056789656748314932e-01
3.141820868029083780e-01
3.024839903867194701e-01
3.336457906452277578e-01
4.251174408815949213e-01
9.621242903307404559e-02
1.687157459295083595e-01
4.090735263488651241e-01
4.998280868819825473e-01
4.882133505054767064e-01
4.136476045805087542e-01
4.226170072290585389e-01
4.102899317578650451e-01
3.970820213292121648e-01
4.204559729287745684e-01
3.929431211480646224e-01
9.398046636466053649e-02
1.442833876706802188e-01
3.949590794459781340e-01
3.519756919062284051e-01
4.186637988572934344e-01
4.099933744354117282e-01
2.098261404444815570e-01
3.946402263699516078e-01
9.384302267971999373e-03
4.107524787516471099e-01
4.145966142188362014e-01
2.566710374825766361e-01
4.143387438967359171e-01
1.067968293734717772e-01
1.879974001482330459e-01
4.345360523358567928e-01
3.024204344936769484e-01
2.926395646354092439e-01
4.107263712543888778e-01
2.364179292468715499e-01
2.963565170536506255e-01
5.520082709318671066e-01
3.988143102063633483e-02
1.754526768158442551e-01
-3.270394189067075182e-03
4.004169337685668517e-01
3.954193148052683737e-01
5.461687051656738401e-01
1.269401117818556024e-01
4.140522722091194430e-01
4.999191146604725633e-01
3.167811222003577010e-01
3.887699505628729457e-01
2.799562546815704822e-01
4.271210294402579821e-01
2.128231660054541174e-01
5.291776247630006758e-01
4.109381817016867222e-01
4.396421038752718613e-01
4.633291692660290728e-01
4.540699585001365390e-01
4.000063425882403600e-01
4.132159124976471642e-01
4.447566255505074895e-01
3.781838924273421276e-01
4.194433544948427128e-01
3.589249351918166187e-01
2.347401311779891697e-01
2.906683901195219466e-01
4.138277496288924051e-01
3.558355844118381017e-01
3.495537762152461925e-01
2.498698834670435853e-01
3.040841389881444035e-01
2.367439578189266536e-01
3.280365521773012105e-01
5.730456229264222490e-01
4.690626100036154322e-01
3.977359475312056136e-01
4.143583193383404417e-01
3.123498842880745308e-01
4.207199560485394008e-01
4.206877884694635861e-01
2.528625285921643484e-01
1.418029600658557154e-01
1.879029043889795247e-01
4.486262463185891614e-01
5.567203861169699453e-01
1.634938900598167932e-01
4.123877647160014148e-01
7.375353736105028091e-02
4.707307934156841345e-01
4.987960193294654343e-01
4.632921371407952571e-01
1.244255834761069240e-01
4.248092269256787956e-01
3.605967068083139049e-01
1.882065345557452640e-01
3.228594906286560429e-01
5.038431312533852013e-01
2.620499486185241117e-02
2.259994178814067056e-01
1.450185685563638582e-01
4.371859961797675553e-01
1.172886085050299648e-01
4.357221325441760773e-01
3.393558846316787614e-01
8.642117745159193232e-02
4.016193641878747500e-01
1.632044950388707449e-01
3.489850104489989474e-02
4.088560511782286522e-01
2.102469094968174579e-01
3.754555281493058283e-01
2.468766651685978253e-01
3.408176831587165778e-01
1.721225429507980687e-01
5.753186503734425417e-01
4.101657849217916207e-01
4.088783653543410779e-01
3.852649841661964225e-01
4.123099877507766658e-02
1.758973338436424227e-01
1.268506558318356348e-01
1.647734336857603066e-01
3.654586715495389271e-01
4.196466807612084238e-01
2.271992196035353684e-01
3.922985486998973870e-01
3.677183680073868310e-01
5.541890402527774873e-01
4.088658887311695800e-01
3.309168885452254960e-01
2.248932886301925616e-01
2.667615971952517206e-01
3.342022596233014120e-01
3.076418681386866583e-01
3.871911771274605951e-01
1.384840832850806891e-01
3.386758671351332572e-01
4.969305290912334194e-01
2.459246689005814279e-01
3.319042332470199530e-01
2.628208500945421466e-01
1.079485386421332738e-01
4.386271379783288071e-01
2.098616550337960573e-01
1.091220393681039263e-01
2.471529845900821143e-01
4.377991052545685546e-01
3.270489354526083248e-01
4.613782497510859337e-01
3.497508173045801860e-01
4.012751909084408264e-01
2.361276087837768378e-01
3.081956861797588987e-01
2.880789742749665372e-01
9.413246365587678299e-02
2.156913103037513268e-01
4.477294749311592770e-01
3.557161469410746180e-01
4.371154435806094973e-01
1.572159570692380492e-01
2.111691221670965180e-01
2.856351744486479993e-01
4.263888385658780034e-01
1.061927401802799792e-01
5.383221480235627077e-01
4.368329807453996683e-01
1.153926980022883242e-01
1.514441990268486082e-01
3.673089040665498128e-01
3.252667801720212082e-01
2.196212685182351299e-01
4.003101327489499983e-01
3.911190951702062102e-01
4.333244704787160284e-01
3.131528903242882245e-01
2.886270009169971118e-01
4.326361548730334183e-01
2.736095078641920808e-01
2.912320179137575238e-01
3.183132135023635234e-01
3.957584896431974864e-01
3.084249224819774482e-01
3.208472458001390692e-01
4.596204225122912934e-01
3.854399385189417049e-01
2.422649499176043053e-01
4.111992650556945961e-01
2.662301020851471911e-01
5.867481923983958875e-02
2.123266296135887521e-01
5.731890746334289410e-01
3.020096215790049610e-01
4.577539435355513220e-01
2.380468987905634826e-01
4.614152488485243064e-01
2.962400183098249928e-01
2.495122983301290287e-01
3.639914347843654641e-01
3.659855370630982763e-01
1.563264940566244099e-01
2.230979898637091563e-01
2.064502850165159109e-01
2.140439501128197364e-01
3.480255994538641873e-01
-1.762818980604880653e-02
4.507148136315974329e-01
1.249372439427999110e-01
1.526036995358663884e-01
2.122726714070478915e-01
1.429911588246891851e-01
4.445557752277670138e-01
4.116748117026430287e-01
1.122168213688488903e-01
5.280659916407617893e-02
3.278543144487934269e-01
3.564099723174549705e-01
-1.045610549484069646e-02
4.291801207113147276e-01
3.775979585064819233e-01
2.916072406403168449e-01
2.051878495396765589e-01
4.113935431790726738e-01
1.840943699601148287e-01
4.249275210994692964e-01
3.807705526085697900e-01
3.665302806758709009e-01
2.153412462929360505e-01
4.005602388836119188e-01
2.438995156810038201e-01
3.988523837781722814e-01
3.313360931754499306e-01
3.467043653987221252e-01
4.044631798634886199e-01
3.391438975520626453e-01
3.761900694741358575e-01
5.455552787169939410e-01
1.901909662461716000e-01
4.095459549395641941e-01
3.994898103557456004e-01
1.521258506783431663e-01
4.058415947417784997e-01
3.220361559843258892e-01
2.154048692788746444e-01
4.460251625546910459e-01
1.550692517779220930e-02
3.512850087138149058e-01
3.518048844504569894e-01
2.455163321836743573e-01
2.681747476881923831e-01
1.006141777296304385e-01
3.846735301015871689e-01
1.049009491600400579e-01
4.362978743612004329e-01
3.305776725885207767e-01
3.679539332609137459e-01
4.739231588025859532e-01
4.005053044069708523e-01
4.359686718843874820e-01
3.848734485093950330e-01
4.299501396973964273e-01
2.145775674818042877e-01
1.472634074853114705e-01
4.558742865514001652e-01
2.768546396355275330e-01
3.987047919374211991e-01
4.374986423538078095e-01
1.793242053747829134e-01
3.863301314624322802e-01
3.480251095968875386e-01
2.231679752644197823e-01
2.337848035474820452e-01
1.584664869956879940e-01
2.194227674011784701e-01
2.940216199983064493e-01
3.602097154400833445e-01
4.301227646984781550e-01
4.113938528768936176e-01
4.706340019756917181e-01
1.969386359791335528e-01
3.501892649408597236e-01
4.369754731941102865e-01
3.908352484454705178e-01
4.421729408583115473e-01
2.495373811981216605e-01
4.220436051160030289e-01
3.898054526119437146e-01
2.641972091170401993e-01
3.153005814989297551e-01
9.640472287471456292e-02
2.429732335641387186e-01
3.303305422748282760e-01
5.467305625704905747e-01
4.264027121486200222e-01
4.385498310290267265e-01
3.866866205827418912e-01
1.490350493879165350e-01
1.623796953047688396e-01
5.023366384015159891e-01
4.294870697566038897e-01
1.974504922319841316e-01
5.190350724332838395e-01
5.672720883952596660e-01
3.337150080252169193e-01
2.102877817256586512e-01
3.767745479314159041e-01
1.822958910650427644e-01
1.566759015777662578e-01
5.379629683826877562e-01
4.266558588320917833e-01
4.212539418942402580e-01
9.702197032502776763e-02
3.637007304353866433e-01
2.064270223856403963e-01
5.466639858374358063e-01
3.454438650612896566e-01
2.227179263245332719e-01
3.384372449641214753e-01
3.829912226598247704e-01
3.750521225891059740e-01
3.650716959068541767e-01
2.458125795593535112e-01
1.122395985979732919e-01
3.036071357988184838e-01
2.110551039751240934e-02
2.628058136512522736e-01
2.104065177291980504e-01
1.782673567893211797e-01
2.520548831931777034e-01
1.975969819308434627e-01
1.554471104135246029e-01
3.176894941237887182e-01
4.815330472889526869e-01
1.160015388569069078e-01
2.492220856637838433e-01
3.953844669334559137e-01
3.731886897211313392e-01
3.144659058938352736e-01
4.010018197622881031e-01
3.943654167097846441e-01
4.229646149013156498e-01
4.413166777508434335e-01
1.898379313934515644e-01
4.799640350400772859e-01
5.009071745011728360e-01
2.069969432196806236e-01
4.611835804391955507e-01
3.531784584331459365e-01
2.601430483217050393e-01
4.296103929724006121e-01
4.687735743051679171e-01
-3.350680238000777050e-02
2.337875850189614912e-01
5.524609343163603414e-01
3.437039162328997532e-01
4.698764998602207310e-01
1.727448485654591581e-01
4.664551654638873779e-01
4.132165208148701474e-01
3.999746304276107223e-01
3.919716423187454279e-01
2.540327124934756986e-01
1.739758943175968298e-01
2.211791049868157832e-01
4.160943063249924467e-01
4.085345373730402962e-01
-2.228211894931060588e-03
4.062923730316510551e-01
4.199927804200073167e-01
5.805775199873208781e-01
1.487170551175568123e-01
4.036482190930625880e-01
1.493292740263634996e-02
5.214161850836772638e-01
8.806184638646430418e-02
1.134094729233471079e-02
4.048945851418536135e-01
1.841724157274055723e-02
4.154622146492172874e-01
4.078496680269516061e-01
3.032409338096451190e-01
3.548835314239769390e-01
3.798987068544202872e-01
3.667299284715152541e-01
1.421692009747177465e-01
3.582825640711133630e-01
2.969611390638112192e-01
2.253258946618619252e-01
4.461969991623784271e-01
3.757550149044429633e-01
4.271057011407955462e-01
4.183156223269006158e-01
2.528335799368892078e-01
3.993649349165458440e-01
3.354855175225529562e-01
4.073637570420227672e-01
3.183837832792946188e-01
2.828031446806493210e-01
5.479110051913734791e-01
2.475905315706191934e-01
4.549890574034228807e-01
1.059518960186860148e-01
3.708118287770225674e-01
4.951730131269634905e-01
1.109272161579880622e-01
4.321548496888699131e-01
4.204513108645787645e-01
2.055221026966808917e-01
4.368964461439422409e-01
1.227361730926235933e-01
3.516025406780223794e-01
3.692309603586687028e-01
2.952251165805775401e-01
3.284862999045228271e-01
4.355247115107175326e-01
2.532159100085297765e-01
3.960786606361433315e-01
1.277036411380636227e-01
2.203983537098764545e-01
3.951983627122981346e-01
2.213379417390622939e-01
3.673918598476759168e-01
4.363696128075881253e-01
2.526225040053570181e-01
3.282669483526288179e-01
1.956036298519298888e-01
4.468284112788139528e-01
5.628433705950544041e-01
4.322595487963469263e-01
8.827717226086242985e-02
4.295573396693667667e-01
3.434712468656085371e-01
3.311609407181701492e-01
4.144332085368354068e-01
4.230781091945501893e-01
3.363726480093492399e-01
2.928637463649489542e-02
2.790096677731148112e-01
4.223531452665333918e-01
4.382390759867229590e-01
3.103291982852963149e-01
6.680776135085800260e-02
3.540811713591626164e-01
1.488957734227462637e-02
3.316274687853273395e-01
2.143636880879237760e-01
3.532990917922526619e-01
3.920996404613216191e-01
3.105871336256824655e-01
1.538505114287772035e-01
3.525999744585067153e-01
4.182802933737129747e-01
3.575748180805761733e-01
3.069479307540978752e-01
1.913995048419496470e-01
3.673778799826498132e-01
4.189793314780927425e-01
9.858549817050250852e-02
1.478860434194195494e-01
3.639945523427084439e-01
1.767506158191388399e-01
1.893721309543538733e-01
1.427421117370772097e-01
2.921816851205557564e-01
2.190777997949648614e-01
4.043263752492750052e-01
4.071766074454967188e-01
1.388001342265095250e-01
2.075328159649131032e-01
3.180127475311795848e-01
1.463791154802847605e-01
2.319329116275151148e-01
1.836409491146664130e-01
3.145252233580988488e-01
3.870200123408165105e-01
4.184465567898667526e-01
4.190598656911287967e-01
1.122752120476536303e-01
3.681514588132376864e-01
1.420707628750628448e-01
3.893642662411562760e-01
3.961773892642203032e-01
4.556156526067521306e-01
1.831035334817771310e-01
3.571054369263930162e-01
3.436646734029635830e-01
4.604382904755789929e-01
1.751485467509881766e-01
1.226069285812497467e-01
8.910685446575510038e-02
5.137954177352375140e-01
2.889694763353871654e-01
3.729275440043388068e-01
3.998798408205587740e-01
4.104419582025420898e-01
4.507148136315974329e-01
4.072888564746635631e-01
2.207091303540595906e-01
-4.817316140025927618e-02
4.338280276836683491e-01
3.843116818895236930e-01
3.742954052572074475e-01
2.116542169173612209e-01
2.166929625137716531e-01
4.481230815261691980e-01
4.170117936710220352e-01
4.005075918307609006e-01
3.455753301265780397e-01
4.177704981476203505e-01
3.916202395204315678e-01
4.026583619552483451e-01
4.626113652329716386e-01
8.888077804392900683e-02
2.194557005944278438e-01
4.511222566323333516e-01
4.134708007334550461e-01
4.106688075411698557e-01
4.203896733636516836e-01
3.204322466538824798e-01
3.100284821161140014e-01
-3.743308737253424334e-02
4.176359411661719201e-01
4.068683317699250956e-01
3.854864604924354565e-01
4.022072059618302386e-01
2.616938413017085296e-01
4.297904037520076659e-01
3.068550112422343545e-01
1.637542598723688569e-01
4.764720097095731521e-01
3.596671001284932334e-01
3.229720082161221528e-01
2.338428150186488419e-01
2.037110461034249975e-01
2.439159127366923030e-01
1.986585741126845606e-01
2.744308525423524991e-01
2.780035529519299109e-01
4.354375969658468293e-01
3.373597125557730725e-01
4.354675201485495584e-01
4.212431774054312683e-01
5.000194710070202664e-01
-9.171985666337234555e-02
4.208540701421876751e-01
4.559740782097788103e-01
5.006627925481798025e-01
3.296383409241123719e-01
3.338699988390146922e-01
4.092827187624805130e-01
1.030354564530218120e-01
1.527136307274566396e-01
3.296487153861908381e-01
3.365951411643192670e-01
2.600812349560655545e-01
3.470379123583909320e-01
4.138538970209061363e-01
3.967344798785147897e-01
4.588117159864578687e-01
3.785903687426772635e-01
4.436202430046046752e-01
3.854687236534354300e-01
2.143056399324609340e-01
2.548952926647353734e-01
4.367075000179078681e-01
3.615458250317428179e-01
2.955656438361947691e-01
4.086882695622802153e-01
3.312883463105613657e-01
-4.139410955641533579e-02
1.417100238404131810e-02
3.309419431985184401e-01
4.296005950860080636e-01
3.829802136989417516e-01
3.232401872559015343e-01
3.723430332661229469e-01
4.379610711570429138e-01
3.932740097851195604e-01
4.356468892926926850e-01
3.420428067439407749e-01
4.309356174989023014e-01
7.799431659044436804e-02
2.351822991713713729e-01
4.135414772283383944e-01
3.586986602712800565e-01
2.921044948473351943e-01
4.650631614734155317e-01
2.114363027332592238e-01
4.186659771980755784e-01
3.179015278406436829e-01
3.247178028605811062e-01
4.479174094772265802e-01
1.717479538102147929e-01
2.250565399456298243e-01
4.956412120022467005e-01
-2.745337226085850166e-02
2.781635793842485160e-01
1.527195817314528081e-01
3.045259630111440408e-01
1.984417695650039504e-01
3.954461679796954510e-01
4.391560538914550116e-01
3.941917405451720313e-01
4.231563425818138380e-01
4.101521644415023760e-01
3.660476093400993336e-01
4.383949922426694235e-01
4.642442067462846378e-01
5.492549487785136630e-02
3.074658515647376578e-01
3.960940640364975507e-01
3.075126198359625085e-01
3.702615628421601635e-01
4.439878386339721761e-01
1.417967113397264056e-01
4.017621768734264687e-01
3.976124420816428695e-01
3.156827773017937266e-01
1.371751207571389741e-01
4.050955416535207410e-01
4.469388656871139953e-01
1.963124046624454277e-01
1.576332919777039543e-01
3.236969244073566454e-01
1.539746483974854981e-02
4.373428917347452205e-01
5.261807148822966740e-01
1.303717110178607974e-01
3.536119128144463719e-01
3.782469004158126591e-01
4.007401787945322202e-01
4.016698218630170292e-01
3.488644852937840546e-01
1.440654230009373316e-01
3.291147414902451107e-01
2.577844655446536737e-01
4.221825533005306164e-01
9.957643413158913381e-02
3.241631226114811692e-01
3.275228651483133580e-01
3.383841929473460075e-01
3.702486932048193458e-01
3.829801269802324826e-01
4.701215868487674254e-01
3.891666723096778857e-01
7.779524030843681937e-02
1.868431576403972727e-01
2.651343354707329514e-01
4.232193128953619099e-01
4.774262354238023587e-02
7.009827176240855662e-02
-5.607502422902693046e-02
3.177065612785939797e-01
3.393980436167929882e-01
3.227186963729269387e-01
2.934296768858186133e-01
3.762262675230572673e-01
7.037536772088946735e-02
5.491765335127609671e-01
3.128017812078039972e-01
2.900047901758143754e-01
3.830569994231599051e-01
4.510101773062865083e-01
9.853678194137261218e-03
1.658202875613667415e-01
4.026777666979199366e-01
3.914154957351075881e-01
6.922758892585863244e-02
2.777824140610510861e-01
2.646663172784445850e-01
3.854687236534354300e-01
3.255832031325634479e-01
2.882583211792876243e-01
2.778698993595229427e-01
3.667541259373374163e-01
3.261326615046326594e-01
2.474578240627330616e-01
4.054018874851281762e-01
9.297663454315928389e-02
4.416095313960606838e-01
4.051960585956492777e-01
3.601771506976176873e-01
1.096288175040423390e-01
2.419816052329940848e-01
4.445636840570333370e-01
5.307265153253878376e-01
4.566994139909401063e-01
2.690892261854571643e-01
3.046370309231927198e-01
1.502251226816043728e-01
3.967581402277383651e-01
4.220760833887126640e-01
4.265328363517996157e-01
3.149197128242546828e-01
1.344145732574654750e-01
3.870786278606956898e-01
-8.895141447549478886e-03
3.378494826477392854e-01
1.338366638876324066e-01
3.791379020631320262e-01
-7.167914096911430499e-02
4.515129429229446933e-01
4.426339383464301114e-01
3.735895257105446010e-01
2.504442683644755863e-01
2.996565508132303934e-01
3.314896636280733611e-01
4.629549014410842545e-01
2.486849664927019699e-01
3.606049111035746768e-01
2.517014831182861831e-02
4.199263264208961122e-01
1.836769993683523006e-01
4.292163502113278128e-01
4.442150005748752295e-01
4.406865264995448173e-01
-8.109441226713116598e-05
2.241524253247446363e-01
9.198251717759867163e-02
1.354082361692736935e-01
3.819765793232862694e-01
2.129203978437143874e-01
1.850588566889532216e-01
7.942252385785555924e-02
-1.029043369529725888e-02
3.914542046433450162e-01
4.419322913781452145e-01
4.429832749988851792e-01
3.546542471775150918e-01
2.764751310131063344e-01
4.239214853209356537e-01
4.067459976038278469e-01
3.730344136520633569e-01
3.119092609665140015e-01
3.420421228694118243e-01
3.867237335762840345e-01
4.005855273039899966e-01
4.014877271788872548e-01
3.169978723361974726e-01
4.942801424425069534e-01
2.128759047560790374e-01
-2.373865511070503628e-02
4.398104267985315508e-01
-2.818544444678501570e-02
1.986378256864340941e-01
1.770873348579085349e-01
4.109965596164517621e-01
4.443559266928330254e-01
3.754782919349557435e-01
3.386650726889520180e-01
2.636982988731209621e-01
2.000517281841050210e-01
2.431135825255197613e-01
4.116718048455040302e-01
5.402506039489618495e-01
4.639208980712761776e-01
3.731919450335961508e-01
9.147117584301679705e-02
1.101719546267937860e-01
3.869558868635247784e-01
4.526263703211464429e-01
1.386659422934839181e-01
1.808318821081884853e-01
4.210277304567778822e-01
1.776284917444123923e-01
1.457747075128521252e-01
1.208798468851087632e-01
4.152796664552828032e-01
4.650093304819763462e-01
4.416181096605684697e-01
4.396882252830149329e-01
1.693459574534218193e-01
9.376677525722150464e-02
4.272163992743098770e-01
4.003524203599009290e-01
3.258245003890400393e-01
4.707264200542533583e-01
4.199684689750970423e-01
1.655355440655963406e-01
3.524614764436613257e-01
3.384721104493750854e-01
4.054849943808662704e-01
4.201717822751485087e-01
3.049449778560211488e-01
4.340261486076471553e-01
4.729891549863007860e-01
4.325652568927577657e-01
3.917081110490971407e-01
4.257496438394648974e-01
2.934497275791434490e-01
4.116320323260740377e-01
3.610126636361627450e-01
2.477161534545936350e-01
3.589020387140939850e-01
3.730818856310912923e-01
3.091714211135365153e-01
1.735517073863354631e-01
1.684961508650475170e-01
2.068015218200756344e-01
3.744195232147058960e-01
3.716963758346357172e-01
4.159833118956394737e-01
1.844087596366248971e-01
1.740963357337614870e-01
4.958345450161708579e-01
1.930065959347373183e-01
4.049291646317086379e-01
3.628864946582651130e-01
3.685272765380220861e-01
2.179880057760531786e-01
3.942907524612811465e-01
2.155907868888387313e-01
2.252821052820297154e-01
-1.865112801533240494e-02
4.458882037139501042e-01
5.596424779375651637e-01
3.513527105287644892e-01
3.891926631308546547e-01
4.880399537493750328e-01
3.668258212733236934e-01
6.197483748133453957e-02
4.315954871273779414e-01
3.814289188914603557e-01
2.699586472440416718e-01
2.992316419175954922e-01
2.429579616940755749e-01
4.659919101359212834e-01
3.565843408832447547e-01
4.227591846689459643e-01
3.697942651983237572e-01
2.168945882428461869e-01
3.982460885533378181e-01
2.315480250343865676e-01
3.487163318145410362e-01
1.729346120516336571e-01
3.144199072200357103e-01
2.028828584477699037e-01
2.259298003505889330e-01
2.211548898038219191e-01
3.245548991512808845e-01
4.063365215680129761e-01
4.798075105084000924e-01
3.884985098000830472e-01
1.831021535755029961e-01
-8.589039066270516554e-03
4.164409467309578838e-01
3.082698188093810354e-01
1.719333674817850321e-01
3.901335831791230557e-01
4.231980731184153965e-01
3.667992565527083415e-01
4.197460256107734544e-01
4.068856515707688914e-01
2.730132115347390642e-01
5.576626498073250504e-01
4.281082090030750575e-01
9.550211314759240663e-03
2.145327032878840412e-01
4.000197468111552079e-01
2.771123981776265621e-01
1.934046982101995105e-01
4.358567307273845115e-01
1.260664803691556313e-01
1.834693595930620147e-01
4.088560511782286522e-01
2.327807845131501518e-01
3.298046328869034260e-01
5.406552287161243697e-01
1.968966557683726748e-01
4.391017428559457758e-01
-4.021130835261012976e-02
3.041507995354540417e-01
3.214820894879278357e-01
4.049358067869293087e-01
3.890920100735463794e-01
4.427510096826898778e-01
3.806012330425370127e-01
1.656495351112933709e-02
4.156187596158056330e-01
3.003754928530046331e-01
3.963437084666441845e-01
3.810107408613812030e-01
1.883565410768803239e-01
4.313647484753872496e-01
4.452845853172531232e-01
3.640974832261410082e-02
3.615455495234991545e-01
4.848257924654981732e-01
5.751023095659885120e-02
3.670491797897289521e-01
1.482233434320488763e-01
3.907647530640636635e-01
4.265323442542438559e-01
3.710395296601812776e-01
4.075770615069392727e-02
1.790485129057083347e-01
3.440941821244861698e-01
1.221453999929024287e-01
3.186035391104917180e-01
1.607379639619778700e-01
3.041283447007653851e-01
3.576323681013673927e-01
3.798639343946911273e-01
4.245508558548979350e-01
3.240138033672359530e-01
5.980157673020414233e-01
4.319054905798735411e-01
4.115163979686168316e-01
4.291679489728683072e-01
2.613731318021752514e-01
1.869064136692715206e-01
4.293707148247620786e-01
4.303018498699677230e-01
4.646150827494089919e-01
3.295688006517810131e-01
1.243138412327365327e-01
2.245852763471406499e-01
2.079737439222454909e-01
3.946966317037809979e-01
3.330243583170132138e-01
4.469233265242638087e-01
3.287261929610391098e-01
4.322597447225406952e-01
3.993855522274273318e-01
4.491814525021383120e-01
4.367402753748080291e-01
1.901781797592103362e-01
3.937247140528977729e-01
4.355326825782919187e-01
5.638985909019006426e-01
2.143917241428877907e-01
3.781507253010388259e-01
2.527954286631459158e-01
4.745705140577629461e-02
2.234076360683164564e-01
1.457639907219264973e-02
2.077392248324387292e-01
4.142957654405655110e-01
2.376324540009167596e-01
3.807413343784363802e-01
3.756836194326249045e-01
3.962814247453645411e-01
4.246392382355960726e-01
4.203133755255304416e-01
3.244349631101776654e-01
3.986261874438726815e-01
3.400699575196601820e-01
3.105798447314566113e-01
1.228258613730610210e-01
4.198994958182287185e-01
4.074327180001827142e-01
3.648335229926961132e-01
3.891692610913555783e-01
4.262966558311052645e-01
3.519428598917218043e-01
1.922434042835888257e-01
1.706663998943371285e-01
2.313234284813371275e-02
3.366639938278231936e-01
7.902000490310014114e-02
3.303350409427193157e-01
5.312325377482302047e-01
3.874562462642088811e-01
3.877399099668266680e-01
2.124064816117840482e-01
4.061597290068391652e-01
4.065789771208948578e-01
2.174220668659782862e-01
1.900020260120304227e-01
3.715646763383869122e-01
1.283148707819300183e-01
3.481247151212328306e-01
3.969736164698887682e-01
3.444059000349078414e-01
4.048983273757215118e-01
3.593629365586812896e-01
2.657025320546866909e-01
3.090386153521080814e-01
3.307367507994699585e-01
4.030673641500778226e-01
5.043701568023807313e-01
3.340403084505599307e-01
4.531190829573333856e-01
2.977488016144152483e-01
2.428787317522097533e-01
-3.205148842079461741e-02
4.376796847126249168e-01
5.485544306367950984e-02
3.328388188670088899e-01
1.697626856447079224e-02
2.697088196621139633e-01
1.564784721213899887e-01
3.670304710373102908e-01
1.618868326327672635e-01
2.902013414081717202e-01
4.275462296526668093e-01
3.492989641176351689e-01
2.044426236400251340e-01
1.000398875174111080e-01
1.432767471847454233e-01
1.392038019344629118e-01
1.398820556803423987e-01
3.880758468775250547e-01
4.105208689085662610e-01
3.562918869739341576e-01
4.228381030925203454e-01
1.933625160724346537e-01
3.659565882833465400e-01
1.501035152514842985e-01
5.798552807279544474e-01
5.344980477523597617e-01
-9.881496154400150334e-02
2.890142423587494513e-01
4.219069740221922937e-01
4.477073333626211959e-01
3.419115815658377300e-01
2.776153326753403802e-02
2.939058507289434852e-01
1.985885980062279399e-01
2.082494494198725565e-01
1.123066407905879277e-01
3.928962288981301398e-01
4.349470861550302492e-01
4.088658475916479018e-01
2.716734105267902266e-01
4.972134929033309447e-01
3.970105423335846817e-01
4.206046914488703603e-01
3.558616000246075384e-01
2.618890695965897519e-01
4.909075218869084489e-01
2.525681271476504786e-01
8.440567924518421750e-02
4.078551832538742650e-01
2.737544262791665184e-01
3.967420696327217944e-01
3.479331937399797736e-01
1.666577561935198848e-01
3.655333126038995961e-01
4.154172894617551570e-01
3.452871761374947113e-01
1.724139927487386426e-01
4.193000590889736645e-01
4.139476949642496573e-01
3.956420282838489233e-01
4.256912496182631012e-01
4.495156557025273281e-01
2.158606937677803872e-01
2.237753691406142720e-01
3.950107109356104651e-01
3.260842400179768674e-01
4.453994627946459839e-01
2.484379823404894161e-01
3.840678854122946406e-01
5.487170568384460712e-01
3.694349151282153021e-01
2.470186406296160375e-01
4.555366702851814664e-01
3.737467085990444637e-01
3.789647406300731824e-01
1.180161836775671241e-01
4.516266822691441529e-01
3.596839748424499605e-01
3.507175022904592820e-01
1.255923737506868532e-01
4.014238563185137387e-01
4.024085568050441708e-01
3.495858533413143121e-01
3.712198997000485945e-01
3.971573264663198488e-01
3.613524922045336374e-01
4.271687515342999508e-01
4.145809831922433464e-01
3.474750533221389048e-01
1.353535835232510809e-01
3.668559441995030701e-01
1.947509431028656701e-01
4.370787628113707579e-01
4.714587544916639117e-01
2.687066063944925642e-01
3.146718377254757448e-01
1.367026908179432843e-01
2.351303380676595944e-01
1.526704828171194794e-01
5.722163280097745108e-01
3.791110171679139551e-01
4.032231065536837633e-01
3.993004291424457342e-01
2.127187572189381259e-01
2.765298555184421136e-01
3.594336917435321244e-01
3.438974714790758447e-01
3.397934287336940584e-01
3.850278368563707643e-01
3.587967622840714244e-01
3.871857608179555266e-01
3.499002278316772352e-01
4.629311709700335564e-01
4.142249276654799139e-01
3.854451948345029022e-01
3.411605880214321762e-01
7.953386678024144951e-02
3.746062732594470507e-02
2.690399486316201183e-01
2.942872899006963583e-01
4.084383356202705984e-01
3.033583990729027402e-01
4.302024625116382950e-01
2.522226197226584143e-01
1.577306570059434920e-01
3.348852574219745026e-01
1.183029831950982297e-01
3.878541692103594229e-01
1.008171172108441593e-01
3.245491120674285357e-01
4.402225394980290862e-01
1.749129467892314160e-01
4.547878573013910963e-01
4.182932077396511739e-01
4.210049861724645126e-01
3.806476790023105017e-01
5.198206174369664201e-02
4.003639965192314354e-01
3.935221285261285007e-01
3.386648525390900666e-02
5.466542853928942763e-02
4.394405385588483481e-01
5.401135405063711703e-01
3.886843581180641216e-01
1.722569151259638054e-01
3.447507222731798771e-01
3.019089397675983610e-01
4.606998247668748769e-01
4.136690430221345860e-01
3.596468656246985529e-01
4.166599948711001145e-01
2.129792201814912356e-01
2.829079653602880606e-01
5.715524143020098702e-01
4.192185950356152047e-01
2.683897256089562977e-01
-9.617762616733810041e-03
2.717357139776134800e-01
2.513655978057384166e-01
1.710627368502092710e-02
3.595547692766973835e-01
5.014831361024090217e-01
3.898070396887993172e-01
4.475498373324473533e-01
3.789892433540502648e-01
3.972236213635695901e-01
1.971317353089570013e-01
1.323361096906417456e-01
2.880221102862989269e-01
2.488621211978443160e-01
-6.825822215871001075e-02
4.574849565388027783e-01
3.950406418358633487e-01
3.940242547479018698e-01
1.839430770146443794e-01
4.626425799850432119e-01
4.294180894630762468e-01
4.878281146724555151e-01
2.073316306341063953e-01
4.158846121876296764e-01
1.125566476966407131e-01
3.972194388662835252e-01
5.116989310124505641e-01
4.158276225605642140e-01
3.221150252396369207e-01
3.223342017981547514e-01
3.527634824395399216e-01
4.219497013675357899e-01
4.388375780625597411e-01
3.856339640792657009e-01
2.991532267944723156e-01
4.140106501746349532e-01
3.139029801892068150e-01
1.912219824899350218e-01
3.834555211018340071e-01
5.414794638242955704e-01
2.813456647453312365e-01
3.345229399745603960e-01
4.749483157660597255e-01
2.450189117329486521e-01
3.753930536883581248e-01
1.196706765705039116e-01
5.561020845208736185e-01
3.078305211637822336e-01
3.542909887698675320e-01
3.376435709398184493e-01
3.587853598111125919e-01
4.170299251838795462e-01
4.132421827480809440e-01
7.540187687694570318e-02
3.669970884004923328e-01
3.877290238228714991e-01
3.977858294605061129e-01
3.886920248818043211e-01
4.433596541132082680e-01
1.881720445749502646e-01
4.504429694815868523e-01
4.344788282985770911e-01
2.000028602413194412e-01
3.925049130877789061e-01
1.125541300948413453e-01
1.190821161930435690e-01
3.755637977440396957e-01
4.242312765822929266e-01
2.310632346709404761e-01
2.764285265531082891e-01
2.714029055792002709e-01
2.577667912758994095e-01
3.388959746750092039e-01
1.409891637326813330e-01
1.846042392083018235e-01
3.647325039533903523e-01
4.332547436574293309e-01
3.515333007262734788e-01
2.389598619095035514e-01
4.318730472436008161e-01
3.116183956277783218e-01
1.514603165910416716e-01
6.162456675635209769e-02
1.337231321476825552e-01
4.517671846272084402e-01
5.033040637120694827e-01
4.117401667599488446e-01
2.104405100524818217e-01
1.368792883450057618e-01
2.304186902092658085e-01
3.830850152299277167e-01
1.433063748599614773e-01
2.930927739535946763e-01
4.137615000203848092e-01
3.107843440447065619e-01
3.594311496405854789e-01
3.500424181548944524e-01
3.155719400034225353e-01
1.495940748667320408e-01
2.403944998048724024e-01
3.739733271165338047e-01
4.312469859619703083e-01
1.808649031559962095e-01
5.875543245403468812e-02
5.550473713732536618e-01
3.400586052522698854e-01
4.608145774772061665e-01
1.452396396904712950e-01
5.812620656190030377e-02
4.077296729009479148e-01
3.581819029020789080e-01
3.538850444675896711e-01
3.937718516877348196e-01
3.908583160785403243e-01
4.558234495545163689e-01
3.252811060198018134e-01
3.157499185777947748e-01
4.126549407439541461e-01
4.590344101919090480e-01
2.780978401298669911e-01
3.142837528301725691e-01
4.164398388890743763e-01
4.028615589941403896e-01
3.165005388375746742e-01
2.125279484092605642e-01
3.347622448998116007e-01
4.222340541727004348e-01
3.995930357430721447e-01
3.993634584579098257e-01
3.107353472271310868e-01
2.792657003224547352e-01
3.769654423032074986e-01
2.959138913182587372e-01
4.250720632631254103e-01
3.309953210535827584e-01
2.943914637998377160e-01
3.127180838157451737e-01
3.569547462195374887e-01
2.474794455679689975e-01
3.750481448143612173e-01
4.030070630301014756e-01
4.312469859619703083e-01
8.429307705770459902e-03
3.583705188331428593e-01
4.223163002789255549e-02
2.071071480938575238e-01
-2.145998700582520471e-02
3.712453160616419057e-01
1.818532219288040430e-01
2.382208840980387654e-01
2.773229609128166073e-01
4.072798466289815345e-01
4.650093304819763462e-01
4.194744984612119865e-01
3.368673661297907351e-01
3.072587979913249390e-01
3.118871257877755543e-01
4.652849032045461852e-01
3.912408953731124628e-01
3.875703313234635239e-01
3.203005647503287534e-01
1.723498697817253122e-01
1.661081422256805162e-01
5.182965773162037104e-01
4.004975247429398699e-01
5.075180768384294216e-01
1.109995741919189982e-01
4.215440914924332705e-01
7.461831462756890465e-02
3.872253447968042606e-01
3.846227989928114877e-01
2.613407193983416366e-01
3.230507112744045450e-01
1.629796747780027644e-01
1.972827636430742049e-01
3.754245318122033104e-01
2.556732964108192618e-01
1.669329850286916106e-01
4.298247563936029025e-01
4.484212399498434531e-01
1.803688698986131989e-01
4.332293773976739759e-01
3.097392685820742342e-01
3.765057874406165794e-01
4.706760635371077806e-01
1.839458754149436159e-01
3.734694221654082935e-01
4.223627747775565711e-01
2.440551016589954936e-01
4.386845099975589801e-01
3.328431440974814470e-01
3.882009544656138678e-01
2.199223951283130196e-01
3.128732487100905901e-01
2.155639232583758669e-01
4.607131827259807189e-01
2.321564942018294053e-01
4.473477482184232135e-01
4.142561589729414351e-01
4.910877770556051347e-01
4.121580341586324470e-01
3.745849472435449634e-01
9.691288266997277745e-02
3.989149229047220802e-01
4.281762770489753733e-01
3.776261829982966445e-01
3.376711147105118105e-01
2.037113996170147878e-01
1.744403418566595476e-01
2.906255192941322729e-01
3.467361597969028097e-01
1.942246121748803234e-01
3.386246474141470508e-01
1.230745291389314655e-01
2.997758421484465474e-01
4.095947643783401926e-01
4.187722758300697623e-01
2.938342458874571017e-01
4.310061991426041850e-01
3.031660639465178497e-01
1.189492595206791126e-01
4.902269555937085466e-01
3.699493026286143071e-01
4.022115159646634241e-01
2.395019813062550518e-01
8.007257012372451244e-02
2.622203516627360509e-01
1.529038672870107196e-01
2.137964643768960060e-01
3.967605611319531267e-01
3.688767283728392465e-01
4.006131052642605828e-01
2.135986156573440042e-01
4.124123055298230534e-01
3.184761049299709712e-01
4.031599621388419208e-01
3.705543716757955797e-01
4.091720676811270163e-01
4.586401059262118496e-01
4.349498331879791957e-01
4.078948550302295972e-01
1.288717789135052916e-01
4.220141995070701424e-01
4.111964852853955410e-01
3.908111588593823349e-01
3.984764439003352643e-01
4.355424725811654629e-01
4.252416130279136341e-01
4.339159823834595753e-01
4.541580936702750426e-01
4.711062046828247141e-01
1.945658638014189645e-01
3.737484443839640957e-01
4.077345154562370677e-01
4.168857656613414453e-01
4.923052558887041630e-01
2.159115195877013560e-01
1.942180674226117731e-01
2.044036728581630213e-01
3.267183677992541169e-01
3.930003015562903990e-01
3.500804220975962250e-02
1.846843180028917009e-01
3.265404062366860649e-01
1.729201764102910877e-01
1.691901999207205132e-01
5.102136531225957145e-02
2.693588113545844487e-01
2.684349625066112521e-01
4.385363459792958052e-01
3.632999156692364173e-01
3.170479197779051961e-01
4.225691511151932200e-01
3.148075211788078920e-01
4.439175107565983547e-01
3.969757091085207024e-01
1.215719090294756360e-01
4.075432832134171512e-01
4.309674211083526219e-01
5.401135405063711703e-01
4.084846121258773333e-01
3.700288535593674322e-01
3.289025082788667453e-01
2.294063369727646351e-01
4.067569248250663128e-01
4.091804086102200921e-01
2.682819296321872216e-01
3.231181742809661195e-01
5.321488947713808038e-02
3.174634152124302666e-01
5.152335753314037925e-01
3.925162825744344386e-01
4.303789757472855637e-01
4.001551049241050539e-01
4.298375885219900550e-01
3.946008246248688400e-01
3.963185099806212364e-01
1.926743280137913350e-01
2.596839157215031779e-01
3.013456130200588556e-01
3.575259086455851998e-01
3.377273901737383732e-01
3.151799374970723489e-01
1.501515567525232298e-01
3.901965332444748968e-01
2.119034210685301067e-01
1.434236468525264818e-01
4.264443127316344118e-01
4.034712494431562102e-01
2.061351555910357902e-01
3.664971176158037247e-01
1.324314534105368868e-01
4.366812417587214168e-01
1.755814330210126450e-01
5.665681155891823945e-02
3.907441328694739036e-01
5.594319992240910366e-01
2.176910446514571940e-01
2.032534871158580003e-01
1.711975351425444047e-01
2.708029900298952741e-01
2.027049884999913010e-01
2.588069005624031305e-01
4.291396212484465678e-01
3.586726888269632374e-01
3.718645897993640981e-01
-6.426790622888170490e-02
2.430675224432562453e-01
4.881376753616275543e-01
4.750337092142515316e-01
4.458733722421547863e-01
2.439750178853409557e-01
5.081568780112745154e-01
2.612461661308914662e-01
2.706080247126117500e-01
2.535263286320323384e-01
3.997561512285885965e-01
9.387097922265219552e-02
1.425804627520675105e-01
4.087139179690321145e-01
4.485156207756880731e-01
4.030425915607969700e-01
4.250761078403208493e-01
2.417719807766037510e-01
3.416123647797348895e-01
1.721514033521523435e-01
3.229428834886735600e-01
2.189364528630601825e-01
4.355009704176622809e-01
4.556806140482517198e-01
8.796559268545350863e-02
2.698992414169402165e-01
4.330716336590340609e-01
4.111384678549107607e-01
4.042567475113746922e-01
4.011054993647868439e-01
3.772016090692357770e-01
2.670616896795354744e-01
4.356784926607598085e-01
6.145060155703683386e-02
4.398173081978083987e-01
3.403851739698545154e-01
5.582708385289517627e-01
3.230389414294593808e-01
3.814070480180701272e-01
1.577661438784647985e-01
4.306696355336357973e-01
4.839818596381931792e-01
3.672684010353520212e-01
4.139202204855392808e-01
3.694882502878003017e-01
4.283951046995382317e-01
3.880598660094025654e-01
4.233084646660242867e-01
5.675456965863817649e-01
4.286563586280023874e-01
3.618170484583609903e-01
1.843085628483530358e-01
3.792855285057891712e-02
3.747638970674606052e-01
5.586742550430938703e-01
3.210788297313376671e-01
3.434541746487542180e-01
4.420203974207555508e-01
4.093069068925564435e-01
3.652030208737112038e-01
3.472834412389248504e-01
2.854206524079310747e-01
5.456594677607903288e-01
3.010887877621353237e-01
3.890777220874031550e-01
4.483814432819499540e-01
1.755601872691885668e-01
3.436136572427369584e-01
1.655495854428169211e-01
3.709928513440576836e-01
4.577931904317236178e-01
3.768772354137919778e-01
3.567877643243554386e-01
4.066954290615128476e-01
4.288991610557211787e-01
2.642210327795841418e-01
5.575977970416912122e-02
4.243508301482470380e-01
4.231105914505115528e-01
4.088953916808162337e-01
5.288943792810669731e-01
5.737086979937318088e-01
4.302062675128398572e-01
