1.299119675149528787e-02
1.492966316027095897e-01
1.805675640374092561e-01
1.905118085415082041e-01
7.179641517632576186e-02
2.217908538641402139e-01
4.242569141180870251e-01
1.272522766722461729e-01
1.582608054865225489e-01
2.113350512961111594e-01
3.901863106646142332e-01
1.231769219436649604e-01
2.874794740833834239e-01
3.813505115688717306e-01
3.298840203383673897e-01
1.734223036278773888e-01
2.369223618543728205e-01
8.466662013051839963e-02
2.610500630973366376e-01
2.031438367435137449e-01
2.535501889944319354e-01
4.522191709626404710e-01
3.763510865536038308e-01
1.639060497284908491e-01
1.035146073618822965e-01
3.247820644115603783e-01
4.133436682842517862e-01
4.272283854596138908e-01
4.069762242420043030e-01
4.610125130555036144e-01
1.041752224393196757e-01
1.019798971548576683e-01
4.023180109377734182e-01
3.843863019695745731e-01
2.530094182395777880e-01
3.437042777129929449e-01
1.065972820460161924e-01
2.347998782940393658e-01
1.407399131672942005e-01
7.440623962596962238e-02
9.272434362086381943e-02
4.966893365688629380e-02
3.515835001746756006e-01
1.614545003096171660e-01
2.618996205665098387e-01
3.853857349482443517e-01
3.574670141113710509e-01
3.725394843362965225e-01
3.893111182944019588e-01
2.036548739557897947e-01
2.595787053470715589e-01
1.243276545947289979e-01
2.058375757761654601e-01
9.344087431519013109e-02
4.104290520520605390e-01
1.529117902236268589e-01
1.355568031598354817e-01
2.152891124986655025e-01
3.979512039683980595e-01
3.419624765895707408e-01
2.228562775451425892e-01
1.005840624380168330e-01
1.294788487148297029e-01
2.698598888816130525e-01
3.213558599091135282e-01
1.862514591011207215e-03
3.056807662705758877e-01
2.258927307164014242e-01
2.628261375474101949e-02
1.141559561016529389e-01
3.457065048294132859e-01
1.538557175595159643e-01
2.061229101702123992e-02
3.653655917325399072e-01
3.748406487680703836e-01
2.113308544684546209e-01
2.160181262370821087e-01
4.324141123234137574e-01
4.179602157797214224e-01
1.807645308556956043e-01
3.982072947520481909e-01
3.676948413253028347e-01
3.993290865639312903e-01
3.456883738352082847e-01
6.015983655605140062e-02
3.757508841271908762e-01
3.031794285028843738e-01
3.059495465531572034e-01
1.641564402766610420e-01
6.909852601030812280e-02
2.268295248834980016e-01
1.089676374765163880e-02
4.227368246024543752e-01
4.367286234507105069e-01
4.429313479187817482e-01
3.739544306948702213e-01
1.964141906851675501e-01
3.276639022371743981e-01
2.736707151817135628e-02
2.168419453392156915e-01
1.841635196248248008e-01
1.296918869579767597e-01
3.860749139029903132e-01
2.499531456266141649e-01
2.323735607753802182e-02
2.868803969878184756e-01
2.860546162327587960e-01
3.065776379031739385e-01
2.590209808148633552e-01
2.962134681944659231e-01
