1.957035376106856517e-01
4.670254208910717963e-01
4.468220755020377855e-01
4.924101962111170905e-01
4.119187137152964251e-01
2.830540451628370535e-01
4.824601559927871319e-01
3.235508030503640442e-01
2.757079443679478215e-01
4.056082524539005307e-01
4.202928093952842947e-01
5.420112467865748629e-01
4.729098131762627388e-01
4.155960894988093846e-01
4.492322244392440989e-01
4.808019337804313453e-01
4.479619862131479779e-01
4.508026786874789194e-01
4.329213288089424072e-01
4.552655450706134532e-01
3.071066596006777893e-01
3.103146133601853429e-01
3.531811100755147814e-01
4.611286712313075187e-01
3.417631965808348160e-01
4.845812978611676036e-01
3.776675458309741717e-01
3.829136666743060413e-01
4.364252964259972001e-01
2.394994511945557625e-01
4.095280552851502942e-01
4.096254517022431818e-01
3.904638188118498277e-01
2.517135665431667335e-01
2.054066818632990787e-01
4.611653399678067311e-01
4.528813721211204513e-01
3.473100270375805709e-01
4.100940902081884332e-01
4.132346991309353013e-01
3.911948405188668265e-01
3.160649382719512568e-01
4.611835804391955507e-01
3.654007717287102719e-01
5.092635064967037106e-01
4.683218636854405981e-01
3.009327487307531523e-01
3.006199350111876112e-01
3.678026054827369107e-01
3.767761643847528652e-01
4.517722262620990081e-01
4.661591116078541153e-01
2.970087109560697325e-01
2.984939266050232187e-01
3.966357511674534209e-01
5.310916084353726196e-01
3.199745435638862157e-01
4.378337232803093393e-01
3.994390127764568810e-01
4.950996095361358540e-01
3.340601827605197416e-01
4.472341710237623391e-01
1.760244652970327783e-01
4.170316029626960908e-01
3.932130365329083443e-01
4.125509843884455630e-01
3.936268797063232627e-01
4.696942867988290193e-01
4.481548809034145431e-01
3.624468706764710224e-01
4.407382357455699728e-01
4.229514081398061953e-01
4.580263321462807458e-01
4.481589145266677288e-01
4.744484924446690233e-01
3.213219451762537870e-01
3.519001120699750129e-01
4.153252795835100097e-01
3.680144048723620331e-01
3.998897957549486515e-01
2.914998799738339197e-01
3.469626723018073844e-01
4.228702048649584655e-01
4.028966423134722197e-01
4.949519356860408448e-01
5.609479213456002311e-01
2.969807385708948533e-01
4.908372696083328490e-01
5.562658296091144150e-01
2.602205252023342408e-01
3.239052861470204103e-01
3.999787258949960567e-01
3.292852879807908195e-01
2.437534540727869237e-01
4.246945783192908053e-01
4.459382675450789812e-01
3.355143898321701346e-01
1.784986338286092544e-01
3.241044521351760244e-01
2.821410838073156735e-01
4.597532631271722403e-01
4.527551234973838379e-01
3.961739601823993651e-01
4.012818666723478311e-01
4.204700231023426604e-01
4.234696186905160809e-01
2.502438681751115723e-01
3.004374288903493562e-01
4.264131095143958716e-01
4.242249341667638785e-01
3.259393106490602321e-01
4.299439991829387409e-01
3.953865331415530315e-01
3.775029822259979850e-01
4.188895256657970689e-01
4.372242522420755617e-01
4.243268938758577025e-01
4.438419371856680007e-01
1.988600859041631530e-01
5.435813082488475390e-01
4.510184683617487478e-01
5.223258229757864468e-01
4.810004640250161723e-01
4.359536607513428974e-01
5.436325870547341621e-01
4.011215090907381819e-01
3.205900277355072103e-01
3.859564074343310724e-01
4.097362092318495019e-01
3.124770467776344929e-01
1.841605338716587326e-01
4.869039519774409075e-01
3.690974293964747188e-01
5.272505318150558784e-01
3.946316510928825627e-01
4.928532210600324870e-01
3.381644255813158195e-01
4.704422532171532167e-01
4.764679826420883946e-01
4.809876119388781790e-01
3.964792009106088977e-01
4.152626273492083242e-01
5.758938662352715010e-01
3.722339817092866765e-01
3.267660513055450910e-01
1.478125813038362324e-01
4.472047323870339541e-01
4.085271257033787351e-01
4.285133521323593597e-01
4.001913046742068825e-01
3.838450601329667089e-01
5.780697473594668123e-01
4.240794351098674531e-01
4.437447976675646943e-01
1.980071939813298765e-01
1.490611623673324115e-01
3.924105392326247554e-01
4.253070119632266222e-01
4.402459117668707789e-01
4.705646067186181614e-01
3.890287174692930727e-01
4.807676247886361609e-01
3.694057582235614201e-01
3.181165490792699502e-01
3.497662573840439326e-01
3.837610497859488268e-01
4.779750665089309569e-01
3.417123937735282446e-01
4.280745847156529615e-01
3.817529966867336810e-01
4.091666238207975481e-01
3.973718694450408817e-01
4.843610928353551670e-01
4.271295349274376041e-01
4.293779354643100787e-01
3.887249339473362597e-01
2.760417294098910790e-01
3.972677984673149698e-01
4.523556654641111008e-01
4.563570998112601584e-01
4.669429900070897754e-01
2.252651315676709454e-01
3.295741536441806896e-01
4.241849424855051454e-01
4.379590626438573664e-01
2.445791936053405558e-01
4.266724559631945857e-01
3.841224819660421508e-01
3.909021586928720371e-01
2.249886139846002941e-01
3.801624869943164287e-01
4.615455726292116978e-01
1.791999889977733129e-01
3.597812743959893922e-01
4.076721827119167973e-01
3.265670592527144533e-01
2.755558474695060656e-01
3.912392373445857108e-01
4.006070439584229481e-01
4.187945870187433917e-01
3.775369477038248434e-01
4.771867909524847295e-01
5.122244018070184479e-01
1.887317907163213460e-01
3.970357560265008745e-01
4.737713130149711072e-01
4.388965341712067203e-01
3.695040295245507478e-01
3.870687581098034014e-01
4.226787507840625291e-01
3.764163616969221082e-01
4.166902666713123704e-01
4.110998317240015520e-01
4.393138310728124662e-01
4.812303431244803753e-01
3.817910681087277602e-01
3.927732255042524212e-01
4.092105973430372190e-01
5.524529567552557419e-01
4.135250951305899370e-01
2.225041754112667136e-01
3.603007395465132046e-01
4.547878573013910963e-01
2.231160749312292857e-01
4.283579555662852534e-01
5.131462948161608084e-01
2.807543378543315149e-01
4.672793173386945997e-01
4.120376819507093336e-01
5.621511283330239417e-01
4.040728907362671207e-01
4.183413935505804204e-01
4.610377940072846736e-01
4.121954799611538545e-01
5.450892982639632400e-01
4.218128408218293490e-01
2.436555485670801879e-01
2.411494037614272945e-01
4.308090406303289877e-01
4.141721254732729784e-01
4.626425799850432119e-01
3.804422784783598743e-01
3.316686513343725107e-01
5.603437254188966543e-01
3.640332172692081758e-01
4.493018611394607453e-01
2.893985780183750411e-01
3.941850058415872771e-01
3.817822927354982965e-01
4.339739983824632552e-01
5.302244107625456726e-01
4.049546464057637296e-01
4.799323708444370729e-01
2.155789273377455295e-01
4.241822595995056733e-01
1.851773815230998987e-01
3.916423302610180790e-01
4.566994139909401063e-01
4.486944774910948674e-01
4.684269794576439438e-01
4.166458959026984599e-01
4.148700781415601835e-01
2.822426489670286087e-01
3.910131655283944352e-01
4.304989188835559033e-01
2.390762407408556500e-01
4.194316943552885424e-01
5.356135790958194143e-01
4.266826433784112194e-01
3.204877904435594616e-01
1.896134366544943162e-01
3.399666432560297102e-01
4.189482355596973462e-01
1.611087711295335068e-01
4.464682286883507878e-01
4.088783112485052662e-01
3.535769567102162170e-01
3.455637549008221954e-01
3.919404627728100832e-01
4.251760923544700144e-01
5.560787500099387826e-01
3.727386393290176292e-01
3.911137242531737557e-01
4.452480522602654811e-01
4.337869011905925998e-01
3.803493946912851476e-01
5.489663160342118653e-01
2.878955250363001150e-01
4.222271538944701308e-01
3.695013893755227929e-01
3.384645665025628469e-01
1.575929328414744091e-01
1.320187056883956600e-01
2.110747068819753269e-01
3.582100546165654098e-01
4.745673681939561184e-01
3.349787047561825770e-01
3.888560941071534938e-01
4.097372033021058901e-01
4.633340969633236717e-01
3.272161780018245092e-01
2.687874724621872047e-01
4.542467833422461632e-01
4.325875301575557441e-01
4.080701969409191721e-01
4.070502894882849221e-01
4.361660595996051382e-01
4.226579421941142889e-01
2.528912649525706380e-01
4.577208423818545646e-01
3.438198138376539204e-01
3.455395925581518646e-01
4.004771583769164978e-01
4.410554992552086495e-01
4.304830503970716871e-01
4.336478481137698293e-01
2.849247578174984308e-01
3.697942651983237572e-01
2.883867060292178985e-01
4.283589236624210095e-01
4.475498373324473533e-01
1.881896578760952898e-01
4.244656274626991133e-01
4.058016161720566228e-01
4.430714307491575021e-01
3.233780697753724231e-01
4.641461295458320646e-01
4.174548575641026660e-01
4.654029263719972609e-01
4.211761301922598011e-01
4.086805528419247824e-01
3.964814457219040245e-01
4.872419212178507042e-01
2.547388265540833086e-01
4.257905310884844696e-01
3.231634967148024895e-01
2.985249781267588776e-01
3.632799081900434657e-01
3.783898883644398747e-01
1.636389597813046604e-01
4.088065179494220769e-01
5.634094371351530128e-01
4.150495996450814795e-01
2.949277967766121833e-01
3.536949640276448315e-01
4.199318669580640595e-01
4.053343760986551914e-01
4.347523428625376662e-01
3.128817151116127238e-01
3.997719541988805081e-01
4.344862660875818960e-01
4.977879275291711147e-01
4.643428147980127596e-01
4.480507951337173722e-01
4.096225795080566945e-01
4.531381071334973365e-01
1.899372556265770673e-01
4.415020844257905863e-01
4.050701036329961702e-01
4.711793141146623509e-01
4.300672948479111191e-01
4.821111325442443141e-01
1.408792723995408724e-01
3.989149229047220802e-01
4.853987152191049925e-01
3.093681729607068442e-01
4.340710547086947813e-01
3.989149229047220802e-01
4.241465799541981885e-01
3.153552198249550131e-01
3.701448652676863627e-01
3.109037380316387877e-01
4.548033651791184018e-01
4.878918908476163607e-01
3.503830668167045581e-01
4.542358664940590596e-01
4.352063500343402169e-01
4.057282252570977299e-01
2.618558211714965278e-01
4.231522560145065670e-01
4.729891549863007860e-01
4.203827695585839463e-01
3.752687199506455906e-01
4.224281664102414457e-01
3.871440118173225531e-01
4.254381458377317626e-01
2.404444322716790539e-01
4.386852600106633249e-01
3.527880407630722415e-01
4.968232790844622770e-01
5.652212493429609186e-01
3.969072390653886617e-01
4.457766120872851956e-01
3.791341289279441806e-01
3.603158947404948576e-01
2.232882275591123733e-01
4.484767969340417992e-01
2.718171224314167578e-01
3.537702435018235114e-01
3.475257309059696098e-01
3.646583009944801002e-01
2.377456872044489689e-01
3.236048421667053754e-01
4.123618012174419256e-01
4.119655574608428461e-01
3.988734245170095782e-01
4.413630540866963492e-01
2.268967865958116947e-01
5.674886324393153547e-01
4.468581503191092485e-01
3.086361909165964978e-01
2.693604052983999408e-01
4.387787693342262707e-01
2.459164928615125145e-01
3.424420809252515241e-01
3.673778471000770374e-01
5.227917927030820699e-01
3.253446793810628179e-01
3.367346731441764884e-01
4.060840196734127883e-01
4.881376753616275543e-01
5.440162468063342027e-01
3.389997942929549590e-01
3.967855171997661246e-01
4.660804252916765922e-01
3.766118127634539570e-01
5.343039007028583809e-01
5.237011472241747123e-01
4.354694102844731129e-01
4.571779297371207362e-01
3.546966221295583255e-01
4.039149117368227571e-01
4.051156460377593471e-01
5.700423187649324985e-01
3.180784070375423100e-01
1.799758731819705027e-01
3.667219029869135394e-01
5.848552455360681579e-01
1.658954504683809728e-01
3.623194938381780750e-01
4.984687953540072047e-02
2.552517027009015282e-01
3.896907806869363000e-01
5.364309622226873797e-01
4.808831370552790196e-01
4.764443108825083262e-01
4.255420761776275707e-01
4.075986683991391080e-01
4.269760086225206641e-01
1.774024806053849102e-01
3.697191181257724613e-01
4.888293623749656591e-01
4.544025850797057675e-01
4.340473407930340866e-01
3.895693348274639201e-01
3.828103418716554129e-01
3.101555376387684637e-01
4.176248378520138194e-01
4.073780363355489764e-01
5.861035466672142036e-01
5.210187535919532653e-01
4.496279968443901431e-01
3.666055689463971201e-01
2.393891567801996745e-01
3.899977492335620077e-01
2.079478576821724156e-01
3.899179898044768944e-01
3.990849775466652760e-01
4.626425799850432119e-01
3.581653877595739610e-01
3.589259207976631116e-01
3.299055014339803416e-01
3.693538585283135944e-01
4.556096941600916161e-01
4.802397635658783304e-01
4.081658863479368793e-01
4.801102467670932405e-01
3.100998311166620058e-01
4.208033724968756051e-01
3.654579098356326439e-01
4.075329176929089470e-01
1.609372468336759676e-01
3.911291132142404869e-01
4.674374800656244111e-01
4.409928749866534603e-01
4.301994677702232206e-01
1.878274216859789070e-01
1.691301836447340334e-01
2.344418986492361190e-01
3.433011012727511524e-01
4.319370287221938609e-01
4.841600363793382988e-01
4.077715689914488961e-01
1.781407332420167910e-01
5.761178248949353486e-01
2.992394854381305591e-01
3.002315016643437029e-01
3.113350127444065030e-01
5.327800860585195641e-01
3.011863508326710903e-01
4.517768354237329809e-01
5.273755631612172534e-01
4.390239095987646389e-01
4.441078428052765981e-01
4.251320895387333820e-01
3.497055562792077410e-01
4.288329945146087674e-01
2.517863549083191876e-01
4.130434347524023497e-01
2.262097256314351545e-01
4.302981518356715496e-01
4.230284254320225701e-01
3.359460424974366477e-01
3.764558765082645087e-01
1.511236120745438893e-01
4.403479561615557536e-01
3.909893771134789198e-01
3.015044263447689277e-01
3.106597566443964897e-01
3.195698777194403428e-01
2.151569297271411496e-01
1.879029043889795247e-01
3.905854423409456655e-01
3.969065458966056781e-01
5.200772568020300968e-01
3.775659124995678351e-01
5.636393162346171604e-01
4.486366541196546431e-01
3.534894547941160869e-01
4.253888941750308406e-01
3.049449778560211488e-01
4.528190233608089255e-01
4.007307062900141714e-01
4.816041713395092794e-01
4.551572624888193253e-01
4.711395582750989020e-01
5.725948901949911019e-01
5.658416927044604972e-01
4.509746916785313808e-01
3.910510239086599782e-01
3.418304210072154459e-01
3.781838924273421276e-01
3.847294895601776621e-01
2.647326482687265004e-01
4.094255931884338007e-01
3.050989497457315958e-01
4.076520621457180860e-01
4.507379422997013219e-01
4.043224209591184670e-01
3.877193909509797365e-01
5.725118656197885070e-01
3.888003458438883952e-01
3.906444555428671972e-01
4.010691753040377394e-01
4.171099601627005771e-01
3.321930000759766299e-01
5.729663599930665541e-01
3.706441727579798395e-01
3.669353535588514847e-01
2.623440374374232942e-01
3.813930785260953304e-01
4.542826478353286235e-01
3.076044130419112177e-01
4.046533392216080660e-01
2.827156250058853182e-01
3.838284542055164228e-01
3.899133914308163251e-01
4.029217453466766852e-01
3.242512022650488879e-01
3.110056903551199903e-01
4.662633426417622795e-01
3.112414857451640815e-01
4.017237154247019215e-01
3.385457323099491100e-01
3.215452472632597813e-01
3.304381506497772736e-01
3.127579073083494587e-01
3.865885748748731920e-01
4.428937753990651038e-01
3.831945928871820506e-01
4.613162765782173880e-01
5.596597340893658679e-01
3.359636829085513865e-01
5.403120707509559972e-01
3.975459872111953286e-01
4.062859849746960905e-01
5.350428793700999774e-01
4.286133560233684747e-01
4.175971253740134448e-01
4.073430217273091847e-01
4.190794739945600256e-01
4.074482711873982921e-01
4.366089052436855078e-01
3.225721524593147538e-01
5.310477105741694404e-01
1.987964688153042447e-01
4.579139483504308661e-01
2.669127861612554664e-01
3.443080473902707661e-01
4.395325530842204564e-01
3.688718672497881546e-01
3.146608737421432989e-01
4.568515560329013403e-01
3.963944237876357302e-01
3.663244807479513199e-01
4.403662104913411701e-01
3.404513305528376610e-01
4.658694751852571758e-01
3.903715580717310174e-01
2.871008145367068831e-01
4.502010388051029821e-01
5.321263067804252733e-01
4.075424883679849009e-01
4.088954529233113644e-01
2.905579257530926385e-01
3.608214621598130889e-01
4.094561958474917107e-01
4.221100850892348100e-01
4.160402629971922672e-01
3.577296980272011706e-01
2.022304371680653523e-01
4.041910545622944273e-01
5.738001041603887353e-01
3.513138557546790497e-01
5.621058964351797194e-01
2.843006816059574504e-01
3.302581116554705876e-01
2.030080637759349993e-01
4.344133645316931580e-01
4.570576259506012873e-01
3.679943749666320096e-01
4.335924052331362466e-01
5.700086289198258438e-01
4.519202891638576802e-01
4.610551388279283125e-01
3.521813010737337435e-01
3.249393271725556365e-01
2.997873307592237024e-01
4.507842873919235549e-01
4.543174183449241177e-01
4.476916781045803817e-01
4.231430375252698273e-01
4.087789690336952608e-01
1.955485200914671984e-01
3.340525172415457766e-01
2.587548843311099911e-01
4.303039877143574055e-01
4.206622278187260311e-01
4.799566374777655686e-01
2.204391047814779625e-01
3.475113649144803141e-01
4.313828677895363839e-01
4.227673018720676801e-01
4.013124993717624434e-01
4.062233501671206892e-01
4.327810101368712581e-01
3.187741597061161669e-01
3.992700874693596025e-01
4.170711510507871811e-01
5.867980855228120962e-01
4.569482353609548575e-01
4.460983282914514070e-01
4.121584665903968436e-01
3.742412370171229741e-01
4.082374604022068754e-01
3.818602189974577565e-01
4.541279207874803769e-01
4.038579455113611161e-01
1.719333674817850321e-01
3.188062352554804635e-01
3.932715465588553228e-01
4.552223898161559812e-01
4.149834558416976016e-01
5.748560029477772781e-01
3.670978032604405028e-01
3.789911278885261803e-01
3.557786354471338952e-01
4.255551131945248811e-01
4.067096150390691611e-01
2.930400585215892084e-01
2.720168225072399082e-01
2.675352000913187034e-01
4.936167841494034647e-01
4.061553313309759772e-01
3.895256335770759248e-01
4.407610767067218771e-01
4.909200792124193691e-01
3.465127183790711607e-01
2.893731915104235108e-01
4.234141785068759045e-01
4.186606527523131782e-01
4.178226460492407424e-01
4.297638313138421595e-01
5.530051126185807631e-01
2.044191158161484945e-01
4.306994368952235530e-01
3.413501750775629340e-01
4.340371519670824796e-01
3.264476101641334838e-01
4.912858309904183929e-01
1.152271904911320588e-01
3.121829978249648918e-01
4.010009112697053291e-01
1.834730139775581359e-01
4.696784797208087836e-01
4.308550403829258801e-01
4.138052253362519695e-01
4.274903447555694069e-01
4.533717038515786557e-01
3.298560221450407837e-01
3.998016519959236570e-01
4.702791281054450878e-01
4.298820231471080500e-01
4.578301548416782718e-01
3.972110973562995584e-01
4.277844831239416279e-01
4.274506681661182639e-01
4.797721270344545430e-01
3.990656040891165102e-01
4.055339579216930002e-01
5.043447243833039106e-01
4.574329925721288270e-01
3.904374676931077759e-01
4.251174408815949213e-01
4.091927033315632678e-01
3.370433845293967501e-01
3.625953657195487012e-01
4.006041442756503868e-01
4.627923781323228791e-01
4.569744770232591624e-01
4.659796978180979488e-01
3.833536420535874623e-01
3.498770153493184210e-01
2.572361628186750626e-01
4.134897599328253848e-01
4.636753455401852464e-01
4.878918908476163607e-01
3.541777140948760838e-01
3.961236273158108556e-01
3.821022559354796400e-01
4.273774516843907301e-01
5.019401746739901027e-01
2.899415054343340015e-01
2.123775531891455848e-01
5.295581473719368493e-01
8.548033682459110771e-02
4.457677362406804455e-01
3.995916623510742394e-01
4.928797459066384667e-01
4.220097491361061159e-01
2.724407216485648098e-01
3.633160497265811584e-01
4.153609294374140393e-01
1.661124289773191487e-01
4.876423013324035494e-01
4.341446332928985963e-01
5.538162468948427675e-01
1.483718227910729159e-01
4.190708220398954298e-01
3.207751218081790756e-01
4.387946469075034717e-01
4.416018937598486516e-01
4.519202891638576802e-01
5.705876747196719778e-01
4.291603477668126110e-01
2.670667883817680055e-01
4.588536860575611054e-01
4.149933626036370615e-01
2.152630986285686832e-01
3.906427018333148427e-01
4.564393987707752176e-01
4.054733337848978048e-01
2.362549521793522456e-01
3.796385124709125702e-01
4.374935542476472428e-01
3.279746669679081128e-01
4.527096977894483065e-01
4.617804381789333279e-01
5.003499472322998631e-01
3.868093708326745817e-01
4.684269794576439438e-01
4.040901685884912831e-01
4.362978743612004329e-01
4.164699133523578900e-01
4.004102335242586408e-01
4.427407750493435601e-01
3.647766838371134246e-01
3.277398333671845965e-01
2.570781278825512994e-01
4.236730451813038867e-01
4.588978357557047527e-01
3.818555553150659310e-01
4.044942232527520276e-01
3.568893452718525094e-01
5.374560763662051821e-01
2.252428386355676548e-01
3.850652944426785074e-01
5.084475724436162691e-01
4.300600527154007091e-01
4.129940749610142570e-01
3.485086281412544951e-01
3.806382020166342861e-01
4.385332857631806247e-01
3.642586787765506040e-01
4.247627552199919054e-01
2.696880711943713260e-01
2.879717667354675381e-01
5.448338391783938972e-01
5.014831361024090217e-01
4.274140052385277944e-01
3.993649349165458440e-01
4.507866031548898866e-01
3.685548039607864923e-01
3.419826313453467326e-01
4.456150388670425122e-01
4.376977206274412224e-01
3.741704320831179542e-01
2.469521643647500653e-01
2.141022498718294642e-01
5.147130626349506743e-02
4.321135131622506065e-01
4.248081809279274368e-01
4.173327434311705497e-01
4.035209354462629405e-01
2.536454193939276514e-01
4.699449519579739776e-01
4.310628100288189657e-01
4.776257383623779829e-01
4.406092255251203293e-01
5.491761378223444234e-01
3.723397689913418018e-01
4.367262837052494628e-01
4.045932134061994145e-01
4.559829216094789528e-01
4.923256118609300458e-01
2.559396973643756068e-01
2.744517372290053991e-01
3.512368555779974422e-01
4.381801599595464003e-01
4.864542255149745809e-01
5.805775199873208781e-01
4.365955480314392956e-01
4.205752748030108235e-01
4.330494003927221058e-01
4.591194238826911689e-01
4.496279968443901431e-01
4.612839617018125171e-01
4.255893701550945152e-01
4.473683376465426575e-01
4.185273232762685147e-01
4.102535511432399695e-01
4.939866890689532664e-01
4.141288369873440400e-01
4.836695019179647059e-01
2.206062206134989379e-01
4.543594426463397618e-01
4.102484728292398186e-01
5.759702552110218532e-01
4.420687484536465761e-01
3.339021635136361632e-01
2.861540719909888009e-01
4.442668073483291291e-01
4.596080350143769144e-01
5.469775492381681037e-01
4.146424590395382803e-01
4.447839173805298585e-01
4.349404966119259641e-01
3.858868640915764647e-01
2.929975905025293259e-01
3.355936505249466628e-01
3.458053776636499932e-01
4.898080867391560456e-01
2.100954553956213278e-01
4.593069669083085782e-01
4.069762242420043030e-01
4.294052570857358475e-01
3.149120744411830208e-01
3.018780590900183025e-01
5.132085473145558963e-01
4.171020422051490706e-01
4.963898561957456601e-01
4.872419212178507042e-01
4.623230631996995132e-01
2.313512665069711871e-01
3.712991512023016138e-01
4.679530710889324707e-01
4.509445325711488595e-01
4.662967757745942188e-01
4.382591732343023017e-01
4.019531242307642915e-01
3.994031157949776700e-01
3.678555447444442628e-01
2.392049741253110817e-01
4.908227550540021911e-01
3.887200400869351147e-01
4.762497543049399318e-01
4.614461338620398090e-01
4.210570100953752171e-01
3.497636463625441450e-01
4.386868694103253641e-01
4.646676335403435165e-01
4.517898272141264160e-01
4.526263703211464429e-01
3.975875379620710248e-01
4.420531716158739299e-01
2.132309083568922903e-01
2.691901013297947065e-01
4.822756459021598219e-01
2.368425327598748797e-01
3.244028189327056722e-01
4.528288933191622068e-01
4.029979530014895506e-01
3.008376919138985861e-01
4.239035497342719117e-01
2.707998940060069026e-01
3.518380256856241117e-01
4.477506471587954229e-01
3.090815468391019949e-01
4.482773683832106393e-01
3.107151416019113266e-01
4.335633904807780215e-01
4.253630373114392071e-01
2.261801636539397808e-01
3.743973463777932609e-01
3.482118592915381949e-01
3.981208755335551297e-01
1.504840953945497106e-01
4.074294684966266455e-01
2.063518097139123708e-01
4.476433490833043316e-01
2.817011595879235220e-01
2.709569329995385467e-01
3.090977329484183023e-01
4.023257552919376479e-01
4.313996502248283460e-01
4.031770476332020015e-01
4.084527882682308375e-01
2.581965640538170237e-01
2.439103561420408461e-01
4.039373742060771710e-01
4.232316849581758689e-01
4.371244820766593264e-01
3.882195305881980807e-01
4.333960156544111042e-01
3.857517697860683992e-01
2.390934859802063828e-01
4.458875837374174367e-01
4.531743013236436690e-01
2.981852594504939002e-01
2.835134463420843076e-01
4.591651013238367551e-01
3.685037786722747399e-01
4.263184767478802040e-01
4.299184371629584667e-01
1.838720014477297771e-01
4.108927559937511909e-01
2.597052690211235637e-01
3.340216285352239911e-01
2.991360547473718712e-01
5.682758532224088110e-01
2.640249726749022141e-01
3.278832613821420217e-01
2.440080231920432885e-01
4.008791093033803321e-01
4.732419063320397190e-01
2.989914402213095790e-01
3.630981885124658359e-01
2.796645641458543330e-01
4.297516094528116004e-01
4.230791106919112865e-01
4.160643651346725425e-01
2.572079151690232490e-01
4.493608865400906538e-01
4.040902305778460990e-01
4.563240036366281172e-01
2.771872062173678097e-01
4.046906105079137173e-01
4.289440324692851414e-01
4.473455151909143668e-01
4.414117734044022412e-01
4.372880895767470855e-01
4.628614885039143978e-01
3.561684805247734564e-01
4.200377006284048420e-01
4.179679560676495265e-01
4.498462957182877142e-01
3.483988376289865463e-01
4.473947533271562804e-01
4.336667233329164484e-01
3.887936847682220698e-01
2.517171994347004449e-01
3.913570318070007659e-01
3.893111182944019588e-01
4.568780887215341258e-01
4.021262845020414090e-01
3.936244536155828477e-01
4.566278488989864992e-01
3.910874786076177223e-01
4.568108472003649112e-01
4.278308792515764236e-01
4.095590711235893022e-01
1.805770463340877763e-01
3.783824226719269546e-01
4.379831645116383787e-01
4.863790911390381000e-01
3.986405947823446483e-01
4.892939659091610216e-01
4.505236472576535367e-01
4.388965341712067203e-01
4.032171050381140320e-01
9.717844006106125809e-02
4.653427533799511240e-01
3.638173764765413321e-01
3.124759887263974800e-01
4.588536860575611054e-01
5.220542911583518908e-01
3.887065228392528327e-01
3.850580511483864266e-01
4.055439212790006298e-01
3.927943961759308711e-01
4.064428073374234951e-01
4.552378735454197245e-01
3.935207597812576119e-01
4.891964517994275563e-01
4.573576431835840728e-01
4.137560519278504212e-01
4.548146835888691175e-01
4.099552844664018370e-01
4.429204566297931800e-01
4.713256889890298229e-01
2.509024641744106443e-01
4.116049677903527160e-01
4.773778826819511378e-01
3.589259207976631116e-01
3.389487540672492805e-01
3.368270064126703267e-01
4.088723761204641760e-01
3.586982772982244549e-01
4.041475891743478988e-01
3.933045656409698276e-01
3.657860519583912007e-01
4.260159963301253794e-01
1.954896948907282050e-01
4.105574427938839532e-01
4.646995708376795431e-01
4.456029018160797550e-01
4.175153508344821573e-01
3.738276860318183736e-01
3.569120913818228935e-01
4.333864082172411702e-01
3.487755429550283282e-01
4.343598114965377954e-01
3.376290018647299385e-01
4.278305790139783626e-01
3.255403828861720972e-01
4.395768018657505993e-01
4.436053770112944883e-01
4.248769367071318359e-01
2.560656724766809389e-01
4.366760889247204291e-01
1.005797934709747321e-01
4.779793747275993265e-01
4.044018161281326407e-01
2.961750643369224223e-01
2.495050788523627827e-01
4.074139095834867219e-01
4.425058429461244947e-01
2.199017658676764020e-01
3.898803013970306708e-01
4.857476614299074957e-01
3.948468959744957929e-01
4.462126698555196613e-01
4.067875549104720267e-01
3.201303784951101128e-01
5.597296763796751895e-01
4.328668412448453684e-01
1.585284917026325846e-01
5.700628025124048204e-01
3.930064442283427439e-01
4.810004640250161723e-01
7.377643226206913318e-02
4.126603905791612070e-01
4.191236943124372338e-01
2.658152334733687172e-01
4.479026037305985919e-01
1.335669531682782130e-01
4.837739470931448071e-01
3.974280439162395928e-01
3.464148789289553942e-01
3.746213222359762174e-01
2.832805774802696908e-01
2.141170309720874521e-01
3.763154780881746708e-01
3.546527874402378155e-01
4.289840862228831431e-01
4.221837916768922394e-01
4.518923469850083530e-01
4.396192614204005866e-01
4.256895834572640980e-01
3.834199336522068902e-01
2.993571277071363501e-01
3.775687649434645854e-01
4.190561629267212651e-01
2.267653544494017126e-01
4.461321335678732902e-01
4.119655574608428461e-01
3.284098880873133619e-01
4.496322551064432238e-01
3.387493472583336662e-01
3.396907317910952129e-01
4.608626472759291826e-01
4.367747589658033669e-01
2.539775831123863847e-01
5.446759969372583221e-01
2.631491687873806495e-01
4.169338568700424186e-01
4.243847580756280324e-01
4.551448700948247383e-01
2.790972213885027919e-01
4.735868399146448970e-01
4.080705100618470249e-01
1.830415089830505493e-01
4.789136990296788410e-01
2.297150080275612571e-01
5.567009690718595083e-01
4.590838919081426384e-01
4.487551518749507973e-01
3.897025565067590569e-01
4.509036206757593424e-01
4.633149201788284155e-01
4.306688500861881042e-01
4.364831113745197833e-01
4.342973130738414511e-01
4.600411744698385541e-01
5.730456229264222490e-01
3.365698315829164788e-01
4.296411340079634988e-01
3.198077285503542200e-01
2.051953868477359721e-01
3.825828345496348204e-01
4.276000766186050517e-01
4.095220003276200393e-01
3.665965046421955087e-01
4.495883591746275831e-01
4.659919101359212834e-01
1.687074383601483984e-01
4.978200009001946258e-01
9.154945481465459611e-02
4.829200647254366374e-01
3.944976452938902534e-01
5.594451000560001219e-01
3.380079843244948035e-01
3.177707626243832517e-01
4.279940792982074305e-01
3.890778143453217930e-01
2.233855865294898935e-01
-6.359110179795616179e-03
4.689401543898330527e-01
4.049310928574768043e-01
4.881376753616275543e-01
4.154234677341197557e-01
4.288111684528003176e-01
4.101602210660041936e-01
4.430674505678648400e-01
4.782918213241317829e-01
4.499167811000731043e-01
4.084270837640173180e-01
4.189940652772365937e-01
3.986819889831294539e-01
4.257537515677969342e-01
4.265290112683706170e-01
4.028399983994619404e-01
3.266917585989946304e-01
4.215597144695382714e-01
3.747768542533547742e-01
2.652275978326895656e-01
4.040399843677285330e-01
5.671401733055118077e-01
4.801102467670932405e-01
4.313394573995080195e-01
4.798644622530820469e-01
3.754782919349557435e-01
3.951529718993073148e-01
3.157291508991610374e-01
3.841251465436059664e-01
4.319750400634745358e-01
3.767478422202867328e-01
4.180816865345170497e-01
2.335978050396353423e-01
4.479370781933088019e-01
4.191877599372227370e-01
3.267684790974659248e-01
4.442668073483291291e-01
4.612304169236060014e-01
3.261570664729738778e-01
4.785811026564351089e-01
3.008127546835467903e-01
4.340160095308497890e-01
4.451106785389630227e-01
3.944396663266798719e-01
3.399330263957123788e-01
1.354082361692736935e-01
2.543208210485941589e-01
4.094030191051469258e-01
4.545496893870437094e-01
4.649554725206036521e-01
3.995236918948409932e-01
4.474511259236356731e-01
2.540852899638982865e-01
4.277986068631898786e-01
2.643868450094966627e-01
5.526343167783972499e-01
3.039280092133091471e-01
2.806218527239200400e-01
5.585959222405061375e-01
3.390080476734947390e-01
4.090136510633925471e-01
2.338278545060948066e-01
4.432400188905940008e-01
3.630527469337617164e-01
4.389901993394930146e-01
3.668005532671106961e-01
5.837162006842996353e-01
1.714823340719011935e-01
3.173797596237683538e-01
4.224086399294392224e-01
4.924101962111170905e-01
2.689331833782843129e-01
4.012432548558709788e-01
4.348641104576455585e-01
4.328819771864437227e-01
5.231180044839700560e-01
4.428614074956217506e-01
3.711036801780189798e-01
4.521486831743071755e-01
4.239331212290418649e-01
3.347645805790365192e-01
4.119678987000232606e-01
1.430209130511316262e-01
2.982853035059578328e-01
5.414794638242955704e-01
4.418053327812824782e-01
4.836529835805599142e-01
5.734458455365634144e-01
4.315252661339252227e-01
4.959301851719407628e-01
3.031868498402297551e-01
4.141545697062571918e-01
4.244844053411319651e-01
2.789014774544258946e-01
4.570247666964619149e-01
1.392540919396032806e-01
3.719279676493533748e-01
1.673320849427397949e-01
5.272934165195881651e-01
3.181094153244000133e-01
4.040749583758453389e-01
3.869379214854575810e-01
4.403222923197034899e-01
2.643808200093387129e-01
3.343758328872447061e-01
4.021727576807016535e-01
3.537733047967360211e-01
3.275298270424686353e-01
3.535942472590551944e-01
5.805775199873208781e-01
2.560873595447878959e-01
4.451106785389630227e-01
4.587382617958857822e-01
4.634227328613966801e-01
3.943414432396332159e-01
3.291553977106651541e-01
3.657702748377432145e-01
3.304674131106016266e-01
4.535374930948093963e-01
2.059783327304019473e-01
3.604344219137646244e-01
3.842232187857400061e-01
4.290848864737899504e-01
4.566759660818080491e-01
2.943976321970574461e-01
4.857878857994539779e-01
4.079183319009210273e-01
5.646210643017820496e-01
3.513374714375435692e-01
3.457384705074177389e-01
2.964741062956179340e-01
2.635220294456724344e-01
5.755476899611153829e-01
4.347058940398020321e-01
2.478701912183666201e-01
3.905163981701678111e-01
4.374052433995112010e-01
4.858348833566056846e-01
4.547878573013910963e-01
4.917185091977789857e-01
3.019610421730155592e-01
4.185239947715533870e-01
4.764392088764589084e-01
4.282516783442690267e-01
2.770080420447191827e-01
5.533233106571611160e-01
5.617561398816062201e-01
4.355126056618932040e-01
2.553693439585347780e-01
4.402798184087504674e-01
5.625192198772300811e-01
1.705342509545197394e-01
3.264783601205205055e-01
4.666391911952552651e-01
4.385259316017157682e-01
4.337869011905925998e-01
4.488108138344287235e-01
4.035397781355205549e-01
2.230014390785078904e-01
3.488777438790580665e-01
2.264052957961559809e-01
2.128671468303219572e-01
3.067185883148179637e-01
9.859182158260149098e-02
4.550463802128975055e-01
3.404230783442297459e-01
3.044700514345586306e-01
4.836479373400345283e-01
4.924101962111170905e-01
4.371133535352403898e-01
2.580903420164339934e-01
5.852014218102242760e-01
5.616486683894428289e-01
4.135241125744205659e-01
4.171997763480476129e-01
4.844423922061504850e-01
4.270471091884890380e-01
3.261887858532472317e-01
4.496890251152656504e-01
4.410554992552086495e-01
3.989824279843798838e-01
4.065658742973598527e-01
5.347303337731654782e-01
4.034914580558147112e-01
4.467198058461698262e-01
4.048611898187938207e-01
4.539358574765329224e-01
3.452488040629805299e-01
4.310463637633749068e-01
3.868473317194335293e-01
3.467310911090943359e-01
4.287851250402532899e-01
4.126669390449821395e-01
4.190475015948182946e-01
4.079932210994159925e-01
3.451984013235181448e-01
3.729584391834446233e-01
3.257287987833139553e-01
4.319034670050174718e-01
3.728775549421640134e-01
3.922211388499259876e-01
2.320236589238833524e-01
4.595276704214764085e-01
3.488975970694853657e-01
4.749483157660597255e-01
4.880399537493750328e-01
5.536075583625694740e-01
4.067209537385083062e-01
4.101725023438728135e-01
4.030840658415381639e-01
3.045560262715321653e-01
4.445189082830027227e-01
3.939303765586331108e-01
4.206068419068905162e-01
2.287058829053842668e-01
4.388965341712067203e-01
3.899977492335620077e-01
4.272427193568823500e-01
5.789057925600223919e-01
4.155565535679344724e-01
4.181645927739499058e-01
4.082500722069835053e-01
3.410665829489994416e-01
5.485281371844387133e-01
2.779562820856213978e-01
4.655594113201105833e-01
2.690231422968178410e-01
4.949757025872478788e-01
3.338090315201888703e-01
3.350422671635013283e-01
4.064399224258760657e-01
3.945275137898663353e-01
3.837065364966845138e-01
4.157481518757363270e-01
4.327599370756060049e-01
5.802261131227709479e-01
4.098096160798153087e-01
2.270711699276400930e-01
4.520200202436164827e-01
4.352673791765521161e-01
1.514305094205451729e-01
2.923332227248152115e-01
3.543824057244978620e-01
4.028558532038914453e-01
4.074440541685973027e-01
3.221428691234517472e-01
4.329546090429974847e-01
4.038856558317668322e-01
4.205771573043686762e-01
4.368060807677648372e-01
3.997218630243883353e-01
4.685001642808187539e-01
3.962786811147763766e-01
4.046191506401928817e-01
4.584277368693530641e-01
4.891964517994275563e-01
2.708524039271191786e-01
4.342719331216583489e-01
5.693238483670567396e-01
4.694898081072051976e-01
4.829780401450634586e-01
1.022354968004593190e-01
4.113039502217905596e-01
3.712514435475470775e-01
3.373140168580571197e-01
1.752631574335004883e-01
1.135456533936546053e-01
3.605464012021043496e-01
4.037015986700533965e-01
3.149197128242546828e-01
3.142755577046891236e-01
4.560344306971054196e-01
3.736062467373726381e-01
3.411671414663177693e-01
4.062413174123371551e-01
4.297917715010656226e-01
1.799758731819705027e-01
4.481521534547864838e-01
4.647474205202530295e-01
4.243396798649125001e-01
3.038238218706931781e-01
2.440139167448945878e-01
4.849329266675241334e-01
3.992135729280456569e-01
4.122566829557062218e-01
4.285941069179591834e-01
3.048833995644711914e-01
4.245029116530806279e-01
4.078823081192621824e-01
3.588618609195480258e-01
4.481311667802928000e-01
4.538580023737056601e-01
4.145611944807032212e-01
4.361327597812290624e-01
4.183180254724515046e-01
4.297910126501215400e-01
4.579698407576174302e-01
4.615520845403996986e-01
3.839127567406445118e-01
4.303253199774296767e-01
3.653686598321740364e-01
3.165078059069004746e-01
3.102511394972328751e-01
3.572526759174295963e-01
4.311796152340734989e-01
3.963843842921312421e-01
4.182916376745998699e-01
3.827755311561129026e-01
4.162818471930151421e-01
4.055270744478058909e-01
4.218123561098862107e-01
3.884776428720940200e-01
5.019113904523248015e-01
3.850594371540146943e-01
4.511222566323333516e-01
3.871568406678254637e-01
4.144689582209855616e-01
4.493440577165130900e-01
4.448637190071877967e-01
5.420653861273382335e-01
3.854542824158316838e-01
4.146805626594836647e-01
1.675528240562198512e-01
4.432313384307843274e-01
4.105383648438218902e-01
4.546151513905088981e-01
3.330200486046254182e-01
4.592764734567351681e-01
3.991938982370858424e-01
4.040382203473631417e-01
4.864397584692190524e-01
4.619880687429540056e-01
5.755476899611153829e-01
3.807028719338989009e-01
4.267303581698250192e-01
4.461303884886996807e-01
3.292606476686606998e-01
4.574315586430033331e-01
4.081892430572015562e-01
4.519370940049405871e-01
3.410450767091100510e-01
3.687686829189988358e-01
4.417403136656174456e-01
2.415551629462308891e-01
4.483575985413656984e-01
4.572088016805915256e-01
4.305956116965761749e-01
3.918270420660017739e-01
1.552082081701265659e-01
4.796291248954930864e-01
4.886554539369873384e-01
4.378156009787214087e-01
4.348475323299728079e-01
3.352184512829756158e-01
7.732242536825396917e-02
3.416761986290611786e-01
2.786505568018398105e-01
5.406707125283726212e-01
4.213793609643148308e-01
4.108317867662839018e-01
3.261155165934345179e-01
5.819876773985347418e-01
3.148364807880252303e-01
3.710367334174767273e-01
3.238211068852344665e-01
5.529882728410610016e-01
4.894438080796705837e-01
3.400374882300129520e-01
4.049236623503540411e-01
2.174314051017197102e-01
4.387539700239651563e-01
5.165866858563087360e-01
3.139874204784567913e-01
4.030355877595142577e-01
3.698290270982866890e-01
4.231673555259485853e-01
5.819876773985347418e-01
4.359715318591194655e-01
3.372211867618961634e-01
1.555215780512129442e-01
2.933268946611780614e-01
4.365497639138337660e-01
4.914017158778116179e-01
4.325447384163095266e-01
4.280284859626540817e-01
4.006444869809666076e-01
2.782323008493990391e-01
4.804074604962355610e-01
2.886343739159232258e-01
2.407610714325439105e-01
5.446524030585477849e-01
3.170777017626330574e-01
1.077095498459948175e-01
4.650249608032017146e-01
3.947088611163928618e-01
3.155411004238719008e-01
4.379159392554136110e-01
1.372125939030237607e-01
2.246470791115216803e-01
4.931444312819792120e-01
4.307471174970601835e-01
3.893893173676117869e-01
3.050520913119444399e-01
4.881774193344202151e-01
4.055796503830169097e-01
5.639293772884439448e-01
4.157699649919766594e-01
5.794856103638416078e-01
4.189732706286694031e-01
6.214878488049369737e-02
4.808019337804313453e-01
2.883807410267889559e-01
4.091041035317089514e-01
3.564339911385868698e-01
2.986828680839305750e-01
4.177053099927106605e-01
4.775115495311177405e-01
3.515590524278706663e-01
4.284538352565567809e-01
3.920817655362621168e-01
4.198505811552198930e-01
4.196332197562104849e-01
3.715968515520285398e-01
3.905552975068817823e-01
4.367381392730909639e-01
3.274154904574650415e-01
4.467604287068567270e-01
4.212458170980449834e-01
3.103205258334822969e-01
4.349316780245646163e-01
4.197641567916933214e-01
4.057991221585759978e-01
3.990083903211576466e-01
4.248898084190829150e-01
4.387787693342262707e-01
4.502594265535207474e-01
4.928190785764574589e-01
4.232316849581758689e-01
2.961491994238428793e-01
3.560842794795796573e-01
4.261483580627180578e-01
4.704715853848825957e-01
2.687620015590899691e-01
3.836547113214375249e-01
4.218231689786066108e-01
3.972821818855305498e-01
4.133520775924993118e-01
4.134384588041322695e-01
4.320682500622679001e-01
4.424895651390342577e-01
4.210213638098008748e-01
4.348356091298365977e-01
4.117842253204634373e-01
4.910632332543446998e-01
3.628473782550787341e-01
2.837716869406253783e-01
2.627773947269632093e-01
3.843270825513923072e-01
4.088911602227278119e-01
3.911212922654651591e-01
5.567203861169699453e-01
4.216163797935265078e-01
1.652901581672021614e-01
4.142043098151997338e-01
5.555854951951042509e-01
4.157275485062358333e-01
4.306460171745240539e-01
2.852308715728282262e-01
3.361590048928322916e-01
2.656507421478142561e-01
5.641476872822525079e-01
2.436081974392868832e-01
4.402323778393219533e-01
3.551969383783488698e-01
3.802504940365247221e-01
4.348380965875487392e-01
4.254491285755409580e-01
2.591064180788240079e-01
3.911349892573811049e-01
3.634114053288066137e-01
2.264840875025351530e-01
4.231825721283942188e-01
4.242698533793484716e-01
5.460721954992481253e-01
3.883756415048260080e-01
2.099059132755489998e-01
2.073547455267981399e-01
3.018529829437629486e-01
4.455549531745964797e-01
2.952026302999837259e-01
4.233081081235035015e-01
3.912284194968006501e-01
4.724269501257563064e-01
4.332628291605061244e-01
4.379159392554136110e-01
4.240621183379546522e-01
2.796002801060997189e-01
5.389795622055626456e-01
5.447936789557968895e-01
4.882587140165963735e-01
4.190455611703417516e-01
4.527096977894483065e-01
1.662445129973947056e-01
4.189946331395593693e-01
4.566994139909401063e-01
4.040888525387212327e-01
4.238472192523810023e-01
4.174803347740151938e-01
4.848257924654981732e-01
4.475717593242345971e-01
1.730301633674053707e-01
4.568497390062435937e-01
4.639305785347275779e-01
4.531269946910541080e-01
3.994798198625356678e-01
4.525334055827790469e-01
4.391730005528958758e-01
2.694453456517090784e-01
4.297342135967553989e-01
3.735646617346813914e-01
3.455999448795096796e-01
4.021979530755552257e-01
3.675629360277153923e-01
6.278401262013541539e-02
3.081050475359169427e-01
4.251760923544700144e-01
3.999706075923308846e-01
3.789414945390280343e-01
2.454460338228181826e-01
4.302910700290427659e-01
4.313083309428494272e-01
4.428983085054866153e-01
3.059763061211689950e-01
3.339002430054182069e-01
4.112077706258585597e-01
4.871483364614583866e-01
1.733365954250021268e-01
3.834078896267685832e-01
3.543358677350128549e-01
4.037620730407333047e-01
4.582355075065996930e-01
4.419093977218925273e-01
4.843009212540439479e-01
2.417756478577146872e-01
2.506131266201690466e-01
4.339800279467637689e-01
4.019079958352263504e-01
4.131317434429437330e-01
4.274286132333049992e-01
5.378540731684813281e-01
4.058997837425324939e-01
4.014785922134599394e-01
4.278780097497542068e-01
4.299945522901533757e-01
4.157633258241947849e-01
3.253874844827991386e-01
3.556041458278348943e-01
4.297596621770461423e-01
1.883972782330334550e-01
4.461863828837270840e-01
4.528905910252792322e-01
4.018722580593391269e-01
5.867980855228120962e-01
4.349114699098125536e-01
4.453637868006525835e-01
4.074902072763852967e-01
4.630916224070117937e-01
5.372098206252176045e-01
4.315008682192589262e-01
4.433102139929105401e-01
3.957917946480992155e-01
2.146370073065814732e-01
4.057033374024703876e-01
2.360266122747385897e-01
4.787616478556473987e-01
3.226798105419257934e-01
4.219989893774085954e-01
3.911173231210990919e-01
5.546919271096597548e-01
3.583225789465149247e-01
4.282167811589704942e-01
4.403662104913411701e-01
4.548883819610698431e-01
4.180082664090455369e-01
4.034246644015103134e-01
2.065467068439428844e-01
4.061319492284816146e-01
4.852701072240941937e-01
4.333707805930091528e-01
2.394502531397842138e-01
4.116991116957046670e-01
4.121818525516663390e-01
3.089911612977128130e-01
1.710480002633078533e-01
3.899929600372489258e-01
2.101643188470986578e-01
4.115607580944800614e-01
4.150415419417822771e-01
1.566746776666247676e-01
3.254657869338386522e-01
5.625192198772300811e-01
4.656903446212949382e-01
3.283397137310994918e-01
1.672769840408629693e-01
3.759125032170665959e-01
3.278346012323209435e-01
2.966546879249865043e-01
2.609625272406125296e-01
3.931844278647640967e-01
5.456594677607903288e-01
4.256840922128360960e-01
5.782425165874544026e-01
4.110542870579131924e-01
3.258716099751463036e-01
3.985829916100382952e-01
4.647393266772429365e-01
2.994691107712667000e-01
3.934435065228693018e-01
3.985059394643694075e-01
2.874168264754626279e-01
3.189459875589482629e-01
4.027260193942842070e-01
4.273754587307822539e-01
3.849945159599543754e-01
4.872503357541161373e-01
9.381005439184467165e-02
4.826841048810365797e-01
3.246356537709118584e-01
5.755476899611153829e-01
4.258448944249185741e-01
4.120904099133608223e-01
3.066427729273146774e-01
4.141465862325134362e-01
4.632921371407952571e-01
4.286708143878780186e-01
3.111592185686783418e-01
4.725973405226253643e-01
4.306289139215001005e-01
4.062233501671206892e-01
4.014343156736444040e-01
5.535252262922746302e-01
5.646210643017820496e-01
3.528319481467365182e-01
4.988501836485365049e-01
4.677685041332376725e-01
5.640899342815925976e-01
4.433055271993603386e-01
4.872419212178507042e-01
3.690755725474499371e-01
2.498302667352852169e-01
4.230639348763035601e-01
3.721665406106095531e-01
4.690825674224626263e-01
5.747266524082591532e-01
4.056826474802294746e-01
5.259219660664781193e-01
4.016461622606531390e-01
3.682668113763820639e-01
2.488128716927381356e-01
3.576545578838481454e-01
1.859238896719336009e-01
3.805840934112220131e-01
4.212980114294431755e-01
3.971846230886919016e-01
4.555281795692270319e-01
4.335723260761584763e-01
2.906251896178144722e-01
3.994055608476559383e-01
3.755349552673181157e-01
4.808831370552790196e-01
3.931374276521111821e-01
3.810457132305559158e-01
2.167398866297198523e-01
5.767815088188665840e-01
2.134691907897264540e-01
3.510327247985156052e-01
3.699582294276472783e-01
4.649721832573647795e-01
9.675002299946201811e-02
4.787169619952258426e-01
4.315809284253407929e-01
4.285039652262609966e-01
3.519968422674722985e-01
2.181483658679412574e-01
4.268783446844336416e-01
3.479495621660465554e-01
4.732399350373623914e-01
4.441887641405888321e-01
4.189906617546141909e-01
1.954220191951219210e-01
4.074156954080059845e-01
4.356512492106489609e-01
3.365308372912905188e-01
3.368049083279634481e-01
3.788542395845343469e-01
3.133484742073694429e-01
2.677402004903733368e-01
4.348380965875487392e-01
4.613298827022035975e-01
4.194931498299105943e-01
4.758507267532979257e-01
3.730249578274118516e-01
3.517773912172698081e-01
4.612909463336963278e-01
3.986011873943219319e-01
2.931079282347477943e-01
3.117763679054854631e-01
4.163498732488036258e-01
3.945121246835768813e-01
4.045169328495816785e-01
4.292618753760796269e-01
4.364636169671923249e-01
2.240449536873584668e-01
4.137220518040320427e-01
2.290622526526190361e-01
3.112412454638027737e-01
4.200727407958430581e-01
3.851166939078983775e-01
3.572626879036019387e-01
4.313128461246382161e-01
4.494586227575994575e-01
4.534211738462641805e-01
3.736322317703867357e-01
4.316141650095958182e-01
2.303155104685516985e-01
4.444351519927583483e-01
4.186659771980755784e-01
3.710288489856271577e-01
5.707340057782706033e-01
4.549991666473245933e-01
2.769186808888289275e-01
3.946975803815646611e-01
3.727161961536387125e-01
4.598611612836835949e-01
3.817329953483870608e-01
3.912859115944731792e-01
3.717085608090956450e-01
3.624623139093423596e-01
4.505123514196625045e-01
3.678258815104082369e-01
4.270782150442676284e-01
3.849919869270524431e-01
4.218717309578697838e-01
4.278203629691400001e-01
1.511264410131062663e-01
5.693238483670567396e-01
4.500433420356395597e-01
4.409268735015339780e-01
3.359643298550175627e-01
3.827847045018301642e-01
4.547878573013910963e-01
4.080339163225090715e-01
2.619716533015506443e-01
3.451023166617520621e-01
3.577066520530625682e-01
5.447852863481620345e-01
4.999132658984569710e-01
4.590513356715790749e-01
4.545881817889534937e-01
3.865071828934754650e-01
4.255628067622297395e-01
1.811356782178430991e-01
4.282585940161074967e-01
3.975976868725210611e-01
4.013018260205826193e-01
1.428281792676375506e-01
3.719625433530446834e-01
4.259840282455730209e-01
4.156829932632768454e-01
2.960749516948430471e-01
3.957115330388524810e-01
3.835528185807631774e-01
2.543314542768114195e-01
4.031202037267617722e-01
3.271230997822753839e-01
3.910431265104962195e-01
4.795330893604981548e-01
4.671366912850826725e-01
4.081268812060991902e-01
3.170377024053163129e-01
4.088830224394722213e-01
4.638981222528867354e-01
2.400083027478619735e-01
3.488212444409068969e-01
4.156908082371745805e-01
4.333409510167217649e-01
4.149227855240777973e-01
4.333965928109878574e-01
4.657877298977306513e-01
3.108789995489507629e-01
4.548793720946416874e-01
4.226396934657765669e-01
4.591194238826911689e-01
3.631237894521347487e-01
4.005747135224410616e-01
3.905995658934789394e-01
4.054849052556090960e-01
5.671208352408142472e-01
3.508154170281816975e-01
3.982390761216763608e-01
2.902287512420261284e-01
4.869039519774409075e-01
4.509345465590971491e-01
2.924738655132486098e-01
3.924775970678008319e-01
5.631617507429240721e-01
4.136351326874486700e-01
4.737538385726778878e-01
4.940367037733109368e-01
4.422329626942535508e-01
4.994131825869074226e-01
2.463354951186917940e-01
3.622841251354576575e-01
3.265622339581827349e-01
2.166279503947297624e-01
3.798567921961573668e-01
1.972172828021477864e-01
3.934451695304606589e-01
4.600182048828500569e-01
4.230897081745936261e-01
1.926036176612684059e-01
5.523298947328918462e-01
3.641774129729494214e-01
3.144992203589598301e-01
3.996212197384944043e-01
4.379890299327744430e-01
2.852030489433955984e-01
4.046231740563636103e-01
4.120792383860171215e-01
4.421916088653845556e-01
3.193748939796176578e-01
4.235612360524984021e-01
3.617074863814297436e-01
2.916389066616141279e-01
4.028599414620060992e-01
2.789318383539626800e-01
4.189052840734604488e-01
3.743345226562067585e-01
4.025719970915442869e-01
5.843580749773358285e-01
4.915996189262200056e-01
4.152811576021595008e-01
1.803658862771091720e-01
4.749458213376570592e-01
2.663270211136711807e-01
4.267373795638028100e-01
4.285366392591956064e-01
4.619508929717051626e-01
2.102797914886853914e-01
2.231674375254381337e-01
4.206686521813606805e-01
4.486366541196546431e-01
3.850499709770580092e-01
4.158636150571002332e-01
4.469557036389767424e-01
2.866244265938022173e-01
3.287817794876876087e-01
5.852014218102242760e-01
5.753203845816583506e-01
4.341045797882538415e-01
4.026742606895502563e-01
2.807689163325910453e-01
2.715087984174259228e-01
3.109975170545366541e-01
2.668935938586753931e-01
2.441295562681313480e-01
4.252159354106491707e-01
4.561666241165669433e-01
3.473020074241258692e-01
4.179358043593422445e-01
4.054003237268920534e-01
4.295822069023680911e-01
4.325675197324161947e-01
4.479017571236401651e-01
3.714546656477312192e-01
3.049720643411191201e-01
2.882732529792355058e-01
2.792160197133347066e-01
4.307550984397794380e-01
4.269100105397620748e-01
4.030202193785814013e-01
5.055305380042036667e-01
3.136176962989535855e-01
4.865811845682516124e-01
4.187071195411737889e-01
2.937262103087616150e-01
3.801407755547253631e-01
3.738501020298027888e-01
1.748439000511233798e-01
3.758352167649139930e-01
4.302159257364691625e-01
4.053191309080800830e-01
3.304940214810170307e-01
3.106038412505281454e-01
3.895875611915029513e-01
4.394125187065905380e-01
2.270738002274557688e-01
4.284191822113946335e-01
4.154206364927399697e-01
4.012432548558709788e-01
3.922285354164247728e-01
4.333695655352669540e-01
4.376601383155641067e-01
3.966801824317027769e-01
4.061697477147487301e-01
4.302846970752505773e-01
3.047246732489158338e-01
4.385811978085388252e-01
4.226583518881500967e-01
4.066731477472270706e-01
4.442448887381566514e-01
4.395931668894565436e-01
5.922841289028720757e-01
2.399047083029282046e-01
3.393607081835378625e-01
3.780848916933823300e-01
3.809435283847557585e-01
4.051819012892068916e-01
3.291142622137808171e-01
3.876548473774805159e-01
3.877591426828148058e-01
4.369554682251957090e-01
4.016461622606531390e-01
3.583335544231882053e-01
3.963254251545532680e-01
4.537010295602415533e-01
4.083934437095572134e-01
4.562026995975136945e-01
2.025236512145784373e-01
4.270996403743565484e-01
4.207059130946149694e-01
3.373031133703601747e-01
4.709342938870741402e-01
5.616131553768320961e-01
3.967148669694487984e-01
3.672452590275040452e-01
4.246011498017978059e-01
5.512734160504411118e-01
4.079211887222454758e-01
2.314744713040137736e-01
4.514245151082816876e-01
3.902951254876727560e-01
3.251826897450469378e-01
4.357352400978225515e-01
4.515129429229446933e-01
2.378968711965746274e-01
2.223208389743471514e-01
4.465590958297677160e-01
2.918813818351225775e-01
2.126444072946364339e-01
3.827787186703140998e-01
2.466375107148294221e-01
2.792914767741523918e-01
4.781470237344593865e-01
3.953512050389555443e-01
3.108695736816715627e-01
4.293499315450591269e-01
4.775457855796158557e-01
3.414238473511664873e-01
4.671494337073218150e-01
1.438085618678157096e-01
4.612953050068864247e-01
4.713111736878394797e-01
3.731925723127569872e-01
4.252080103994227422e-01
3.918546306482769692e-01
4.266386010620950020e-01
2.406435460626402678e-01
5.423213819975686301e-01
4.094401407705599572e-01
4.245468673751641719e-01
5.169660544010445946e-01
2.785554271246726277e-01
4.129709155056939252e-01
3.096073773088521830e-01
2.620615369272910056e-01
4.025331942449539291e-01
3.033206600864581381e-01
4.598905085545757498e-01
4.242546108027823171e-01
3.424009033967632121e-01
1.937991700006758966e-01
4.010127039146173522e-01
4.125397755596092453e-01
2.327854122217999089e-01
4.466798618809472710e-01
5.682758532224088110e-01
1.774081170725317347e-01
3.941917405451720313e-01
3.065443086875703771e-01
1.903804800115080909e-01
4.029595350365962059e-01
3.202407617027857034e-01
3.932617674269395791e-01
2.723496787876580894e-01
4.263433756394341967e-01
4.050322970764951291e-01
4.333840633267466713e-01
3.798640229598034823e-01
4.467604287068567270e-01
3.751693662424946951e-01
4.499167811000731043e-01
4.341494860137781187e-01
4.049334683692188408e-01
4.073649083677374771e-01
3.801039219911973022e-01
5.608027602842088344e-01
4.836092342407058431e-01
1.741034780100931267e-01
4.137935203021315678e-01
4.695137962448512337e-01
4.841341054521600684e-01
4.675352016778769326e-01
4.565887666438851467e-01
4.608599404074349981e-01
2.418588799198768124e-01
3.307490490891427659e-01
4.199092088945535206e-01
3.327331558956010404e-01
4.285579697381030617e-01
4.254526698522852479e-01
4.410954431374468632e-01
3.842562000062170746e-01
1.056179001963394315e-01
4.107345904453514329e-01
3.849704510617283915e-01
3.970750276520275679e-01
3.807645614660514766e-01
4.434498870462660336e-01
4.147690376507842114e-01
3.866824415293088624e-01
4.664664823799187232e-01
4.864397584692190524e-01
3.466570864414335040e-01
4.189290826747123497e-01
4.273250290213863600e-01
5.625192198772300811e-01
4.703698194443878822e-01
4.121031895541081846e-01
4.376504179366111913e-01
4.345572243975241444e-01
4.469757585645066089e-01
3.121829978249648918e-01
4.018107326703510007e-01
1.676189314294473931e-01
3.540031635235273977e-01
3.093030855903639575e-01
5.816329802020986373e-01
3.280545653543889828e-01
4.206400067096302542e-01
4.275119207023638235e-01
1.445643557076992658e-01
3.545703868248196167e-01
4.519693240712777116e-01
1.340117833015571913e-01
2.822710391787116024e-01
4.527096977894483065e-01
2.893411571213269085e-01
3.820135830419190137e-01
3.949000896456604237e-01
3.029159492644616369e-01
5.364530367813138412e-01
3.842198727505681255e-01
1.755610044426138272e-01
4.573584863881817175e-01
4.958473607136446581e-01
2.273598933557499646e-01
4.339534881629638630e-01
4.576280726153602041e-01
4.337512798003414494e-01
4.397209389824978665e-01
3.702493210026327475e-01
4.128952572076801664e-01
3.512413201392956541e-01
4.304307930390134929e-01
3.548804770790088825e-01
5.621058964351797194e-01
4.509589614855676332e-01
2.495281460549509667e-01
4.305605517166098406e-01
3.990168057080132336e-01
2.158313013793014268e-01
3.906352085069931257e-01
3.365417144729292431e-01
4.407244017463918806e-01
4.007510889209820459e-01
4.274012586670681291e-01
4.145151530699320852e-01
4.979027692195368004e-01
4.468581503191092485e-01
4.953887528446180299e-01
3.757263529188147877e-01
3.826520658710049760e-01
2.208686217184572531e-01
1.746835611150735212e-01
4.242855025795272406e-01
3.998884185871601216e-01
5.195504784428481848e-01
4.674328172545688664e-01
4.180939964420073429e-01
3.801269192949790487e-01
3.424766354679181224e-01
4.988501836485365049e-01
4.289555962639384212e-01
2.352621963960705442e-01
4.049417857307393009e-01
3.943400334382251016e-01
4.447156846105742023e-01
4.215459628738800202e-01
3.645235105778841800e-01
1.011408475866953788e-01
4.127047018479526042e-01
3.378965324020853922e-01
4.372242522420755617e-01
4.293193195917471838e-01
4.152640544321199445e-01
3.093159512444530468e-01
4.653593205536816213e-01
5.450946428334453309e-01
4.186268784290764766e-01
4.801938260100973022e-01
4.436509533774277703e-01
3.952829278723401507e-01
2.875435006276980121e-01
4.843054642356103279e-01
2.226492510816995285e-01
4.179037824801456469e-01
4.430598611455954794e-01
2.074476824238957462e-01
4.434869312042394318e-01
3.176219434856894508e-01
2.171068848543143692e-01
4.547878573013910963e-01
2.914403497790334363e-01
5.721369476949699218e-01
4.804694594772557781e-01
4.171519925965884723e-01
4.409372629837907676e-01
4.128202087621010152e-01
1.962171281288038194e-01
4.777733865080517894e-01
3.981682976389522288e-01
3.599180707947463032e-01
4.480057387479018383e-01
4.190580869202844561e-01
3.980173036033293199e-01
4.957473140441718273e-01
1.781462116497937731e-01
4.151117679972840535e-01
5.213385227536361244e-01
3.817868351361737855e-01
2.295618424558778792e-01
4.378856099470047059e-01
4.523778697688636830e-01
2.400732562799098579e-01
4.080495012927539689e-01
4.907492160118701041e-01
4.645135880849530219e-01
2.320046055372068372e-01
4.368329807453996683e-01
4.428742968832523608e-01
3.066403384966409629e-01
4.435094603099757338e-01
3.904194464665321496e-01
2.862720888101324968e-01
3.102209570712309294e-01
5.572541741070895505e-01
2.903245057088218450e-01
3.716528474615213851e-01
2.431487400329148119e-01
3.385472637872494750e-01
3.235946837130480591e-01
4.418941110806042794e-01
2.278527678945222734e-01
4.434767936626536899e-01
2.258100018976387235e-01
4.343126317471122655e-01
2.783765115733186080e-01
3.551814278451203566e-01
4.098124207869297542e-01
2.746500667343005908e-01
1.659400779907617418e-01
4.500909408148471291e-01
5.292964306394140062e-01
2.266682522327910232e-01
4.276642798315435368e-01
3.678701943559034571e-01
2.478417487187250731e-02
4.801102467670932405e-01
3.328612467317640378e-01
5.039458348347368721e-01
2.466578664847808300e-01
2.013871082027578197e-01
1.512570309922237899e-01
4.491795570552123973e-01
3.213046612661676904e-01
4.057641137741670456e-01
4.163285655906091565e-01
2.514064604913723855e-01
4.723529220564916531e-01
3.449131265615501540e-01
2.611382201338673381e-01
5.435813082488475390e-01
4.750537878733228081e-01
3.342117951959716060e-01
4.266598678919594212e-01
4.576812497726270856e-01
4.618930694342960885e-01
4.477493116076888269e-01
2.290604627618635925e-01
3.541653621557817044e-01
4.779804098751390118e-01
2.201291836495178345e-01
2.876243015266975456e-01
3.535013491156774323e-01
4.375046479356136664e-01
4.671308935792257699e-01
4.205268611583818927e-01
3.642232722329389327e-01
3.616981668171806996e-01
4.394835639012107942e-01
4.956412120022467005e-01
3.577350381570172377e-01
3.616609536407087155e-01
4.446330842101871572e-01
4.434767936626536899e-01
4.778784779658228343e-01
4.629311709700335564e-01
2.847030228910894523e-01
4.024557512012181815e-01
2.934601150697744298e-01
8.420660542677636806e-02
2.404678994331944375e-01
3.779124813729712318e-01
4.278101358873750426e-01
3.626907637683002283e-01
4.348475323299728079e-01
1.647151504147157108e-01
2.457263596434824393e-01
3.814609404179732377e-01
2.093241777019973771e-01
4.640476396639048318e-01
4.457478077211542988e-01
3.146589156419872801e-01
3.501029750743169244e-01
4.359636104162227244e-01
1.513501861538812387e-01
5.634859605041565578e-01
4.468795957314256051e-01
2.623573864757050567e-01
4.310030074791824095e-01
4.084044686034470906e-01
4.155813781884408753e-01
2.787243836598409796e-01
2.545755770746761515e-01
3.753199421611640996e-01
4.906979450895024852e-01
4.219561730727767745e-01
3.288924576219590112e-01
5.555827187856738902e-01
3.944028758105578847e-01
4.045986086791563685e-01
4.244309215564673332e-01
4.514081055634393547e-01
4.360809144822624939e-01
2.126609974965409100e-01
4.113938528768936176e-01
4.579059610179119777e-01
2.303593248059454535e-01
4.877408702154897857e-01
3.933815403206912809e-01
4.276856718018993697e-01
1.774476833757009930e-01
4.266309530528316629e-01
3.288881041767867663e-01
4.102387915359443360e-01
9.305960600833901308e-02
4.824412734710123440e-01
4.114081719199525478e-01
4.043285965759819134e-01
4.060361298678766828e-01
4.921615340466943822e-01
4.005070969117351942e-01
3.385472637872494750e-01
3.415489630302353530e-01
3.572064165066115016e-01
3.193461208986095867e-01
3.908723853385229208e-01
4.494586227575994575e-01
4.044920802633288348e-01
4.377433127606125685e-01
1.718396125243662753e-01
4.794214374041666504e-01
4.828800932923740796e-01
3.805143675546290849e-01
2.600789482376429929e-01
4.469557036389767424e-01
4.272593117578737387e-01
3.875061110157363431e-01
3.636150725158777686e-01
4.878829009804311889e-01
5.441164903148293375e-01
4.456159814454719870e-01
2.752128061804191561e-01
4.246549466866441636e-01
2.049286102237521390e-01
3.762343751207334330e-01
3.986156797088305503e-01
4.202270578592099959e-01
3.890647048000495101e-01
4.460842495712459832e-01
5.625192198772300811e-01
4.578041704310472637e-01
3.442532755215825246e-01
4.294933853681682789e-01
4.235666170106445194e-01
4.154922438859969258e-01
1.800892890341907471e-01
3.853808373535447807e-01
4.827320303906154075e-01
4.318345786582168944e-01
4.407939054433441806e-01
4.446969013381546487e-01
2.879757715423841291e-01
3.184348232560471059e-01
3.690444679986757959e-01
3.984813012475956762e-01
4.008132935373721617e-01
5.606704907680426508e-01
4.764413976317846133e-01
3.893714416542004009e-01
3.953512050389555443e-01
2.905665510282691710e-01
4.501950739686428338e-01
4.394287389639918717e-01
4.344536420112625752e-01
9.960341416324765274e-02
1.525278087414663475e-01
4.294137256448526951e-01
4.471390864901145790e-01
5.766595899482529486e-01
3.267801281171091032e-01
4.949313805719752213e-01
4.746000041370462275e-01
3.508434881855514442e-01
5.523067912505565946e-01
4.229048901910563707e-01
2.333574787837488507e-01
4.507148136315974329e-01
3.842057198422995090e-01
2.769885250241398422e-01
4.840618621701096025e-01
3.253679107008828342e-01
2.105288811058078635e-01
3.728474870346489833e-01
4.305112200361909114e-01
3.702212651143945710e-01
1.116450802976915319e-01
4.011488326208054178e-01
4.091551793577268836e-01
4.289738622945257762e-01
4.229773390669844257e-01
5.475071243379611152e-01
4.087140712412387633e-01
2.682065068179985134e-01
8.641737245039032844e-02
2.029188594087157904e-01
4.808019337804313453e-01
-2.000423810456922538e-02
4.426063294329742881e-01
3.647121396619772415e-01
3.704144806223930719e-01
4.305632561163177940e-01
4.864422446199267447e-01
4.358488180808353096e-01
5.721206505525119335e-01
2.257581538446269964e-01
5.652890664025109757e-01
3.835588117149074106e-01
2.910149366701188511e-01
4.630738088074318193e-01
4.141004990558397880e-01
3.063706471282140464e-01
3.840570897835855479e-01
4.446822691949139927e-01
3.233112655613016861e-01
3.965245996071187218e-01
4.221573046296853149e-01
3.487330132578051467e-01
3.794203531767938453e-01
4.410554992552086495e-01
4.236778588580181193e-01
3.140592487139768907e-01
4.949480221827222137e-01
3.960445761171792478e-01
4.308399852681435993e-01
5.568687634674071019e-01
4.227940833479639227e-01
2.740069056020070226e-01
4.863902035814813285e-01
4.828800932923740796e-01
1.930265120273479684e-01
4.411464128264034334e-01
3.981046314181356238e-01
2.188918957373923724e-01
4.888293623749656591e-01
3.706266147503849973e-01
4.298709894983628321e-01
4.161613733299458495e-01
4.193125621219339072e-01
4.672532341766147956e-01
4.196316932579747805e-01
3.296111415387236176e-01
4.315461533516026238e-01
3.553776069131415749e-01
4.503253381665233146e-01
3.430960083720111520e-01
2.958191194698706616e-01
3.958054316422862651e-01
4.324141123234137574e-01
4.390809598874343411e-01
-3.777803688814630051e-02
4.260477459997086824e-01
4.196192364680774722e-01
4.263864484073874306e-01
4.446822691949139927e-01
4.508848815510463348e-01
4.101221448309143591e-01
4.464980451945935180e-01
4.925256929181829335e-01
5.549102323733569042e-01
4.408936294486819341e-01
2.810511706072306159e-01
5.485957862835413312e-01
4.000445092970840721e-01
3.468081567397299225e-01
3.955740664165021681e-01
4.317295727573733921e-01
3.845998426833286965e-01
3.741704320831179542e-01
4.170539085084297715e-01
3.151261801957899178e-01
2.141948298529764427e-01
4.755977918460423948e-01
3.878732123277151556e-01
3.566378669899588627e-01
1.589946476676920295e-01
3.227416839675326110e-01
5.238377943339767029e-01
4.191588941418817882e-01
1.527954181710638182e-01
4.112482781382145736e-01
4.293048954074398238e-01
4.959826155110031443e-01
4.139972658679786921e-01
4.749948399801325327e-01
2.186410799771014990e-01
4.547878573013910963e-01
4.297811310739507173e-01
3.175488757535182005e-01
4.495518422166157047e-01
4.336979068828495931e-01
4.656046913489130801e-01
3.651522014695224305e-01
3.986171331392925898e-01
3.577174213964595673e-01
4.162698944504286680e-01
4.687735743051679171e-01
4.334259381317463466e-01
4.553704376562441314e-01
2.796517018163282020e-01
4.502594265535207474e-01
4.350109333648466969e-01
4.237835195058624604e-01
2.445745969587930224e-01
4.114785086766582500e-01
4.627580766921091104e-01
3.801729028656158360e-01
2.159066832303103423e-01
3.849480299187105214e-01
4.703698194443878822e-01
2.010625301722699654e-01
4.043797445984371741e-01
3.992741483529917423e-01
4.204937955635051905e-01
3.989651149467655644e-01
4.013990668833975484e-01
4.017243767274711330e-01
4.676586003265029712e-01
2.543995319022246404e-01
4.198445385623668646e-01
4.662149992849292657e-01
4.210707635166905383e-01
3.777928777259252913e-01
3.293373702417423110e-01
4.167707248706282175e-01
4.227626569026604608e-01
2.905751663712490274e-01
3.566286553261899250e-01
4.108927559937511909e-01
3.176823059311453257e-01
4.502594265535207474e-01
4.363007876119241457e-01
4.554836199280942188e-01
2.600127174665966545e-01
