4.878472596402090578e-02
2.897008347101585057e-01
3.551880667017107140e-01
4.056827599241060733e-01
1.938233051866977696e-01
3.635495887704969786e-01
5.375300962200131316e-01
4.311522483861438548e-01
3.649969249611445532e-01
4.156383688943036669e-01
1.859825798155440857e-01
1.886703137072446856e-01
2.267379850704475397e-01
1.225084577027525934e-01
3.746038701787277603e-01
4.181290634963947261e-01
2.091114470872474929e-01
4.843184654032421932e-01
3.432231843880300670e-01
4.379179830784659111e-01
5.432169973914107164e-01
5.679791669006890587e-01
1.368017756773494409e-01
5.066062816005939551e-01
4.207432169108096254e-01
2.259019853868412531e-01
3.103457714339044049e-01
5.548053777530942421e-01
2.666470957202239367e-01
4.446822691949139927e-01
1.822446877749699101e-01
1.223822221490606793e-01
1.283165684770050941e-01
4.272215886214515979e-01
2.483606447647532245e-01
2.518622195885624748e-01
4.028030658555210031e-01
1.563480863513477537e-01
4.634267512985026927e-01
2.251797548823301076e-01
1.190600299751074509e-01
3.826540892798922511e-01
2.124247579402181035e-02
2.522108367869224654e-01
2.795331748453329102e-01
1.609108391195657461e-01
3.192998874411658861e-01
2.475378787918438295e-01
3.640656002758143051e-01
3.458808776481541170e-01
2.506131266201690466e-01
3.783921191513695548e-01
5.266197537825028085e-01
1.654342308880466517e-01
2.670579292565219975e-01
4.099518895326659806e-01
1.143395542143522126e-01
1.882376610124038563e-01
4.296730388583948623e-01
2.045922039532265813e-01
1.384300765585921855e-01
4.043797445984371741e-01
4.163547715696168106e-01
3.245034546255259889e-01
3.993893164832832410e-01
4.548870668241282722e-01
3.798627811603349502e-01
1.262778332819047833e-01
1.138806093456335433e-01
4.275171366045169563e-01
2.855906008298285115e-01
3.901741719332171843e-01
1.580206827913956391e-01
4.017787966177812087e-01
2.875438578496536390e-01
1.596242815111896252e-01
4.703170372929161291e-01
1.440418123412229474e-02
3.102303894942786133e-01
3.578020508901660346e-01
3.543827415624081767e-01
2.394032815567530559e-01
3.342128486830660550e-01
3.711237540239944455e-01
5.816329802020986373e-01
2.486600961477852534e-01
4.639438284066384477e-01
4.133302938527403381e-01
3.619286091318406617e-01
4.193206297626163037e-01
3.665909231107286614e-01
4.429007373762048339e-01
2.597150566174492026e-01
3.055678556067021878e-01
2.853066900826199404e-01
1.695214190016990641e-01
3.174900806761202787e-01
1.709924214127173103e-01
8.654260936968330431e-02
3.914707126491906442e-01
8.951630071016651591e-02
3.302589056503126286e-01
2.986355248552158836e-01
4.435805405240173527e-01
4.468581503191092485e-01
3.432914868648907492e-01
3.354327936261375376e-01
9.924613640059049002e-02
4.118398788985158654e-01
4.039638065665573929e-01
1.898810871302559489e-01
3.114319539712603335e-01
6.531921902284644477e-02
1.539511861242705837e-01
1.478279289386663919e-01
3.833832968024675214e-01
2.300808599884900940e-01
-9.685309546467239100e-03
2.541630822112209698e-01
3.789733915059403935e-01
2.612548697018595156e-01
3.679045265003492160e-01
2.621550985310326931e-01
1.074835785394845089e-01
3.685843857248772837e-01
2.092622858538513986e-01
7.378048806809264781e-02
3.853771896907859373e-01
3.896823556116507103e-01
1.387821969049529355e-02
1.817135941849368219e-01
3.653903096350940571e-01
1.886703137072446856e-01
4.117941855243634763e-01
4.183278921529205996e-01
1.377969328220171596e-01
3.119191971049348755e-01
3.574542836388870382e-01
5.928926218038564899e-01
3.055095915880408630e-01
2.981160923590576717e-01
3.029260585913477466e-01
1.986098262483413368e-01
3.053818474607459255e-01
4.088911602227278119e-01
3.940947925758347958e-01
1.774020331534421624e-01
1.942738314529149080e-01
1.866869506641273546e-01
4.482208081174863801e-01
1.683120654419557050e-01
2.057418372008844032e-01
1.332574077637973253e-01
2.293104300636063519e-01
4.055793449174009413e-01
4.152357384914845961e-01
3.248594495321773801e-01
8.866324403734528181e-02
4.742676446013107672e-01
3.312097567334606474e-01
3.633051594334054668e-01
2.370373887037050264e-01
9.912242295060222363e-02
2.246896037259497048e-01
1.193773123481400023e-01
4.329549579924447111e-01
4.213075835982384998e-01
4.220973419201359822e-01
1.094214795689865960e-01
3.682555484002177359e-01
2.522918726459080219e-01
3.980472101061654500e-01
3.244758923493090141e-01
5.725118656197885070e-01
2.828031446806493210e-01
-1.059990779023668554e-02
1.622009279065206311e-01
5.435813082488475390e-01
9.201876071753677111e-02
1.781173836694114609e-01
1.505038998471952827e-01
3.392340184561659644e-01
2.965795166624794477e-01
2.279057963437250978e-01
1.345925672669381346e-01
3.927101545306141417e-01
3.038494120223887429e-01
3.923181453025266774e-01
3.995341695895264222e-01
3.553522009660918246e-01
2.912873602172852405e-01
3.304545517717019099e-01
4.310094025068278434e-01
2.611595810265613382e-01
2.872379255293649458e-01
3.734476328656938238e-01
4.170777369010851277e-01
4.911905372323250307e-01
4.740083498103077608e-01
3.709334587374101821e-01
4.607365982711926211e-01
1.622104148243935229e-01
1.438167201067285239e-01
1.848879616483228294e-01
3.676976526711701609e-01
1.849154287569802213e-01
3.087937375257686634e-01
1.345387090566122490e-01
4.085003982503339071e-01
2.399587791193144304e-01
2.954376935756235500e-01
6.391544278088144571e-02
3.839925633463671661e-01
2.957062546133916725e-01
4.102893982510883442e-01
1.713757867356280329e-01
-2.332977594026446749e-02
3.542959840994568954e-01
4.775526775256926787e-02
3.946685143448405153e-01
3.896098963626712930e-01
-1.188228179011357327e-01
3.663162043392375611e-01
3.235501064792202230e-01
4.009917790635096901e-01
2.440023448177690291e-01
4.340987629129980374e-01
9.783808018058939848e-02
5.045138169454810306e-01
4.435219634051743021e-01
4.823042843902334426e-02
4.090681435650619924e-01
4.199660320548910253e-01
4.254440092750217534e-02
3.127957547346728040e-01
4.299561692616969411e-01
3.807150896872010803e-01
1.948896795111770552e-01
2.182431810964300389e-01
2.588879560575749195e-01
4.014122839764661665e-01
1.337296470929880687e-01
5.557658540139232863e-03
1.096948303995182589e-01
2.461440219254487638e-01
1.131853963246827743e-01
4.294809843437949470e-01
1.382714031196660143e-01
3.325618385628639206e-01
1.788033562932410392e-01
4.156942096851867219e-01
3.431025228142237093e-01
2.315408375056184631e-01
3.070853951981074026e-01
2.053253545423168736e-01
3.947051730402260095e-01
3.143723113867746832e-01
2.415431404759932899e-01
1.534318334176233145e-01
4.203023797384226046e-01
2.977352911092163157e-01
1.837258221935510472e-01
1.853737460197869558e-01
5.591863754923755980e-01
2.159464017268889202e-01
3.206104823969436191e-01
3.075397519209941422e-01
1.731616660246318440e-01
3.245201139119524014e-01
5.286405587641800352e-01
2.930633095916989617e-01
9.135282914009430766e-02
2.155463541308699771e-01
3.947054083840149108e-01
2.224988811977624548e-01
3.136170283574314932e-01
1.250592609839714653e-01
4.205995543819074367e-01
2.300750334870426683e-01
8.172470650834930128e-02
3.459271878635844510e-02
1.705547578961349175e-01
1.391042784816998445e-01
1.839727766373445705e-01
1.364598054680520589e-01
2.972005180526490209e-01
2.597384958962025703e-01
9.087927476213297773e-02
1.304767840530926259e-01
4.033687807906712885e-01
4.142249276654799139e-01
2.197030968316646127e-01
1.379351731910132828e-01
4.312131202728973767e-01
4.065526327238900284e-01
3.127279096471380360e-01
1.426918375404671036e-01
2.356224984425930036e-01
2.624799995938990049e-01
3.215165242011052693e-01
9.882588450710237671e-02
4.187937836466629760e-01
3.536949640276448315e-01
1.847100695592661379e-01
4.585136763549675920e-01
3.965860738025052401e-02
4.122506618558156033e-01
3.855664483361111450e-01
2.158905213524419109e-01
4.034572064062473817e-01
3.997777110764073050e-01
4.361571292322424798e-01
3.928376495387079781e-01
3.903982659404549027e-01
1.283618789610863342e-01
3.397105780938163844e-01
4.329907977976649169e-01
1.185485748118466492e-01
4.968300499070117948e-01
2.947073642905298496e-01
1.456040083880424385e-01
3.788582072559271152e-01
3.973880747237561462e-01
1.721918602440177526e-01
-6.735540633202397043e-02
5.016607334463982770e-01
3.778331448116972191e-01
3.446695113222741913e-01
1.305221764635333681e-01
2.983631503933284468e-01
4.379912651178779481e-01
4.179947495762852960e-01
2.107924456936970947e-01
1.503016377936590986e-01
1.486573048480989978e-01
2.435538101774098463e-01
3.986267718200931509e-01
2.724880239296593176e-01
1.418361472173346183e-01
4.408410231411766245e-01
2.182098617974635724e-01
2.203121072649265599e-01
2.351573259257853377e-01
2.963225521982068567e-01
3.651218924093097562e-01
1.793879470284288624e-01
8.413933751656449411e-02
3.962462677358759566e-01
1.235463970298996961e-01
3.455371509156142384e-02
1.347938450423784296e-01
2.885881152519648163e-01
3.392833775006943164e-01
2.086873254802769639e-01
3.935113166947131758e-01
2.114270689800774317e-01
2.902260088562041429e-01
2.983959517243491288e-01
3.937480188969056938e-01
3.457570173987432605e-01
2.951163349512833101e-01
9.691976254959759618e-02
4.013263756100056701e-01
1.364526977702870958e-01
3.951915886533565736e-01
4.200763072998481840e-01
3.242857957274040692e-01
4.064399224258760657e-01
2.406148503853413334e-01
3.151872437765322332e-01
1.669196450357106620e-01
1.826955653971821525e-01
8.790909899915930192e-02
2.592505919576652551e-01
1.369222403291491252e-01
9.435442878104119413e-02
3.390793877117264099e-01
2.935867213978135548e-01
4.256626894545069151e-01
3.880138873970843116e-01
1.890194811285536014e-01
2.414525247358487170e-01
3.573712902658228718e-01
3.921712484562155931e-01
1.668651997106787299e-01
3.027482791795612638e-01
4.909075218869084489e-01
2.191717652008493000e-01
3.886591490307827468e-01
3.535005955549895273e-01
1.644002984320533656e-01
3.539760408987185913e-01
5.625192198772300811e-01
1.967700763843344136e-01
4.032713121978871440e-01
2.315299524404606790e-01
3.627736241173539766e-01
4.405211709328446523e-01
4.337852009230007688e-01
1.760414837399889298e-01
5.579468256482337241e-01
3.030609676756510495e-01
4.087605386109902095e-01
2.833565720311158054e-01
4.680010794376993077e-01
4.848708015501995150e-01
2.082393376864385137e-01
2.378155484604811132e-01
3.699514752434721054e-01
2.887472071553417452e-01
1.943592749407064002e-01
2.124468653943835939e-01
4.127629384817583791e-01
2.537188625890653415e-01
3.833377542317355502e-01
2.022799676843189676e-01
2.267676119573116822e-01
1.685701648010296816e-01
2.411148122906979496e-01
2.076746676909883571e-01
1.597968396527688906e-01
2.389559574099934525e-01
1.855577042174040292e-01
4.388077085707707825e-01
3.039527704337257052e-01
2.528522464294967187e-01
3.811560029977849595e-01
4.122320921022849527e-01
1.217971613331186032e-01
5.314501526646143725e-01
1.799758731819705027e-01
5.023366384015159891e-01
3.260920315280325110e-01
4.237501985264616744e-01
4.018654703909542159e-01
4.539665680568170103e-01
3.877648171983139602e-01
2.100257769542460684e-01
3.385204189942478403e-01
2.177938756138794174e-01
4.080339163225090715e-01
1.320608654463022447e-01
3.071457631827727575e-01
3.154938395571848520e-01
4.010912186190334627e-01
2.316310998151576706e-01
3.548454351274057950e-01
4.743505488076255605e-01
2.799425462378058449e-01
3.844013800710386342e-01
3.018499867916129009e-01
3.898411947652586362e-01
3.669958271411794537e-01
4.424962186631192229e-01
3.969218668104556036e-01
-2.583448955527739566e-02
4.100815673004618023e-01
1.740270587450327977e-01
1.389066357553879749e-01
3.866031057771328050e-01
1.291390919487201971e-01
1.552220816698842154e-01
2.633055756471634479e-01
3.201981927746823664e-01
4.007075182050721662e-01
4.327891283358059060e-01
6.514458969929196042e-02
1.788727917562616399e-01
3.684286578642893550e-01
4.037092108300512905e-01
4.058476759638747211e-01
3.298419430928977159e-01
2.228588643092617727e-01
1.219338716511089438e-01
5.355453827975122927e-01
3.253028468566204201e-01
4.171420201939800565e-01
3.955784326827658792e-01
1.609328635141158426e-01
3.078414989640190225e-01
1.204351899817872051e-01
3.275276850488584302e-01
4.007062379215831638e-01
4.350459837808596797e-01
1.211186621764039212e-01
4.232345250996337183e-01
2.069862610514071333e-01
-4.638039016777190798e-02
4.494725064644396473e-01
4.275720488828281818e-01
3.189205465302388243e-01
3.258372295337734759e-01
2.054217202722821711e-01
2.510909110247377396e-01
3.204407741319308944e-01
1.886105219455815052e-01
3.919353265149451704e-01
3.777269508022988997e-01
1.858272131653500303e-01
3.470442125556010282e-01
-1.057108859142031898e-01
1.576272790932699841e-01
1.716777109918620203e-01
3.780262610495943032e-01
3.374302203433493519e-01
2.716644017184133286e-01
5.089997400492354274e-01
1.322292023057564103e-01
3.898949569003829496e-01
3.037759819387879645e-01
3.628331327362077086e-01
2.082744385414136701e-01
5.709325360228554302e-01
1.977799396528449882e-01
2.781291818480870481e-01
4.725837875994261944e-02
3.833147829435665788e-01
2.263225668114244582e-01
3.032392391020088396e-01
4.118999731383562457e-01
2.679018022520668341e-01
1.780685713261810910e-01
3.939277236300059437e-01
1.444139623132413008e-01
2.377448239383700701e-01
1.621277421860768952e-01
4.329546090429974847e-01
2.770499163103201656e-01
3.051884068367872183e-01
3.719018683053134655e-01
4.172637181600922784e-01
4.243187545988827414e-01
3.466747839458228508e-01
3.657599821153093567e-01
3.126343961328623688e-01
3.947750432585745428e-01
2.920415692623845594e-01
2.394850171351035062e-01
4.909685501577839561e-01
4.048362528788875259e-01
4.571860992411673208e-01
2.287279969230979759e-01
5.524060894836289037e-01
3.111597299186174004e-01
4.404295379697931168e-01
3.039578280846075287e-01
3.828602501070141328e-01
4.990791402517986142e-01
4.358153688075354637e-01
3.519526106429691215e-01
3.994866347498072789e-01
1.808413660386225807e-01
3.774577513654588379e-01
4.053282889431736313e-01
4.338636810229176133e-01
3.951796399770062251e-01
3.692576156152762024e-01
3.908256649493030976e-01
1.730380397497670864e-01
2.845881066599767473e-01
3.944036047041297177e-01
3.952844563414556478e-01
3.547006038875548106e-01
4.091218001232697632e-01
1.893792388803259841e-01
4.608714695975890119e-01
1.540926372845951575e-01
-1.825255306066659797e-02
3.584155226898264046e-01
3.508347822495276880e-01
3.454389281942176204e-01
4.179212541839532613e-01
3.312263667064010431e-01
1.858494194617285045e-01
4.176880667449858198e-01
1.774086823000994295e-01
3.867703118961926534e-01
2.693195769760918165e-02
3.283675823857609144e-01
3.890985953844456890e-01
4.338494491134899378e-01
8.631527224868912329e-02
3.058414029287588876e-01
3.473235966484260473e-01
4.204703459117004605e-01
4.959142778072601065e-01
4.655594113201105833e-01
6.120864025022897392e-01
1.782746182986914563e-01
1.879291017376085171e-01
2.456338296189507220e-01
1.176415750615799616e-01
3.595356643981940103e-01
2.213344608490364351e-01
5.811403489943647305e-01
3.617220802688571046e-01
1.896278707969309696e-01
2.982943109243458291e-01
4.541489661319524918e-01
2.717795102451517897e-01
3.693540077550302447e-01
3.738693891835643823e-01
1.336218040951772379e-01
1.470856834241269784e-01
3.247381812593440054e-01
1.969888713649720624e-01
4.339888065771313475e-01
5.782000811060632878e-02
3.104206942410857040e-01
3.366371453005230774e-01
2.979000659510100957e-01
9.796202998573903808e-02
3.770291753057286588e-01
4.045178036050036674e-01
3.986939120172968698e-01
4.328918307553759059e-01
2.864542297995634201e-01
2.272358662661812800e-01
3.316720158958140763e-01
4.071775965366883909e-01
2.294572284074218871e-01
2.513426992534055215e-01
7.867651350656933162e-02
5.229976715284301303e-01
1.180841422877757368e-01
4.272997460779794365e-01
2.387478208900204457e-01
4.128544611170358314e-01
3.633159396892525206e-01
1.273396325098507254e-01
3.728484776403061529e-01
4.477987871623299032e-01
1.115513274926809295e-01
3.280047223447771221e-01
1.125632853707031894e-01
4.425560581200724819e-01
3.935394072911811980e-01
3.155083368507580754e-01
1.397861464683667065e-01
3.834363712872722041e-01
6.240044114838882300e-02
3.196518020873252430e-01
4.562222502267794244e-01
1.898944076789521318e-01
2.778546379662416577e-01
1.831397948892961591e-01
4.019557603343021923e-01
3.132390082263858955e-01
3.099583826118385566e-01
1.715257959122642173e-01
1.989153895369554503e-01
3.257672451288757820e-01
1.650753206560612585e-01
3.837993886044604452e-01
3.163814270806233897e-01
3.720493240101387378e-01
1.908883150446815877e-02
2.560612448797511820e-01
4.811317992197017834e-01
2.186469965996190035e-01
4.026935662658510107e-01
4.587057085052688166e-01
2.338394277039191338e-01
4.828800932923740796e-01
2.688704261687030472e-01
3.811691150325896005e-01
2.370537168252808136e-01
1.675511036234162143e-01
3.770991124924966131e-01
4.467658629409945736e-01
2.248256135984615656e-01
1.934296949403737920e-01
3.274055496719171510e-01
2.772130702591110163e-01
1.334479260294932634e-01
4.137774661380282937e-01
3.866176312854056607e-01
3.710395819403600193e-01
9.969557808649177899e-02
2.419623875942360780e-01
3.942037651315121183e-01
3.604411799567148744e-01
3.808138466544542799e-01
4.017369001538503293e-01
2.368379770816936569e-01
2.246741070511178440e-01
4.193734285109702031e-01
2.954007707408586314e-01
2.237163544242272151e-01
3.290044094839509881e-01
3.573032996443777920e-01
3.887065228392528327e-01
4.698097668675205174e-01
1.425100315591023292e-01
9.154007467178572333e-02
4.039276862740288632e-01
1.265327041324786350e-01
4.281464792557172494e-01
4.687670065039792333e-01
1.120962871761129881e-01
8.257898413080587419e-02
2.663465940657434028e-01
3.231248624925347479e-01
2.479768100612692316e-01
2.057578602458336459e-01
5.335847873080557663e-02
4.042751496363957142e-01
1.227800451249289188e-01
1.627458710708684364e-01
3.105483772503621065e-01
3.202247652543401268e-01
3.331554095390452108e-01
1.630642039176239955e-01
3.108735156901352714e-01
2.186262569956487212e-01
4.013732499353074301e-01
3.309395593468431040e-01
4.238081113550967172e-01
6.901224645457834650e-02
3.604582241248384111e-01
1.749596482580056123e-01
4.310695662876043999e-01
4.269064322519706134e-01
1.820031599048158033e-01
1.150097861891823392e-01
4.213972014508438613e-01
1.087669879682700846e-01
4.067269424952248413e-01
3.848602666847009690e-01
4.881376753616275543e-01
2.373805073342627747e-01
1.493826495085922856e-01
4.218296645833579106e-01
3.487388485970923102e-01
1.900470126909409307e-01
1.975211652052165368e-01
1.634441931857522623e-01
3.604130924721622997e-01
1.990002443333371007e-01
6.607838514172174882e-02
2.011137043348146525e-01
2.223027687869691682e-01
1.620382933986488638e-01
-1.928260552348360496e-02
1.851490305371105705e-01
3.504546164943038722e-01
-2.839695322500367450e-02
3.389486729084955630e-01
2.246488339828557890e-01
4.414486510126632846e-01
3.395074503469073246e-01
6.510415927945358006e-02
1.123041114257483375e-01
1.578139417372737829e-01
3.503858720217254974e-01
2.057945108917312860e-01
3.479283515996126064e-01
4.358320275338171679e-01
4.281080408766588796e-01
2.225743938581353498e-01
3.377825858438122664e-01
4.494299674937085598e-01
7.326177433362836625e-03
1.218315269773336817e-01
8.096730779145409895e-02
6.309278122310686687e-02
4.187921885203195749e-01
3.825095109350330480e-01
3.189314044802403769e-01
3.422145170078628174e-01
1.421212283507397311e-01
1.381359360481848597e-01
2.699206818501919125e-01
3.270215450578521366e-01
1.316188132810046027e-02
3.492892487177469141e-01
2.063648289721457529e-01
2.250252745056428305e-01
2.251389219880995940e-01
1.422853567439737732e-01
4.064147634196865755e-01
1.403380091270224339e-01
4.721073965031139658e-02
4.962352977307278867e-01
3.471687683181045037e-01
4.260442759235888444e-01
3.218790330935549782e-01
-5.484945051042618147e-02
3.366642556021469113e-01
3.478547365437603123e-01
3.238571531971608519e-01
3.072725498359364371e-01
4.219069740221922937e-01
3.758695336402281817e-01
4.050391489333217687e-01
3.246557922617433478e-01
3.626500566161981465e-01
4.328177078349297879e-01
4.008610144696324040e-01
1.825669929194991548e-01
5.368358379554541981e-01
2.714016276192747767e-01
3.327141808462082961e-01
4.111954477728001489e-01
-6.190575687780713703e-03
3.224957215764369667e-01
4.102728014519231858e-01
2.912419343848730580e-01
4.081415694260554505e-01
2.847930699649998121e-01
4.044942232527520276e-01
1.348093144412717825e-01
3.289669464206720906e-01
3.740832348650279804e-01
3.392807332024458389e-01
2.257505320325048359e-01
3.400238140380638652e-01
2.370987828372879691e-01
5.621425173311660473e-01
4.003535308572855889e-01
3.125721477940608395e-01
3.534797277764102907e-01
3.248590351910145557e-01
2.687407475347574071e-01
2.973110694697251866e-01
2.778335312755438880e-01
8.052168698270950609e-02
4.006838554493006854e-01
4.153673761643473794e-01
3.642959352086467262e-01
5.513141798601496335e-01
4.054964751911088183e-01
3.689503960408079819e-01
3.571347593849463209e-01
4.911750159111231695e-01
4.836092342407058431e-01
1.685024594799887643e-01
2.843774265018454983e-01
2.330798171205398783e-01
3.998866353351575587e-01
3.001183691831400546e-01
2.727581216675591946e-01
2.814634180474785974e-01
3.292332965047846671e-01
4.053423889073881625e-01
1.921469835764514078e-01
4.155679856663279104e-01
1.645741652689092505e-01
2.053530433282680090e-01
3.087887347690745354e-01
3.060959586875251492e-01
3.100340633156432046e-01
1.623010411035582523e-01
1.243142647021845681e-01
7.166570413332602751e-02
1.443161908273579430e-01
3.094894464408119439e-01
4.267904062703329893e-01
2.802519780106957903e-01
2.712308583155862429e-01
8.682752998011888934e-02
3.333478073264399544e-02
2.997821143799101473e-01
3.867825546692946759e-01
2.203362069336206597e-01
1.150715956597410661e-01
2.105480177102888040e-01
7.177081183010891596e-02
3.917712769569013376e-01
2.276135690648402043e-01
3.035108250045331357e-01
2.248869090376474922e-01
7.647413745164814702e-02
3.337449076403470327e-01
3.112968850589819536e-01
3.449110473041544500e-01
4.446822691949139927e-01
1.890465480708228008e-01
1.631864393737646468e-01
4.519613870273117562e-01
4.199485551230654479e-01
1.564828703781440400e-01
3.730177360260821251e-01
4.212289902246010298e-01
4.266025874045342725e-01
1.669748474275218608e-01
3.394549303431891318e-01
4.548513044848555009e-01
3.779679901432269062e-01
6.692146393496349599e-02
3.363835628659105348e-01
2.054617824902900403e-01
3.384587405820063122e-01
3.380801565718896118e-01
4.198575008932944885e-01
1.395957427833958986e-01
4.116312650522122585e-01
4.056381197466026323e-01
3.126299933119657259e-01
2.959733388605861326e-01
4.132754435637839840e-01
4.418157736308895300e-01
1.049227554715587152e-01
4.162788482193951478e-01
2.927072438993452153e-01
8.053728473255365727e-02
4.036343236854205152e-01
1.489457085372742629e-01
4.078010375855495862e-01
2.987510055877826698e-01
3.039585506298719264e-01
3.343362301539191117e-01
3.475643321834263055e-01
3.929243153038853853e-01
2.975197528777110967e-01
3.799767255610133621e-01
4.941181773906227481e-01
8.089662747928787201e-02
1.122217395229362646e-01
1.603345942925356593e-01
2.368220307973243621e-01
2.612148093510008873e-01
3.934600876379807932e-01
2.317204888797425866e-01
4.306637662537246558e-01
4.750668243093292831e-01
1.241640745365485549e-01
3.634134652093424234e-01
3.008498872199176777e-01
3.117465209854561881e-01
1.644535373037892267e-01
8.499349647131369812e-02
1.825673350642246784e-01
7.741740508740442561e-02
6.817382991743387022e-02
3.025702810623602801e-01
3.769500423674524425e-01
1.775889627582953323e-01
1.361417918052728326e-01
4.235332772767669285e-01
4.613909772361311501e-01
4.016585469370975159e-01
1.526207567584750013e-01
1.958126507419547524e-01
4.287865560234322415e-01
4.150775565121715416e-01
4.378766139804654012e-01
5.285371303347464744e-01
1.355757118787514481e-01
2.055008102453796670e-01
3.795770240929716710e-01
2.974662772047726444e-01
4.007323657292758967e-01
2.094052095725447149e-01
2.408381503406852586e-01
3.903281108366243313e-01
3.324556605902029838e-01
3.204753942322819960e-01
3.914120500771506306e-01
2.300725712565913905e-01
3.609854785240926289e-01
3.654143410076181042e-01
2.754567732321044349e-01
4.207422970286164854e-01
1.465683394381262772e-01
1.795263186372705877e-01
4.432246943254299909e-01
3.576009702027012627e-01
1.561828356769427439e-01
3.372667259510134241e-01
5.148390908443125635e-01
3.797370635123504812e-01
2.560425909800279620e-01
2.864271564882406862e-01
3.968238687771308837e-01
2.084077299276138051e-01
3.704498133928636472e-01
3.477766101234021079e-01
3.360858795487338679e-01
3.097889658710608063e-01
1.228259536517257722e-01
4.216834578354066165e-01
3.971183213659743583e-01
2.128492456821886591e-01
4.003492374928266928e-01
3.251358409789437132e-01
3.070231373679639386e-01
1.847978687255255326e-01
2.635771798062581106e-01
1.018848460639274339e-01
1.860464188928882823e-01
4.535715043385387668e-01
1.636197023930139050e-01
2.968971019026785951e-01
2.046803964655929120e-01
4.202571619479281706e-01
6.897246638356699378e-02
4.166022907482581084e-01
3.943936484834814071e-01
4.448649651840840269e-01
5.723115181410849406e-01
3.079580948410974295e-01
3.277502437148341885e-01
4.735879402879313860e-01
8.682806122038386198e-02
4.500130046362505465e-01
1.332436615621257758e-01
3.103368585140141578e-01
4.584277368693530641e-01
1.123982271423332457e-01
2.212627297882613364e-01
2.740553479177498253e-01
3.080426663287008093e-01
3.362412685009883440e-01
2.584522180282750603e-01
4.842292873680138499e-01
3.233315714316896128e-01
1.697781048043203456e-01
2.021604907700277620e-01
1.855545038198730401e-01
4.362425723128917493e-02
5.432874278790083000e-01
1.618075036853129089e-01
4.145962565560258883e-01
3.834898567316250562e-01
7.904045468920241346e-02
2.140253935278777497e-01
3.040075063286718504e-01
3.961990754143121518e-01
6.412627384616363668e-02
3.441783789374749936e-01
3.070528167424678712e-01
2.761328769141397355e-01
1.422453563493518702e-01
1.432031454893832323e-01
1.371295475859055368e-01
3.781195522071414405e-01
2.017331774840758762e-01
3.662798138909598156e-01
3.943263919421338137e-01
3.393246289682926298e-01
1.722134411958094469e-01
1.083643109282121930e-01
-5.180700137577337432e-03
2.103930202318055331e-01
1.861861539355985917e-01
3.363939815586798887e-01
2.096586873897479386e-01
3.664285016238392756e-01
4.113328872177559603e-01
1.612001143110226853e-01
2.082799465486926405e-01
2.157519747554105527e-01
3.089157701265172196e-01
3.904015316674632752e-01
4.026699148789438243e-01
3.583642145904427645e-01
4.055730985978195369e-01
3.808655374779402747e-01
3.670654351287900297e-01
-6.104327783083174364e-02
2.240441028481950647e-01
1.426900968594672636e-01
1.096736558068264200e-01
1.797185033959031730e-01
4.690126235969417912e-01
3.195101214751049912e-01
4.287735490468915778e-01
3.238110738832601365e-01
3.462296757317834262e-01
4.368933111588729767e-01
4.023656062523818799e-01
6.981640691286256084e-02
1.735668125147847851e-01
1.630263318241845505e-01
2.258749765336595661e-01
3.743114489860210892e-01
1.993642671518842391e-01
4.664660194928755832e-01
2.894916154925784579e-01
4.064164460945833279e-01
4.333409510167217649e-01
2.710357360799685034e-01
3.570034840220208672e-01
2.630193119599725238e-01
1.950679998153527772e-01
3.891686128378849530e-01
2.433002455844456013e-01
3.498566029269470912e-01
4.588617750459831335e-01
1.651578192760685404e-01
5.264311510329938715e-02
2.165657834273295168e-01
4.021877966135238291e-01
3.021081673924250199e-01
4.174175904270175930e-01
3.950276371828862487e-01
3.236548262498155082e-01
4.762139886877829187e-01
9.743756875876616319e-02
1.987941316631060551e-01
3.989148394224049099e-01
9.869949188985353838e-02
2.168427763451049317e-01
4.171957666243046869e-01
1.729659473748675624e-01
3.146416057992728055e-01
2.241663435323535680e-01
1.851360215948767429e-01
3.867467808366810145e-01
3.151842639723110850e-01
2.905497790075207143e-01
3.971042635578404534e-01
4.176251793328640827e-01
4.914080244434808342e-02
4.878664180773698011e-01
4.236240880302767353e-01
3.331432035280371684e-01
4.191789599383693998e-01
1.630130651894227123e-01
2.152517325027817896e-01
9.383935093332920752e-02
2.271974915620985636e-01
1.371860989722978319e-01
4.538720718411492494e-01
1.946603869455280078e-01
2.800719476727004387e-01
1.435208184441045531e-01
5.823338536726908599e-01
1.441641699426364220e-01
3.256673339729457273e-01
1.974139086115577479e-01
4.416031693547184944e-01
1.143055544224715059e-01
2.659327053338870206e-01
3.899761757970460208e-01
4.053783009090457523e-01
4.556156526067521306e-01
1.063491591817193466e-01
5.212562887294225344e-01
4.166701664362942870e-01
4.050297650146622019e-01
1.972194739795809504e-01
2.924075004734256744e-01
3.259733072045489233e-01
4.597266276208545333e-01
5.088630946406138555e-01
3.487551913394839609e-01
1.980706960330493871e-01
1.385259375773713053e-01
4.500675789605489974e-01
1.168646907492644355e-01
2.446704478275414374e-01
1.646455302854485658e-01
2.573457467983042424e-01
3.588566328809247863e-01
2.563078100696064565e-01
1.708816368924313545e-01
2.086876497626080629e-01
4.355398335939192900e-01
4.117571769667022763e-01
2.378330445046537567e-01
4.390398886619761853e-01
3.682233287899163710e-01
4.461303884886996807e-01
4.496766193192887062e-01
1.517225129734586786e-01
4.885047647860895070e-01
1.548188509578377892e-01
3.021820399074116592e-01
4.148869301177883773e-01
1.840050212259535523e-01
1.204214263533893992e-01
1.991349696901549837e-01
3.729726032946087400e-01
2.726033934994214203e-01
3.996552882414672325e-01
1.608252027760036784e-01
2.991771062225402900e-01
4.452845853172531232e-01
4.364264778750530649e-01
4.442320129599694467e-01
3.772327406294355701e-01
2.530901167617471414e-01
1.563719541201060159e-01
2.639558870482247022e-01
1.365970692350103044e-01
2.260804075128889645e-01
3.294298020957160955e-01
3.084337094522783262e-01
3.870135785387051608e-01
2.733986370908693120e-01
3.019616379181003230e-01
2.968899006814826880e-01
2.901406822934473606e-01
2.559232151666817057e-01
3.733968580241336377e-01
5.307608794188316548e-01
3.265296187611953505e-01
3.380633786177558164e-01
1.653661519711885630e-01
1.933435174554692104e-01
1.842106100415321635e-01
1.451358183920911926e-01
4.125644820932991563e-01
2.911526614984631944e-01
2.551228377861550767e-01
2.300397580587999480e-01
9.698051070659464978e-02
3.047603113397795993e-01
2.925384974236530655e-01
7.543502765532006382e-02
2.060250360248331580e-01
2.953493459653935282e-01
4.252545955240530362e-01
1.751467350353327346e-01
4.928797459066384667e-01
2.749424128468617168e-01
4.258900887308247341e-01
2.595611911811782080e-01
3.994106028974685474e-01
1.030160969368540541e-01
1.373986374833233437e-01
3.270792852166745091e-01
1.153016448772473113e-01
2.138044365232677213e-01
4.059141149842998009e-01
4.269262884298367089e-01
1.287098319574092042e-01
2.779301858949891346e-01
9.862408220794785518e-02
4.246326698535165534e-01
2.596491621822196172e-01
1.535172220112271113e-01
4.775785587789213027e-01
5.107934635226495379e-01
2.717650165199082535e-01
2.425196063364607746e-01
4.104414067711326664e-01
3.859025771067671751e-01
1.893757505476357794e-01
4.122599203435383108e-01
2.222825345061950897e-01
4.045338688475257349e-01
7.781744104485975588e-02
4.151842241758402774e-01
1.893388604917131401e-01
1.313332370288925466e-01
2.504814078715369430e-01
3.124164185331109733e-01
9.442386507390590489e-02
1.166088657439358217e-01
4.774269031085914827e-01
4.136690430221345860e-01
3.940710780585370832e-01
3.238703190888480576e-01
1.573330931592708537e-01
3.024188314008301459e-01
4.146880943246031848e-01
1.343680524457535053e-01
1.203558992642135700e-01
3.586154836686369363e-01
1.763651509906362103e-01
3.695477760014426183e-01
4.778557424026523559e-02
2.715309712918329565e-01
2.751341028524373900e-01
2.938042797188296085e-01
-2.252623061170470637e-03
4.202618678278928765e-01
4.162042151107917531e-01
4.452382337107546606e-01
1.159881808563088396e-01
3.226066390377489435e-01
1.502011941267652473e-01
2.973489574961714621e-01
3.621569189960976431e-01
3.020661060799622044e-01
1.721123250232508839e-01
4.330959246067949131e-01
4.239763427465513268e-01
4.451285716376084389e-01
3.082623970571136129e-01
1.738433328570870573e-01
2.491940775123279439e-01
4.326571433731841720e-01
2.939985674683993633e-01
3.277286722958766552e-01
4.592946439722657703e-01
4.162904027197944501e-01
1.305266700486292786e-01
1.513647105003723681e-01
4.157820022126932358e-01
3.309419431985184401e-01
3.744079635070348133e-01
1.203657071346680707e-01
3.681422258847134588e-01
1.637991037351084478e-01
2.895377091005439385e-01
1.619080592151924403e-01
4.228486883350021097e-01
3.583372415035421255e-01
2.230777931178213602e-01
3.539408364636392190e-01
2.501710312381462131e-01
3.234858679979070728e-01
4.482906606601553823e-01
2.825298948577051328e-01
2.219513483700276124e-01
2.198395896319547960e-01
2.231437266387083784e-01
2.607500209275383507e-01
2.790748169253514654e-01
4.168683952814992710e-01
3.510334275934902659e-01
3.285491780016444041e-01
4.055874134086735472e-01
3.500592205686833269e-01
8.257697146839979019e-02
3.964806838420289470e-01
2.454760239739403604e-01
3.780080050186284679e-01
3.870816488251845322e-01
3.428375123474537989e-01
2.866717611506460206e-01
3.708056771841460320e-01
7.349144819449195121e-02
3.137333196402302682e-01
3.583124674205419025e-01
3.213287114761529395e-01
4.006780389059825254e-01
3.708079267255526279e-01
3.979988814790653695e-01
3.094023662307411882e-01
3.956696019704223355e-01
3.194419682042148323e-01
4.297600761447791795e-01
2.254842970477699549e-01
4.144760957931383771e-01
2.518814821011405858e-01
3.976568168335085085e-01
2.046676659101245022e-01
3.307252143274339029e-01
3.710509583562138780e-01
3.499314349491830511e-01
2.926766018226921728e-01
4.070179177675586901e-01
3.079838948603677573e-01
8.050192117486672239e-02
1.354680981928001460e-01
3.056565085165793283e-01
2.086325895230924932e-01
1.472687401465305468e-01
2.333919612959468870e-01
4.149331455053765771e-01
4.124341339981793531e-01
5.515117925875970828e-01
1.791428259332893680e-01
2.509136551615986366e-01
3.317655093901006880e-01
3.355610135860436771e-01
4.372862757864813821e-01
4.010041230775928112e-01
3.931615761156387889e-01
4.059823227759478126e-01
1.034595536781351688e-01
3.945101261077745280e-01
6.050612530001673456e-02
4.362753135554192641e-01
2.820226722313300960e-01
3.121893040592908508e-01
3.445809055267962107e-01
1.928030004306374723e-01
2.457049447694292510e-01
2.415851115014172046e-01
3.825477572051805275e-01
1.188439650415471921e-01
1.827097919956075234e-01
5.211916207285791774e-02
5.258861403686077018e-01
2.289585727856074671e-01
2.882713959748379184e-01
5.212190067588740039e-01
1.358721928555468583e-01
3.414625511973548577e-01
2.196587566428060412e-01
2.537782405074721082e-01
4.385121112949654232e-01
3.647140242301655406e-04
4.221702586621718933e-01
4.027396179666890563e-01
3.312989845385894139e-01
3.672862217300990606e-01
9.062554731226263316e-02
1.608795331676267371e-01
2.177523172777099530e-02
3.590274639250149447e-01
1.581303793860567020e-01
3.667317230923820559e-01
4.368553642964794759e-01
4.315999312745111283e-01
2.245850861053790004e-01
3.896806794095380444e-01
1.605737199299674400e-01
3.977530564271694602e-01
1.337296470929880687e-01
7.348293789421653233e-02
4.142561589729414351e-01
4.213427918091085522e-01
3.339111379457209150e-01
8.821666367985921131e-02
4.255780275968802373e-01
4.117459740712512972e-01
4.042643483440005459e-01
5.292855118696190853e-02
2.264628846536514417e-01
4.888747880829011905e-01
3.325465497639809587e-01
1.121020340955105055e-01
3.492815707511112699e-01
3.820512630523802411e-01
1.743380759610227149e-01
4.352063500343402169e-01
3.016406147997326981e-01
1.826025246295349125e-01
3.816735754398684621e-01
1.822917862411651269e-01
4.451080649449465354e-01
3.181126610314192749e-01
1.938524181096139554e-01
2.841037539563129322e-01
4.404259202021682529e-01
1.371839524145450073e-01
1.495765332900505229e-01
2.034508255798278820e-01
2.743839889220396899e-01
3.925098085871221443e-01
3.231769582799451923e-01
2.423699760666440661e-01
3.940014581004253058e-01
2.784338637592746468e-01
3.408377340180102633e-01
4.350453227685358581e-01
1.957842457331140373e-01
2.206775839962826502e-01
3.422624454011498618e-01
9.237018969743221453e-02
4.392183158500729268e-01
3.844791450942880440e-01
4.039456131473294631e-01
4.013878175996609676e-01
2.954000857045479544e-01
1.449310707894843064e-01
1.979289042217186878e-01
2.022327005756482596e-02
3.297450299977591204e-01
4.029850180554174766e-01
1.424086114405798409e-01
3.068602919137200513e-01
4.558232269903267353e-01
3.445225251639910113e-01
1.369617843924963163e-01
4.010936657463220478e-01
2.305387601664618813e-01
4.449175002079805430e-01
1.172942644890728747e-01
1.800960925059193751e-01
1.212024738016906911e-01
7.112996239454551228e-02
3.851196993957946568e-01
3.871623159792466073e-01
3.750172272294645115e-01
4.082594646315451659e-01
2.283404637081574429e-01
4.114569353853649858e-01
2.823660757473699379e-01
2.511873427273095816e-01
2.794284068607950089e-01
3.780506729886260464e-01
4.104291059089431037e-01
3.912899623954994022e-01
4.100590483810619413e-01
3.201018349282360731e-01
2.823046005017120219e-01
2.890757108204318193e-01
7.490273950469426845e-02
2.567365886112989437e-01
3.105732960996668846e-01
3.912392373445857108e-01
3.634522746946856619e-01
5.336251497766280050e-01
1.709365117707059567e-01
4.211205251185954346e-01
3.038908364709912435e-01
4.138741015673285117e-01
3.785967553888972548e-01
4.108927559937511909e-01
3.884101746375145936e-01
9.054905647314803740e-02
5.662544345165557158e-02
2.234470515058269990e-01
5.699304903837436598e-01
5.822278092634390889e-01
4.266148924989287550e-01
3.708007444248023754e-01
4.470619013619274718e-01
3.983181639164330989e-01
3.841500536506166630e-01
3.948216822400874015e-01
1.504839535275130091e-01
7.848388859862213962e-02
3.516685619834496873e-02
3.934598400124991180e-01
3.253458163504744372e-01
3.007157674210911291e-01
7.601921643995485089e-02
3.128054638899841478e-01
2.176932629284869802e-01
4.289895836911419291e-01
2.392325548499998622e-01
5.650494736458310241e-01
3.188486290864771533e-01
4.006639433399417083e-01
9.789964686988143761e-02
2.107471742952733151e-01
2.360532336814862714e-02
3.049609599066714916e-01
3.342498978201041138e-01
2.316799495221189831e-01
2.317445153561863980e-01
7.201639539736950923e-02
1.651658563992338957e-01
3.800748196902857257e-01
8.808302226541452062e-02
2.765397674046689569e-01
2.432409556295141995e-01
8.956886187415243061e-02
3.284599339108251193e-01
1.496076166777999261e-01
4.414100898996614064e-01
2.292710263268977477e-01
3.814772060263550979e-01
2.941846839167914021e-02
2.441033125312167540e-01
4.174262793097449631e-01
3.289380276812770565e-01
3.104672636816623865e-01
4.557640957015887118e-01
2.466237661728460651e-01
1.068457256761797258e-01
-4.871931867321504378e-02
4.231626455797478092e-01
2.427480650747506352e-01
1.652007797246218268e-01
1.997724067237640344e-01
2.383960782964772152e-01
-2.653223534342859236e-02
1.825953094410253941e-01
4.172893757781137580e-01
3.376045599683258902e-01
2.780028121915874006e-01
3.496355456512362792e-01
1.228674001326893611e-01
2.548290494460274114e-01
1.429442565336409843e-01
3.784288843987384521e-01
4.341350231172431129e-01
5.638130528118808771e-01
4.198711124112673998e-01
3.406017987162496818e-01
1.587306292795526430e-01
3.275948654105169666e-01
4.271333913789738257e-01
2.744296997229183632e-01
3.577268067673463059e-01
3.919095364538041082e-01
1.073090521995837682e-01
2.922715020527624774e-01
1.655386107544955243e-01
3.929809763126842492e-01
2.926576483492461800e-01
1.552178541535552680e-01
3.355826557129056864e-01
8.579204109963674274e-02
4.127618798496304753e-01
3.473929000210108087e-01
-6.093010916064521380e-03
3.685687482462465248e-01
4.674328172545688664e-01
2.896805575523767051e-01
3.013547924236381625e-01
6.928310914796298459e-02
2.801947792629152501e-01
4.012174142572238478e-01
3.973206436869388680e-01
1.738369079343076440e-01
4.209851887475612453e-01
1.761848823784649409e-01
2.285770529530073703e-01
3.977606269289931662e-01
2.490323706871839515e-01
2.138769261186088400e-01
3.482781954112939560e-01
-9.044885004312494536e-02
2.449539352297785688e-01
3.529308664771764192e-01
2.964136852631680252e-01
7.377835618042769862e-03
4.577786457540518605e-01
2.824416782798596648e-01
8.305042514996521796e-02
2.739293072114543648e-01
-4.263722894905288413e-02
2.833220551633717221e-01
2.782201121250810205e-01
3.254873581297755836e-01
3.922907912341963010e-01
1.739532401284209218e-01
1.564419205588787887e-01
1.421833082415604743e-01
2.043973507478819840e-01
4.163207481271790633e-01
7.605297845556613368e-02
2.197240106043534813e-01
2.136097602147542240e-01
3.330459373342308238e-01
4.115847408381394512e-01
2.453803483423348530e-01
4.762543992328549525e-01
1.824233673186597682e-01
5.426770382474330016e-03
2.814940529874723207e-01
3.995536988917985921e-01
1.699594389778178172e-01
2.048681696899657401e-01
3.521476694006991370e-01
3.949975561638343069e-01
3.450361911979229479e-01
4.775148069181928134e-01
1.331910594038409335e-01
2.633582623250705912e-01
3.715214147394070854e-01
5.288943792810669731e-01
4.704981174096400931e-01
2.184293341591000692e-01
1.188845137141709002e-01
-7.148644046236891925e-02
2.641350639356410124e-02
6.202735092928426952e-02
4.153183333734083438e-01
3.503553731761653856e-01
1.791418498706501550e-01
2.267745591891588974e-01
3.110890661618411213e-01
3.756800494640206156e-01
4.226583656635622965e-01
1.763877933778729493e-02
3.690181059259914909e-01
3.138412429410180615e-01
3.990670009657026340e-01
2.177226780235753389e-01
2.836011474415163214e-01
1.217385557246900146e-01
2.369319114514084335e-01
4.058847915299335640e-01
8.790909899915930192e-02
3.210108441719416450e-01
2.855644584998638935e-01
4.054373171813904775e-01
3.572411053180546414e-01
2.970718295835059197e-01
1.380572318151544048e-02
3.049449778560211488e-01
2.028816896382771295e-01
2.086772702384805667e-01
1.930465107724317342e-01
2.097161871790380605e-01
4.153056962583864253e-01
3.621673415891343284e-01
3.466747527851766209e-01
1.104716912687377511e-01
4.457766120872851956e-01
1.712380372609136614e-01
1.435393672025793155e-01
4.019318910718245874e-01
2.905956880581566648e-01
2.507284822796692625e-01
3.199010592914652285e-01
3.987117327535361633e-01
1.897401170046278396e-01
4.736132385834543324e-01
4.325305413603343641e-01
4.187972143881720788e-01
3.743909340064059399e-01
3.317210934572212278e-01
1.585645293426880542e-01
4.007134513414873922e-01
1.965626463106500965e-01
4.262177089438780042e-01
3.972382899369666376e-01
3.948115463581898799e-01
3.768194083080532719e-01
2.474646558373322924e-01
2.023844006348580749e-01
4.263587585426389381e-01
1.136900583010953397e-01
2.653532250354460539e-02
1.169492248108985472e-01
2.772290670809864355e-01
1.717073056392826036e-01
1.048730463158013826e-01
3.115797211580713655e-01
1.566531364643657942e-01
3.177748369514899474e-01
3.745591768497092966e-01
1.584223447661412820e-01
3.029175865468856643e-01
2.500247278133563844e-01
4.485559153500460750e-01
2.564658892312346450e-01
2.609622663376251483e-01
4.346272456475002155e-01
1.064496536921243630e-01
2.251825522116117709e-02
3.017680597682268484e-01
1.752762552779708605e-01
2.962817162542992211e-01
2.545715617728248545e-02
4.567910325147042094e-01
1.041752224393196757e-01
3.982644703471781567e-01
1.233684838213104790e-01
9.818893193648325912e-02
4.098036011207710771e-01
3.263395639634333878e-01
2.890185394575067734e-01
3.271945717864662151e-01
3.791003998104652273e-01
4.257490248587451065e-01
3.643698367266849369e-01
5.514921831638762706e-01
1.599756819859400048e-01
3.843603316040550832e-01
1.597186048703298222e-01
2.609505333377583058e-01
2.230192864527429930e-01
3.334495864536762277e-01
1.225283304775008353e-01
4.528465645589855315e-01
3.205328726375267223e-01
1.876186667661770280e-01
2.839147772920154744e-01
4.144377392574550845e-01
2.246697101221143689e-01
3.970741689500912330e-01
1.082776413664980064e-01
3.057171574242211198e-01
1.660796788217472619e-01
1.667519463471212326e-01
2.608671817469255805e-01
4.080630007817723781e-01
4.104952881341091264e-01
4.239284810727305119e-01
4.196683218300191753e-01
1.783047517638910173e-01
3.008282355083562454e-01
4.107685194515297566e-01
4.212334100573018603e-01
4.336976509589268725e-01
3.676252479636946680e-01
4.960278968883022888e-01
1.164161542832482105e-01
3.147002660270032393e-01
9.646613094967849966e-02
3.845495737977208672e-01
4.484587757074661729e-01
3.979555199668549648e-01
1.312314221535281211e-01
4.061679081993156970e-01
1.263404285059162857e-01
1.713912362753145791e-01
3.506947719475269620e-01
4.433467877122594381e-01
1.337721545037104109e-01
1.970168895316090352e-01
2.041151907279734889e-01
2.454841937321267098e-01
2.053532857464779038e-01
1.951477119018315554e-01
3.018148648015456237e-01
1.115550997020739628e-02
1.434844878690791636e-01
3.267009908843896415e-01
1.153300650203699512e-01
2.146397917240075170e-01
2.270661248074042626e-01
4.079932210994159925e-01
2.451668543488039753e-01
2.128260903760888778e-01
1.839074295672882831e-01
1.057130348785039198e-01
7.714117129027245334e-02
1.112621292070266332e-01
2.438586665218288041e-01
1.441235085771829239e-01
3.600253988068636279e-01
3.291557699994778763e-01
2.213502327261069880e-01
3.616334688511853024e-01
3.860739373424446619e-01
1.240127273192734719e-01
2.096766273486528331e-01
3.591987595158364632e-01
3.059293546203652459e-01
4.377592185485894016e-01
1.435717632377379038e-01
4.547878573013910963e-01
4.159560725532569503e-01
1.871358065371405421e-01
4.339754143039716294e-01
3.826540892798922511e-01
3.108731378621131802e-01
2.179650391765034501e-01
2.829940046968948408e-01
7.491755960762530586e-02
3.724311295373189390e-01
1.428783289046471061e-01
1.873605562871920038e-01
4.094225294869733855e-01
4.024523421393863543e-01
1.061605833891775541e-01
5.194602319003469582e-01
3.158632634161055441e-01
1.170649562886422017e-02
3.966147153661885860e-01
2.676738083094615805e-01
3.140712062696591755e-01
3.664683636834484282e-01
