2.438613791992317315e-01
3.863574248691584168e-01
4.149005545398371519e-01
3.615676666946204820e-01
2.249303049054039438e-01
4.165014465156135492e-01
2.012178935860720053e-01
3.237824831604946829e-01
4.009721385206349020e-01
1.144984308561676767e-01
2.057950160437721221e-01
1.525749563085000982e-01
2.645793305036338028e-01
4.280815542443740518e-01
3.774265215932088857e-01
4.032208900815648644e-01
1.588918300657599092e-01
3.251832693081715964e-01
3.098508687561334352e-01
1.586919026126513144e-01
1.579021744970793284e-01
4.159307692786693433e-01
3.290027180127066964e-01
1.985051990883484330e-01
3.192800411384447146e-01
2.373856675590628185e-01
1.041849960942643205e-01
3.195924732127052303e-01
3.667588897819130112e-01
4.220895667787553651e-01
4.007474956130122612e-01
4.267059308786773086e-01
4.224032100104908038e-01
2.324324884852058681e-01
3.664957093703533619e-01
1.616108707962954083e-01
2.172567884177283026e-01
4.126116449553970944e-01
2.849155768164692293e-01
3.926133468256771675e-01
3.798252912930913938e-01
2.717782839015297491e-01
1.932823268255940696e-01
3.019715226891709348e-01
7.634679322622862918e-02
4.113128639922710716e-01
3.607224151827904679e-01
4.003988527932154651e-01
1.582484589829070976e-01
3.446194163512451558e-01
4.067256494113904441e-01
5.101143087527842956e-01
4.289137107124575965e-01
1.419710573545026056e-01
3.552614436545424859e-01
1.764702946663476990e-01
4.053304915154036792e-01
1.044423433656236910e-01
1.795265962201245402e-01
4.473847909656616384e-01
3.254160092951963734e-01
1.499321741852056855e-01
4.137328544034316602e-01
2.238867032459065098e-01
9.985487684407207132e-02
9.318283860515920447e-02
1.015557033358902156e-01
4.107574435222272613e-01
3.398972566708270415e-01
6.841718823178762066e-02
4.279961393032198358e-01
4.290571909246093663e-01
7.186796566302308675e-02
1.908293754421525601e-01
2.807356362437586905e-01
1.385362725129376249e-01
3.640080463132635558e-01
2.829705811644334101e-01
5.629376609678912180e-01
2.649357713685085436e-01
2.396814305303545944e-01
3.881185803637148823e-01
2.999836476436050225e-01
5.918011264463354099e-02
1.359401505321808645e-01
1.658816003442945275e-01
7.986886391842074051e-02
3.297500467373264410e-01
1.391415183998982175e-01
1.602733255743299945e-01
3.457290469637020469e-01
4.008123841941991783e-01
1.314592908467249188e-01
3.246344183819890872e-01
4.393012039366659960e-01
3.432431101898167913e-01
1.607146986678214054e-02
4.013406693428193117e-01
4.784535637573678057e-02
3.852458227960554038e-01
4.020741007511555720e-01
2.247650759158627831e-01
3.333788271403509418e-01
4.365353365761187598e-01
2.584827556275550164e-01
3.129908228488951227e-01
4.275401883460721586e-01
1.216970231059080754e-01
2.924568463234327176e-01
4.132272010745022262e-01
3.987152564375853192e-01
3.869987860695828785e-01
3.924207608374186140e-01
4.328354296537514911e-01
2.894367702086193539e-01
4.192687464360435046e-01
4.006525738532861758e-01
2.588061648018713523e-01
3.229275696284985564e-01
8.667944360933151071e-02
3.943013756276386172e-01
2.200044370851079734e-01
2.941874636378184471e-01
4.591483839898149455e-01
4.507325796811100238e-01
4.192279467978156093e-01
3.608284135979326068e-01
2.499721057595591100e-01
1.368712735446469264e-01
2.355850924933348411e-01
4.161998505457084607e-01
3.950123412473439677e-01
2.204538935163017355e-01
1.140580774258435071e-01
3.975731334658150762e-01
3.533777137125274637e-01
3.162697203130885870e-01
3.189049215615079591e-01
1.956448766516551141e-01
9.009317186203671945e-02
3.385620331037211272e-01
3.811600659145352177e-01
8.198184509984828006e-02
4.415151144719973719e-01
2.883252739976918666e-01
1.724018342048135310e-01
1.649771610780214615e-01
3.309535145447531357e-01
1.064076875627806840e-01
2.727449136197913071e-01
3.917745272903014886e-01
2.218824259373803620e-01
2.442747797415794828e-02
1.129100253372154472e-01
2.158807465357155397e-01
3.260363003388099257e-01
2.043792900466594453e-01
1.031560809327966149e-01
4.542853938309724393e-01
2.993653669388340322e-01
1.604502607857059004e-01
9.280947191311718358e-02
4.311463818032260642e-01
3.436528806543210357e-01
4.132608237022360465e-01
1.071382670043805607e-01
4.146922877758315029e-01
4.639495589781070239e-01
1.404375584086833550e-01
3.793965800517560827e-01
2.629016757073365795e-01
1.008452718245985008e-01
3.923622130120725804e-01
3.987488901022457899e-01
3.092710180904875150e-01
3.113595060081607580e-01
8.378657012260029568e-02
3.166622540026519661e-01
4.036616029018124108e-01
5.707098650400729140e-02
3.649750790530956884e-02
1.411103474444001526e-01
5.363081611033109208e-01
2.195832471358407645e-01
2.770080420447191827e-01
1.519932726831895731e-01
4.063980259619451862e-01
7.135862178914054166e-02
6.921177879816126088e-02
2.443177290624419240e-01
2.701870559997835985e-01
1.791482963486302760e-01
2.698110749824249588e-01
4.082368957970222700e-01
5.260877690228827896e-01
4.832747838297571930e-01
9.149507900462623688e-02
4.044920802633288348e-01
1.515058105795877019e-01
2.040692181060923815e-01
3.564723657856178063e-01
4.121144630485465976e-01
4.068900487487255857e-01
3.999718112812087889e-01
1.644818510038454917e-01
3.747610851407023880e-01
3.395175077255523366e-01
7.277423144210935779e-02
1.685961279935841439e-01
-3.271768818051324257e-04
3.672770803956182384e-01
1.822114670407372905e-01
4.178637856538534034e-01
4.191899909731057194e-01
1.821106872869799054e-01
3.068894806014032528e-01
4.082397316855290170e-01
1.865036610044828180e-01
2.983800480524747556e-01
4.692579657703312840e-02
1.344063995678926871e-01
2.489728243104233352e-01
5.359842297962685853e-01
3.399149373086348680e-01
4.241801107181893404e-01
3.593523971028481645e-01
7.729272920496642330e-02
1.728930434124309468e-01
4.239419203150666671e-01
3.399757756074481274e-01
3.719051142405398469e-01
2.480504468590371547e-01
1.874673269345145110e-01
6.195669260798689071e-02
3.201664959661687515e-01
1.550362543469590015e-01
2.905211895710136383e-01
3.958886845283489109e-01
3.114590361826611309e-01
1.502392993493471274e-01
4.759052929036319268e-01
2.952347752813672122e-01
4.591194238826911689e-01
1.339746993940510444e-01
3.725874535994058712e-01
2.146574057045873840e-01
3.189842330822360572e-01
2.170808205296958227e-01
4.057835418354581170e-01
1.766832940520444151e-01
4.222731562688557261e-02
2.691932671435725011e-01
3.456529112563732631e-01
3.295437684042789583e-01
4.111086223456165145e-01
3.532334881343983657e-01
3.794583707419053598e-01
2.386177179308500429e-01
9.626679739006500924e-02
3.686693193357030718e-01
4.572202431562233937e-01
4.433685287150468390e-01
1.897304113969000006e-01
3.537637683112372922e-01
3.919584609089734051e-01
3.642838425750898335e-01
1.450306538250542843e-01
1.850576947412339301e-01
4.230626096152639293e-01
4.294911612614836227e-01
4.130409729368730853e-01
6.520315345764490789e-02
2.628311557003057963e-01
3.891968654406687822e-01
1.195101317760636078e-01
1.554857360054136550e-01
1.392457069042958850e-01
4.420415693164540527e-01
3.787743067595229496e-01
2.769425752281581832e-01
2.224561108664942222e-01
4.168497324194597176e-01
4.006194590071616712e-01
1.566279640561939746e-01
1.146014612301289454e-01
4.324538683289460006e-01
3.253580860935099683e-01
4.142263557027122678e-01
4.173500066781384299e-01
3.781664732526664463e-01
2.271544404686361429e-01
2.796968362852876866e-01
1.277305630235828493e-01
3.795754020796791584e-01
2.412209904293277085e-01
2.713995542952644668e-01
3.670226999621657993e-01
3.613897982613074045e-01
5.544917912412035133e-01
4.318575874968317296e-01
3.138639322066670845e-01
3.635374323011821285e-01
2.363857288889535113e-01
4.683401139489898890e-01
3.681183089476918191e-01
2.225208577673593591e-01
4.076302282833750290e-01
3.191472809354577445e-01
3.076025066410431053e-01
3.265459983901575214e-01
3.600902932384514865e-01
1.330048215829683911e-01
3.133101497659070422e-01
2.416732744713332992e-01
2.599527425583389451e-01
1.239799395147117289e-01
1.927258727276626171e-01
3.575485183291843283e-01
1.582117393199123367e-01
3.132019375134010297e-01
2.066640034569452167e-01
4.049473552294666212e-01
1.896765708622535906e-01
1.302365125669172341e-01
2.792006701698630522e-01
1.563128979737518909e-01
2.176025771131940567e-01
4.242791071369597655e-01
3.376485710410114249e-01
1.436621931757868231e-01
6.111324746450432638e-02
5.683460651290686005e-01
1.557653614376511841e-01
4.216567639910481224e-01
2.293828735455477330e-01
3.787287596868866846e-01
4.096412110849733668e-01
3.915587591919784671e-01
4.189131096278705946e-01
2.249440418698732680e-01
4.007429006832047835e-01
4.254900787267438811e-01
1.048828491812586194e-01
1.954832148870461472e-01
4.100494623538700201e-01
4.290534348842101053e-01
2.507173145644219225e-01
3.573856424196616977e-01
2.465502610713379839e-01
3.236570605220904784e-01
4.278007899340833808e-01
2.077649953092588209e-01
5.003598056765662383e-01
1.673106162947884668e-01
3.122617055511203721e-01
2.760117453166308632e-01
3.411723405226355088e-01
2.706351696861596934e-01
3.261788726185236853e-01
4.050600387650081236e-01
2.113035095854612078e-01
3.954775590321477075e-01
1.829771352371479254e-01
1.537174002017327734e-01
3.172015745426899347e-01
2.331683005762502925e-01
3.884367938581417268e-01
4.203708616275793064e-01
9.729183651567550883e-02
3.391392935977004530e-01
4.272633557541782867e-01
1.833048251571061937e-01
4.494527832275995727e-01
1.616373949375339014e-01
2.869056404513919967e-01
4.115604364469040433e-01
2.891299036239018405e-01
4.869039519774409075e-01
4.312385072787554008e-01
2.122128783176341349e-01
1.557920364445484207e-01
3.771041628614963948e-01
2.922407596479568714e-01
1.194956536933814567e-01
3.041320791859639106e-01
2.979127442885380339e-01
3.401677281756994020e-01
9.117018043129229699e-02
1.535306879330513574e-01
3.142818548937143519e-01
8.597827438229932451e-02
1.520595373948599172e-01
3.302125652467096106e-01
3.948106805403402975e-01
3.314950436733909989e-01
3.777927759870376989e-01
4.138228834230461839e-01
4.310508050060537499e-01
3.811279139365286173e-01
7.118939889994628512e-02
3.055880414894119462e-02
4.484977163911628151e-01
6.432020547591445377e-03
2.644875027761702246e-01
2.989818868899754567e-01
1.317744511009136255e-01
3.175134929849401377e-01
4.410295918541108362e-01
3.894010671718217687e-01
8.525965859573593486e-02
3.363271443375598357e-01
2.576500095552330949e-01
2.088816110515059610e-01
3.851506892601130883e-01
4.799566374777655686e-01
2.311440263016186769e-01
2.509889463625118999e-01
4.728550989817399963e-01
3.820085672411128175e-01
2.449840932998559040e-01
1.281403424504034272e-01
2.923127850751829904e-01
3.533390957759502959e-01
1.899534689288475131e-01
2.894162008575407730e-01
2.979206148619910066e-01
4.157473973814737600e-01
4.073470778393377678e-01
3.849189711846145445e-01
3.363009176124494570e-01
1.723706340579982121e-01
1.055249005007889984e-01
3.949994442458937272e-01
1.916348261991068780e-01
1.508557722542895607e-01
3.150032021121574877e-01
2.755817180255255017e-01
3.089809750442779057e-01
4.291926067947090528e-01
4.025467305790506600e-01
3.938915439206392977e-01
1.821094387865202224e-01
1.994120175695429098e-01
3.476605297869754252e-01
2.735217919312966650e-01
4.049849795314555689e-01
3.829778503859080363e-01
1.324093603048946688e-01
1.868431576403972727e-01
2.414862127552982463e-01
1.944396803619369840e-01
3.487604851639987680e-01
2.551664845572774176e-01
1.195991031049046041e-02
3.092398942063456779e-01
2.384330454189848292e-01
3.301461611419753139e-01
4.277120527950293294e-01
2.254991764845546698e-01
5.704249509620664682e-01
1.931248061490502266e-01
1.807693602994479010e-01
3.380137500398613382e-01
7.779761341363096439e-02
2.379901689098901651e-01
1.780017678797161662e-01
1.754618145612493463e-01
3.361448889126264494e-01
8.255841802130582663e-02
2.278782682570853757e-01
1.670781426306704454e-01
4.495063947252723180e-01
1.561639735122812289e-01
3.069491239869400201e-01
3.224489519774615398e-01
2.653636820592334411e-01
4.502305933710532004e-01
1.525067431228653847e-01
3.677437583118751685e-01
2.233949421919576017e-01
3.208876214710124630e-01
1.281698991739482762e-01
3.803489747071823746e-01
4.054740797732582225e-01
4.026290379199911618e-01
2.600832001098964397e-01
2.280625448503269259e-01
2.936333382224887711e-01
1.867628132956929976e-01
4.259173013937191943e-01
4.028295838559131092e-01
1.733612660212556222e-01
1.252468603560037697e-01
4.567304376299137769e-01
4.066863493222108716e-01
6.185013979474260348e-02
5.349083582379169366e-01
3.327995654980525631e-01
2.951279356739993642e-01
1.621500201809862318e-01
3.370729515430085366e-01
4.029074506180500559e-01
1.557087778533075284e-01
1.830851715627031528e-01
3.190883741195507661e-01
1.528109695326223538e-01
1.853490399788169929e-01
3.281587976745555801e-01
1.625169170401230267e-01
5.639293772884439448e-01
4.132500877600643885e-01
2.288243190032632213e-01
4.461972010634497887e-01
2.758583521187088494e-01
1.470575009483567064e-01
2.375476522108274924e-01
1.560940319014068600e-01
3.170425434461399683e-01
4.237631188672774663e-01
3.734256011685155308e-01
3.141915198068468973e-01
4.369882909661944037e-01
3.878094632677104858e-01
3.117107664052258253e-01
5.351888070907499101e-02
2.636637139581600731e-01
3.238651186217952893e-01
4.269100105397620748e-01
3.180651450499075161e-01
2.270068984185314998e-01
1.212011156528917666e-01
1.547901434137681220e-01
1.424501298430949081e-01
4.171811816162093178e-01
4.186176704788598935e-01
4.432184485115348710e-02
3.475434962086225155e-01
4.351362684546975501e-01
2.874254247392134531e-01
5.000750811842258337e-01
1.469171425838046441e-01
4.352038259597568182e-01
2.949768357502683402e-01
1.982009846283466215e-01
6.875649845878289979e-02
2.092753933245134201e-01
1.524520700730507827e-01
2.960081172122084880e-01
4.097819618568712130e-01
2.644357748586526613e-01
1.959125500051814850e-01
2.108663577559420077e-01
4.038613923518459270e-01
1.742864816224737878e-01
-3.728907289896628459e-03
4.235912613060263676e-01
4.010137248718227965e-01
1.989281793432931267e-01
2.775870811487606282e-01
2.823138745127060645e-01
2.705481093871609510e-01
4.808512279311504822e-01
9.679195759472962457e-02
2.629848869819037538e-01
1.518945538732057454e-01
4.065555885871086628e-01
5.646065855137324396e-01
9.505026354712992065e-02
3.726952727340120952e-01
4.331827623986557740e-01
3.213824989007764699e-01
1.683435513870816247e-01
4.930740505850280120e-01
1.882730129522732776e-01
6.447440187216836593e-02
3.766827199549991345e-01
3.277504675704687176e-01
4.560418694611770296e-01
3.755211427611023778e-01
8.912540928209185254e-02
8.357919716812321764e-02
2.911739189510891834e-01
2.598758144743640863e-01
3.635625948342090519e-01
4.487061278799808206e-01
2.464242332276261882e-01
2.866985596279734150e-01
4.310825987611052179e-01
1.925045378431651799e-01
2.160844431666929244e-01
2.596458556891194647e-01
2.897416212990878148e-01
1.504804572490654746e-01
2.127344005687159811e-01
1.475697379648029384e-01
4.049423137812909745e-01
4.186179868984180596e-01
1.434101057053338846e-01
4.183533019794915542e-01
6.026012439896797496e-02
2.562293209243888814e-01
2.317236401297563253e-01
2.571099376328480068e-01
3.330864707377229617e-01
3.233784630177488628e-01
2.509778845146266035e-01
3.033746829793471655e-01
4.629311709700335564e-01
2.273485508805201394e-01
4.544265475751689265e-01
3.121334270042203096e-01
2.987209841515375830e-01
4.318677259512460065e-01
2.781533125529507822e-01
2.123102361262299287e-01
3.797924000069694550e-01
5.879000172773078958e-01
1.218125940840215637e-01
4.329675133678220211e-01
4.527096977894483065e-01
1.543835951509488491e-01
3.326721548851044319e-01
2.464532054089817459e-01
4.902931964888530003e-01
1.845684466212113017e-01
4.658447128030588358e-01
4.085776695163393923e-01
6.469406268621513689e-02
1.928099133380577757e-01
3.752305009408770653e-01
4.248151917413928724e-01
1.274192037795642517e-02
1.934173454700656158e-01
4.393653279695103331e-02
3.485029789774928277e-01
3.295779728357165483e-01
3.663363528711827133e-01
1.404943422966484501e-01
4.750537878733228081e-01
7.961392922690241347e-02
2.839210944802836312e-01
3.900622190831920522e-02
2.323405585209482871e-01
2.567002143034891049e-01
3.919404627728100832e-01
4.323982572466916752e-02
1.483886298727349062e-01
4.040339198462449821e-01
3.054284295149530815e-01
3.554567577138121881e-01
2.008565206257288682e-01
3.979728396017299108e-01
8.725155708340515126e-02
4.171512613379609324e-01
3.774133755347958696e-01
4.187856269429617306e-01
1.744773841889759314e-01
7.795948309568107026e-02
3.248182422122856128e-01
1.905946940348383911e-01
2.090722352882944390e-01
4.611938441170856384e-01
4.406529001375124599e-01
4.079417823825698397e-01
4.109186745147600517e-01
1.558901903225965169e-01
3.649711536544803514e-01
3.003809096189239969e-01
2.369379555379808600e-01
-7.148735146523010897e-02
1.097224663140267120e-01
1.072333554797878369e-01
2.245656553885868323e-01
4.497380038837318073e-01
3.451988178637679372e-01
2.718579042279963831e-01
2.509194302956958555e-01
3.895437538870379912e-01
4.561683962486584587e-01
1.852482901409396865e-01
3.011078616874534597e-01
2.924777206370343108e-01
-6.745712841266434398e-04
3.296873498781578982e-01
4.339352039587905940e-01
2.182001215644903680e-01
3.002740513400637412e-01
2.516501061444348930e-01
3.174061699103953305e-01
2.096029785440779725e-01
3.264491799802315963e-01
3.216054305453728834e-01
3.340970972138591621e-01
3.623408227403817072e-01
2.420871809618536097e-01
3.837972562162957901e-01
3.033489099715025450e-01
2.135728538368352747e-01
4.020238091278192094e-01
3.924275284650683426e-01
2.894789750789262261e-01
4.253156263259531000e-01
1.727204016899904770e-01
1.949038022961045724e-01
-1.282315276477273905e-02
4.013973424673422108e-01
4.081282893478190843e-01
4.171598171136934319e-01
4.010654034136160173e-01
1.877681309012034228e-01
1.197290020806136002e-01
4.642528611904814806e-01
3.235839775622798564e-01
1.710258603959501911e-01
3.994286303686210848e-01
4.031889540289950724e-01
3.929317602580753577e-02
3.831906483476937852e-01
1.163875800951266054e-01
3.304873950928344239e-01
1.734644473438600454e-01
4.116096495633461139e-01
3.649830201555179787e-01
3.384321673969810651e-01
4.556370419630990098e-01
1.799159694484045724e-01
4.550463802128975055e-01
1.892975544203725213e-01
3.865551225311502082e-01
3.790550845547803749e-01
3.742502450786401869e-01
7.166318735618423807e-02
3.968012947145900804e-01
3.855247658474834083e-01
2.942832321289796105e-01
3.301991338878924043e-01
1.038334362064609190e-01
2.335841355155593158e-01
2.345909861439547384e-01
3.942448463980839923e-01
4.622191009108055360e-01
3.074068292345309428e-01
2.058602913893649022e-01
3.198314520507143932e-01
3.610075860690223348e-01
3.965142530485484262e-01
1.914417573504948178e-01
4.216499948696790234e-01
3.509179503047765158e-01
3.159336458972216155e-01
2.860498536536955072e-01
3.087274320272604400e-01
2.618801613238264658e-01
3.748157788380757083e-01
3.378397504020155817e-01
5.795723462508460821e-01
1.646907159869086534e-01
3.398304374573241082e-01
3.562050790564611491e-01
2.478853897250241356e-01
1.381422492791339607e-01
3.346246756672374145e-01
4.302189711813592110e-01
4.068319999916257257e-01
2.165088774485501022e-01
5.066609741569316760e-01
4.148892509428037667e-01
3.536778089093641775e-01
1.448964486975073962e-01
5.658793263836877641e-01
3.479494302208334666e-01
8.141473683050888532e-02
2.089509338216967438e-01
1.762187452460679260e-01
2.072655371192754226e-01
3.064881445064386312e-01
4.361685527080370189e-02
3.934220434556195967e-01
3.952263577937093486e-01
3.942368060385266215e-01
4.160302240203403445e-01
3.763782619357518011e-01
1.572209959656430678e-01
3.926270135282832197e-01
3.625953320278779146e-01
4.202408070483203417e-01
1.833623763604252943e-01
-1.875602036756941066e-02
4.141211767793723242e-01
1.492139800424333029e-01
3.908151988101968843e-01
2.849838335896656694e-01
1.453229881538290469e-01
1.429736354215936367e-01
2.849851199310167171e-01
1.746601442421110706e-01
2.185933463482264416e-01
2.808051419115907832e-01
2.052170201367582159e-01
2.668399927340539546e-01
2.782829355095433055e-01
3.872315999957176014e-01
3.571350202879337576e-01
1.470349492449280759e-01
3.121077912110988284e-01
4.024160637408092378e-01
3.035659103883251442e-01
2.251732792768217917e-01
3.361813208946017317e-01
2.249479659796369269e-01
4.761998162781777566e-01
3.941004747673919617e-01
2.880640955850415352e-01
2.426151826616592677e-01
1.050885532621837759e-01
4.331180122354660322e-01
4.080908217618898215e-01
3.146903005121009511e-01
3.444000429122128226e-01
1.814242301171759830e-01
2.045070312435673665e-01
3.760399859849598569e-01
1.444506456549967954e-01
2.044028418263411639e-01
4.370187606193947499e-02
2.927176428418248322e-01
3.278713504636985854e-01
3.410178502708033910e-01
3.216695120201808478e-01
1.849546035293265500e-01
3.425977816914294038e-01
3.832507012198053675e-01
4.453323113945468203e-01
1.546281100449678203e-01
4.247526792528388828e-01
-2.297650592528394792e-02
2.359888331238391701e-01
4.271978230479951955e-01
1.218479008803715624e-01
3.428223324241178038e-01
2.833862050588263348e-01
1.021091979037293818e-01
1.448262864725770316e-01
1.153418110487892528e-01
8.048018548308159825e-02
4.339842111494173760e-01
3.898265808578421643e-01
4.041238005104791364e-01
3.994024867731442163e-01
1.658187896927527660e-01
3.379057471570236504e-01
4.270988447198262872e-01
-6.679921597410945489e-02
3.826540892798922511e-01
4.608288654011110652e-01
3.723121920268841478e-01
4.934252022932610338e-01
1.758265680990253321e-01
1.266562880438017180e-01
4.094825985825373271e-01
4.657529784330574074e-01
3.847473283040340197e-01
1.167479151694445355e-01
4.314013103694575579e-01
4.072658736101693044e-01
1.837941313662163623e-01
3.247055527848509149e-01
2.182709489250324320e-01
3.704942419186273983e-01
2.327944235819474350e-01
3.400644966060342722e-01
4.818660342905639049e-01
4.736188385789526500e-01
4.171274910343931164e-01
3.574954829922754040e-01
4.141704472795343928e-01
2.785066453611976245e-01
4.003498265991585758e-01
3.907983024995472232e-01
4.023751491899185684e-01
4.358645749117948665e-01
3.856340543663046017e-01
2.318203638544695799e-01
3.079576522022505203e-01
3.916211844639167494e-01
2.995220661526958872e-01
4.430357690284827954e-01
2.118258038405162191e-01
1.814570799940769530e-01
4.292491634921036803e-01
1.809157092826792212e-01
4.042601781698994534e-01
3.945541606650482813e-01
3.745337445343630001e-01
3.247801240285760893e-01
2.186257283590196110e-01
5.236868270400800718e-01
2.349354873518472997e-01
3.601283076709014264e-01
3.900119518494926663e-01
5.560773145870938627e-01
2.299550338798808102e-01
3.035963114782493921e-01
3.967580064153760633e-01
2.425074603231816839e-01
3.277901512135947826e-01
4.150508788497731527e-01
2.427192960651652076e-01
2.014251711603419759e-01
3.817123379145430095e-01
2.098727743639453858e-01
4.228275715409523516e-01
3.810637203705278253e-01
2.610396153859561030e-01
1.374754533568152692e-01
4.116723103035498932e-01
1.896660331698392099e-01
3.408274354036832099e-01
3.175402541296557524e-01
3.894149108801759906e-01
2.696165376779859901e-01
4.176575999314082743e-01
2.425512594121899401e-01
2.927136470594629003e-01
5.680348416397661415e-01
4.336125906931442286e-01
2.781220277620364834e-01
3.819397643682553856e-01
1.937681633994390584e-01
3.219991348960186683e-01
2.862255749276187977e-01
2.897854747843773282e-01
3.708118287770225674e-01
2.176672281463186698e-01
3.794120292595050126e-01
4.962352977307278867e-01
4.580263321462807458e-01
3.329897890031215391e-01
3.728296996996350310e-01
3.272207932628126148e-01
1.243918882370136647e-01
4.439905821815758880e-01
4.528167481772194525e-01
2.074987921905376842e-01
2.881246709944280116e-01
1.875867015860790410e-01
4.099617678309525615e-01
3.735736227855299130e-01
1.827529965842971948e-01
4.045169328495816785e-01
1.863162724128538117e-01
2.518921014450286600e-01
4.067996022137945200e-01
3.158575369108730380e-01
3.982357451274289861e-01
3.873044869670961288e-01
3.084870655239347892e-01
1.359091652579375864e-01
3.680953404395006512e-01
1.835435391088762469e-01
3.163967249662992809e-01
2.780591970282673131e-01
3.139293971145866169e-01
3.171822188023128986e-01
4.574421049657964589e-01
1.302840922026586024e-01
2.626361389119414858e-01
2.631604432983780661e-01
3.755991764048893788e-01
2.637164197639739194e-01
1.442637485800326302e-01
2.191865367579000357e-01
3.208559788305729299e-01
4.195559613527887199e-01
1.367382734415082714e-02
2.400329878456412547e-01
4.093528654848855863e-01
4.141465862325134362e-01
5.666997628882367716e-02
4.226461495284561387e-01
1.747777833577091877e-01
2.056931667609964154e-01
4.122631305954680969e-01
8.094972887178775167e-02
3.964278668371047365e-01
1.052675277584020491e-01
3.537763011148548631e-01
3.139863156240120801e-01
2.773340142703593636e-01
4.291911225355384274e-01
4.280046022193967348e-01
3.637407544805655868e-01
1.316798119601579053e-01
2.276569759954559236e-01
4.082828008436603651e-01
4.251603559376755381e-01
3.783700803175319982e-01
3.882378424054340194e-01
1.531878917799137929e-01
3.168071575634168746e-01
4.197091953036265477e-01
1.595897225703493127e-01
1.374837184952087121e-01
4.543594426463397618e-01
2.498553690786817494e-01
2.325173368917878847e-01
4.215818591084995459e-01
2.109804648916431546e-02
1.119856225890466517e-01
2.937232763949196301e-01
2.830054527075490656e-01
3.038688983387361486e-01
2.000224575078239919e-01
3.218824221353976944e-01
3.920397724369849568e-01
4.181307759626948783e-01
4.244667086873328277e-01
3.352407972421173610e-01
4.344114534007136874e-01
3.846626525050263479e-01
1.116434302927200028e-01
1.423191908989706322e-01
5.300715186322754735e-02
3.981005480872203961e-01
4.080474140273626649e-01
3.882405911810556387e-01
-9.166719799270381386e-02
3.012830725657584807e-01
2.864038336158695186e-01
4.184579937843403985e-01
1.896975487455863085e-01
2.040764498733312060e-02
6.033413479773962196e-02
4.201414149598795000e-01
1.856916513256718082e-01
3.747002597459650475e-01
3.695524217177095228e-01
4.894329623491234793e-01
3.084997416416297433e-01
1.845420600681258461e-01
1.221950378909835572e-01
4.840287146281272435e-01
2.263378515440712668e-01
3.970837942911477625e-01
1.960754713486689838e-01
4.488108138344287235e-01
3.676114915341945344e-01
4.878285756923494421e-01
9.511895677164815266e-02
2.150439765493164790e-01
2.184669563605461107e-01
2.485645548679407402e-01
3.144442480829196529e-01
-7.297031757277705477e-02
8.717625924373906265e-02
2.137298140937206881e-01
4.667656903904201515e-01
1.572657168714185483e-01
3.175583937749855146e-01
3.873073094121283755e-01
5.755476899611153829e-01
1.859002255884115162e-01
3.049100896330390054e-01
3.370146136682216631e-01
3.635269922399269604e-01
3.641671525314513214e-01
5.511532492711838094e-01
3.229815025247941285e-01
4.391666986337592893e-01
2.820482271405836960e-01
9.879780435111056025e-02
2.397765798826069147e-02
3.809246584766113886e-01
5.834124107803230486e-02
2.719796518810245201e-01
4.413938904298549404e-01
4.022903488313103737e-01
1.258353058000552249e-01
2.171889010029575684e-01
3.597785835434865187e-01
4.843184654032421932e-01
2.985297759534507045e-01
3.613504152499553701e-01
4.004066499332447487e-02
3.742866498417287691e-01
1.249661623502573149e-01
2.912021987105214427e-01
3.064865731966211482e-01
3.997326244012818774e-01
3.830462481288722243e-01
4.012483365722319673e-01
3.696853218324129831e-01
3.597892353394656628e-01
2.380237292111450353e-01
4.048538459059036754e-01
2.971205623239402960e-01
3.119653974308525535e-01
3.880845689540166621e-01
3.050994333373852063e-01
3.584059346087702935e-01
2.613087906483999578e-01
2.700707969149361842e-01
4.152713780553217160e-01
4.429804925315927733e-01
1.155281880033994513e-01
7.788023916575552430e-02
1.472727044778007754e-01
3.998955598106270215e-01
2.529232051543610083e-01
2.527814763281980848e-01
1.799758731819705027e-01
2.947608249640360500e-01
3.901259789026442215e-01
1.425756123962436950e-01
3.246302813601600890e-01
3.973110909157495096e-01
3.860299478457059341e-01
3.924620689833694942e-01
3.944236965577223031e-01
1.829360538875916542e-01
2.461079066119848391e-01
3.134764440522616047e-01
1.450801094634367738e-01
2.234550346891253370e-01
1.913136081503584163e-01
4.384660054882915659e-01
4.283660175017893756e-01
1.439879728775941004e-01
1.374492598825209633e-01
3.566292523782791379e-01
2.234223613200660152e-01
2.618558211714965278e-01
2.633306571874055035e-01
2.184819982859936005e-01
5.619346478213144841e-02
3.575698798650074894e-01
3.783950503267259902e-01
4.531381071334973365e-01
2.595066728869165895e-01
2.896340610550970363e-01
4.046878020250085362e-01
4.024091355383247470e-01
4.295279702831291679e-01
5.139514068177841039e-02
4.171076417857252916e-01
3.805465104043505020e-01
5.864623254518930295e-01
4.051156460377593471e-01
4.360205483440002805e-01
4.027010242408137763e-01
3.784947771327876187e-01
3.976907343878381962e-01
3.209932520577540305e-01
5.199748609761454393e-02
2.049663786955951972e-01
4.330959246067949131e-01
2.739917021940826980e-01
5.634094371351530128e-01
4.155750368517091564e-01
3.572709214508675291e-01
2.417650313145505159e-01
1.709190936488949875e-01
6.654552355922002671e-02
4.061434681285687187e-01
4.399175385117822246e-01
4.035209354462629405e-01
3.446655354561708462e-01
1.750499299858969404e-01
2.518188527653497655e-01
1.658538623330282347e-01
4.068195627860493602e-01
3.925944240564631649e-01
2.375666987097979077e-01
7.960651731606743081e-03
9.945588207127228908e-02
4.489523925417925887e-01
2.591756004601379337e-01
3.194602970125088870e-01
2.879762661294721915e-01
2.790729811442169139e-01
3.838581440360561148e-01
1.476403693991512334e-01
4.338914588096492997e-01
4.137882124532513139e-01
4.210507359760162216e-01
2.185419648335719389e-01
1.987374562980040726e-01
2.882613849637324366e-01
2.254490087569435697e-01
2.123468681836195582e-01
1.874280685864935236e-01
3.852274411681839150e-01
4.653056432078789828e-01
2.233837988793135609e-01
3.853260633272618252e-01
4.283442213143688337e-01
4.076708867443741280e-01
4.036812728626607560e-01
4.087674093052781066e-01
4.276835160328769647e-01
2.202435366083830004e-01
4.249164606882516182e-01
4.239419203150666671e-01
2.350803633617878641e-01
3.926660557019142073e-01
4.318735698794197164e-01
2.871552912298460658e-01
4.874307256894959139e-01
5.537767034331325666e-01
3.730666701281891706e-01
3.900001077334998567e-01
4.690825674224626263e-01
1.646620863652006606e-01
3.437960762506900303e-01
2.737797660046564774e-01
3.893364972507721289e-01
2.189990294985636743e-01
5.581538882254550860e-01
3.078473864175161334e-01
3.859255702613283434e-01
4.435532169939501168e-01
2.186723214501533619e-01
3.989102779353149164e-01
5.274823170534686384e-02
3.623179608671583396e-01
3.794562827711465136e-01
1.818756334456302914e-01
8.910119346115533134e-02
5.848552455360681579e-01
3.270456481081609468e-01
1.517224048862636787e-01
1.973244724377601622e-01
3.444209917458152526e-01
1.347669474712915594e-01
3.372997632896982956e-01
3.328304043307434568e-01
4.293331701878074780e-01
2.552870896187001137e-01
4.557543590576912385e-01
2.165967490602000722e-01
3.547344126493219840e-01
2.710461218227402935e-01
9.692602714390220406e-03
1.119009379158935752e-01
4.092228293281658380e-01
4.074068533360564182e-01
1.926983958994560875e-01
4.513748177778028614e-01
1.887351667451711568e-01
1.048266660796812050e-01
3.107307640603637622e-01
2.459137200463444028e-01
1.743454924178474419e-01
-7.574349673384070912e-03
4.196350417619328921e-01
4.404994017983420163e-01
3.573268258078092230e-01
2.616921081722901055e-01
2.000380077335334184e-01
1.622925378569577415e-01
1.472316013863288753e-01
4.824601559927871319e-01
3.944025243300861572e-01
4.145714930950302191e-01
4.394920337050937653e-01
4.102300519497420472e-01
1.760836322275752264e-01
3.077490240826282197e-01
2.290622526526190361e-01
2.904126711942028871e-01
3.135073073238614505e-01
3.079286340475314021e-01
1.495883281133033316e-01
4.755956984890766931e-02
1.749331744053200244e-01
2.373525060912590467e-01
6.218517474788056582e-02
3.156464113961554574e-01
2.732986714971658015e-01
2.970167217731768394e-01
2.308291699622747606e-01
3.890186202788770142e-01
3.467996048227725558e-01
3.189270214718718521e-01
3.370127974714079988e-01
4.252098764698672428e-01
1.503205837414563484e-01
4.207648007411231017e-01
2.184384095572800555e-01
3.591470686923504685e-01
2.160487393314297067e-01
1.802181322848194767e-01
3.071366902481924566e-01
2.284780637279480442e-01
4.040845251506539615e-01
3.015883035847919391e-01
3.194608343780607207e-01
1.344323589742834335e-01
4.177704981476203505e-01
3.578728482933358213e-01
2.854446740712791031e-01
2.303682750843801530e-01
1.458001766732767990e-01
2.689671722162227940e-01
4.287746976341207383e-01
3.868191567693120558e-01
4.388581932988309120e-01
3.109515892701699702e-01
1.525895228940562787e-01
2.526905342103660246e-01
2.995582822507266707e-01
3.661032959252011332e-01
1.709993077080743940e-01
4.230618317193975964e-01
1.221625007563940518e-01
3.379619468554831974e-01
1.654527413077236664e-01
3.147772328232056882e-01
2.125861435249283282e-01
4.064632855664325750e-01
4.141939203329429442e-01
2.523482321464100564e-01
3.147397907549827067e-01
3.192663310349918016e-01
8.182911901360420681e-02
3.810637203705278253e-01
3.807028719338989009e-01
3.118498407675499573e-01
1.974058247889152462e-01
3.323503885583541928e-01
4.181638824273938848e-01
4.171934223147010790e-01
1.350159991489787437e-01
3.327711932939866890e-01
3.583971062292484744e-01
2.271974915620985636e-01
9.288584229517304891e-02
3.984762052371699781e-01
2.872208643701833486e-01
3.710664070660563141e-01
8.439168043896634608e-02
2.009164102260123097e-01
1.231987903275228724e-01
2.562039590628072960e-01
3.814899373286831930e-01
4.005445172380425189e-01
4.299892546483556344e-01
2.460684765692180143e-01
1.839279045599053197e-01
2.728404431573417388e-01
1.332975827576194094e-01
4.828800932923740796e-01
3.129843906027414135e-01
2.113002640651568675e-01
8.571888844070089594e-03
4.093525216182335447e-01
3.665928708378333178e-01
3.428904003040492698e-01
2.962475979814260807e-01
3.418480180174833238e-01
2.199477458699835575e-01
3.139084173277990053e-01
1.831791364706810976e-01
7.480728386476163949e-02
2.973809678197889550e-01
4.420727019139590319e-01
3.686242633233173804e-01
3.060114700183637071e-01
3.598428406962920212e-01
-1.247853947606040147e-02
3.637516704989085525e-01
5.302677122951799521e-02
2.474507171948122086e-01
2.042566115938016236e-01
4.467008223323671867e-01
4.272724702639483785e-01
4.066007070037712112e-01
2.595698092522705780e-01
1.239214238043326172e-01
1.871518143959426117e-01
2.072972281188803223e-01
3.252002271725079052e-01
1.506757807270657779e-01
4.113887712435170263e-01
4.891964517994275563e-01
4.225428108674089134e-01
3.841729055034724394e-01
7.478496844388303477e-02
1.565527103901670214e-01
5.674886324393153547e-01
4.342465390621254029e-01
3.055760421847912300e-01
1.726027411644143750e-01
3.968480076974512660e-01
7.991464821755471515e-02
4.159059091408351949e-01
3.122670943098011520e-01
3.989302674691290740e-01
2.678484242154741679e-01
4.480598944573402909e-01
4.804581603198883610e-01
2.660546317560820162e-01
-1.026256445974494877e-02
1.841686716289816783e-01
4.022722599102016572e-01
1.998226885549399257e-01
2.245491408684649193e-01
3.875355486566517960e-01
4.082439262985391171e-01
1.512089974317556429e-01
2.246290868465053991e-01
2.403972519828548593e-01
1.562764468223776793e-01
1.251199052444862680e-01
1.875802114582988400e-01
2.674650886165420571e-01
2.298730279383201514e-01
1.752476654317282334e-01
3.803888626579277066e-01
1.215314002723535125e-01
1.900538264579230141e-01
3.935326928565387461e-01
3.915583221130870539e-01
2.626313138093112065e-01
2.975533406727385866e-01
2.232413829422296436e-01
2.684747202340700412e-01
2.232991590125557591e-01
3.399495001704886388e-01
1.077208531525827850e-01
3.241359287030635139e-01
2.663452083090683264e-01
3.220762450062984450e-01
4.241411549313299223e-01
3.904187519699985898e-01
3.213385242997394697e-01
4.160947741081157947e-01
1.879204261323868808e-01
3.714645287598706269e-01
3.813846536790169162e-01
3.958896019832480184e-01
3.988999753377361346e-01
1.264017153147234951e-01
4.801179854783175216e-01
2.950412816926082926e-01
3.550459572053095703e-01
2.395371490207326148e-01
4.298654945196363486e-01
2.292722293778329812e-01
3.471574237682643616e-01
3.569271957271068496e-01
1.232630407585911247e-01
3.004413255063403954e-01
1.842448233523017453e-01
3.798500931758692634e-01
2.098686601835754451e-01
3.051789657626147179e-01
-3.360868380886961049e-02
3.815922659864671718e-01
3.489220837774711925e-01
4.377962915021533230e-01
3.268205282476375206e-01
2.128522790943391252e-01
2.904225653165793397e-01
2.861726118701315991e-01
3.937504366477128648e-01
3.178849021629035487e-01
3.141879962057821385e-01
2.314263538722390046e-01
1.692977524471610817e-01
3.778517443358852534e-01
3.518487643662813746e-01
3.407843653327233824e-01
3.882437314356349534e-01
3.450076165118948768e-01
8.988566866352697138e-02
3.247022647765282488e-01
4.362772446856417741e-01
3.762021417142737967e-01
3.075337082493437846e-01
3.604317381564288159e-01
4.331624104719198898e-01
4.216788562668462581e-01
2.351475303007179440e-01
1.901280157244055191e-01
4.485287771734400297e-02
1.158228266432918541e-01
4.107522467064885774e-01
-6.775769595936029233e-02
3.040151542342046653e-01
2.129654243758881405e-01
4.357447830146131129e-01
1.110560019056066605e-01
2.353110556254929819e-01
2.874211555232181192e-01
2.130075314749995952e-01
1.466107764210165532e-01
4.881376753616275543e-01
2.638228981402017670e-01
4.039929408164671387e-01
5.676577834717897592e-02
1.944038535852692373e-01
5.383634392406937419e-01
1.171736227900328636e-01
1.176174913829445140e-01
4.626425799850432119e-01
4.547878573013910963e-01
3.429118869596177177e-01
3.908316282505516215e-01
1.737233290877383471e-02
1.147905960056615354e-01
4.388032086581135638e-01
3.593741463210922138e-01
2.774331227180842907e-01
3.923958858453749365e-01
3.724834631373044602e-01
3.102747802621355078e-01
2.433035029715206743e-01
4.269363256432698872e-01
4.568026799576435093e-01
-2.118499299060327273e-02
1.039695217633486305e-03
3.386859038506599417e-01
2.014144343053417829e-01
3.457757268565294084e-01
4.351253230598731703e-01
1.811942525982006280e-01
2.622178569023957406e-01
3.522893423783536315e-01
3.726795270022174589e-01
2.046881543721487118e-01
1.025632511733721164e-01
6.186199561153731680e-02
4.114533271816934734e-01
3.424307362094426432e-01
4.075399686293369461e-01
4.467303653634842608e-01
2.384761695957804961e-01
3.217548391638284655e-01
3.015024953805152119e-01
4.408091594510129552e-01
4.337212164569689832e-01
4.152855254036347810e-01
4.625895406648826147e-01
3.632915466706664320e-01
9.779543963693956843e-02
1.485651977380570699e-01
1.429754695430399680e-01
4.271192374748922771e-01
3.969924777684005202e-01
2.607929777247775527e-01
2.459873082800792185e-02
4.065077693598139197e-01
3.757738747714736149e-01
3.083778539731545365e-01
5.647777881205217065e-01
1.253850632004866739e-01
3.133274731350804698e-01
1.080937673358195045e-01
4.200294875160504038e-01
4.469823467046556836e-02
1.870657979007948890e-01
2.532296988641884461e-01
3.730260688227029497e-01
1.006038324365723657e-01
3.006388067449889956e-01
4.191886608159858252e-01
2.823515426123110461e-02
4.217446200846132753e-01
3.884304265265433598e-01
3.415490576532096978e-01
2.661021763516558947e-01
2.023968937096890242e-01
3.931035107824029096e-01
9.444357619502201373e-02
-6.202466688668956812e-02
3.643421488950545628e-01
1.475641718943690728e-01
2.283666076407585288e-01
3.145131480475376606e-01
3.914239272831772087e-01
-9.557218212397770515e-03
3.083030804549281578e-01
4.167273680885292264e-01
1.418859048359878139e-01
2.736500892326735879e-01
1.243036027821072809e-01
2.073583709497348881e-01
8.877226665855487975e-02
2.684122918917085654e-01
3.191200204735426538e-01
2.346907110154422826e-01
3.379995596226390564e-01
3.666455797140703576e-01
1.381743187447036503e-01
1.064349734179254325e-01
4.129974989807861374e-01
3.113324633803239427e-01
3.689008080422903624e-01
3.934847356676611230e-01
4.168955265366868224e-01
2.135825967616153120e-01
4.402754901493468598e-01
4.384250049655513681e-01
1.466541485552315394e-01
2.538454258274491782e-01
4.024888472928658811e-01
2.036030026412104510e-01
3.638488533763665211e-01
3.880439484998776667e-01
3.509314783404322013e-01
2.980923695225727865e-01
1.785522514411957695e-01
2.391081942201517541e-01
4.714335681421110702e-01
1.890470945491002086e-01
3.368638745607085427e-01
3.486759814746590025e-01
2.912710297980786178e-01
2.285275686590705346e-01
1.799758731819705027e-01
3.981272832578154341e-01
4.300586818129351618e-01
2.140712895758938306e-01
4.277515416737433518e-01
3.633111646210353540e-01
4.284582510230214858e-01
3.029074499181284574e-01
1.803074616006286601e-01
4.311698195882600060e-01
2.277771297617203206e-01
3.543556284808065948e-01
2.571128132086492046e-01
3.956339420339123891e-01
6.246069680846766392e-02
4.157714448529735152e-01
3.011309184495655211e-01
-1.857203051139961689e-02
2.798741861697641164e-01
1.754060390220457399e-01
4.125179855960194875e-01
1.754487844320581358e-01
3.854409074449215988e-01
3.219004053551132172e-01
2.973700722985954115e-01
4.355440028966840460e-01
4.683145571570274668e-01
4.106219013498543791e-01
4.848257924654981732e-01
3.634311550791659018e-01
9.099429123841383527e-02
3.858556130753174052e-01
1.641462407197878115e-01
2.973451607104265482e-01
3.257488006818053394e-01
5.053443672502945239e-01
4.599842117297222033e-01
4.386159078639911280e-01
4.352222552414262147e-01
1.150790173445836728e-01
3.555118057131271825e-01
4.261208021555545900e-01
4.156094354044296280e-01
1.775944904328796425e-01
3.231029658109927372e-01
2.170192362217760740e-01
2.580196088509778898e-02
3.256619818103901332e-01
4.008282106490793639e-01
4.116692709995062316e-01
4.950007009019057047e-02
3.128981669370122787e-01
4.134423194048890693e-01
3.668598028086340612e-01
4.103340319143155002e-01
1.943037264209179771e-01
3.957598133067872226e-01
4.227912797196468064e-01
4.017425497325340378e-01
4.152052600600895649e-01
1.080608380169048172e-01
3.273889385164489019e-01
2.464380362736190988e-01
4.291355010724529628e-01
3.417943559823044541e-01
2.644513158471598624e-01
2.828577416181997095e-01
4.003473546595312516e-01
3.413179358414484277e-01
2.613568135609308785e-01
1.333642482839936527e-01
4.685083283286403111e-01
3.134949086645438809e-01
4.905275327847489764e-01
4.596046783986926787e-01
4.492964321411205969e-02
2.923591326154453274e-01
8.332655566781149714e-02
3.747538449168335006e-01
4.131760728853210995e-01
3.289505990726456774e-01
1.215314002723535125e-01
1.679128826342609487e-02
1.092620849125466309e-01
3.769658055052272361e-01
1.371353099404034326e-01
3.804515192904031062e-01
2.099895521013599720e-01
1.856176350401935460e-01
1.585100700762751003e-01
1.588526954734279795e-01
1.787971016752185616e-01
4.044349039213392394e-01
4.289298359942008698e-01
1.475828833593406941e-01
5.748560029477772781e-01
1.766693641228874456e-01
4.320702123946288387e-01
1.053945543350567893e-01
2.229604222078387377e-01
4.431002435174600240e-01
2.964891397514690108e-01
3.028262574727463297e-01
1.923100044597396141e-01
1.658907308130040947e-01
4.209659893913061945e-01
4.393520917407552351e-01
3.610029723847379968e-01
3.683030379719408054e-01
4.208346860626343555e-01
4.418863092182434005e-01
1.737276556381817383e-01
1.994806264818998476e-01
2.138448944861506829e-02
3.390909973345205275e-01
5.578469505075379642e-01
3.393551862348778703e-01
5.603175877775512514e-01
-1.711472548128676816e-02
2.996879907849927527e-01
3.592784577439186444e-01
3.873648541219173458e-01
