4.051481679602690900e-01
2.665168439077667539e-01
1.529303893277063342e-01
3.301331363030402533e-01
4.184438251090337180e-01
3.708098213633804763e-01
9.343030840807609039e-02
4.096602733094896198e-01
1.975212964139429761e-01
3.959340460270966422e-01
2.953827829647803424e-02
2.562531311434582681e-01
1.310959277542431967e-01
3.688750172342896150e-01
5.614755917871978586e-01
3.295437684042789583e-01
3.023042405515919961e-01
2.448027031533734077e-01
1.593858937711382096e-01
2.438663630769724311e-01
2.293850763926636727e-01
3.711154290279082280e-01
7.118821541777239914e-02
4.162545534128591629e-01
3.666300368169216894e-01
4.008075497713822211e-01
2.825992623564932971e-01
1.427040337593147301e-01
9.493353217206831896e-02
1.676609298397268577e-01
2.278304143008147153e-01
2.253796163628321303e-01
2.724895573933990289e-01
2.591729398761988268e-01
1.158732455387816856e-01
3.468105159865275122e-01
2.448166993300227579e-01
3.970499443276206408e-01
3.248195965178690137e-01
6.698879151096669149e-02
2.533062354899516255e-01
2.023998476020278936e-01
2.150331278572632232e-01
3.445061657832250157e-01
4.449849841266135808e-01
4.467592083381122792e-01
4.699961979227800235e-01
3.281154668665771101e-01
3.944551039995957131e-01
2.832687727196336880e-01
2.100920049297550773e-01
2.553213355423430975e-01
4.359147136778466214e-01
1.826236643921136035e-02
1.178247320862034903e-01
1.965999236548177098e-01
4.561459278045264520e-01
7.577878609568465540e-02
2.327402754240903981e-01
3.929384321139353098e-01
1.376396452901753054e-01
2.333674020855187048e-01
3.009189124909959490e-01
2.248182195214951107e-01
-2.522032972408772434e-03
2.221414239138922164e-01
4.016242147096673598e-01
2.494394449051985374e-01
2.499137347791788588e-01
9.494510335233416476e-02
3.554036161153653062e-01
2.750666550320230441e-01
6.224419328673703317e-02
3.559935244086094297e-01
2.155509199331493153e-01
4.522333671887714956e-01
4.140147405592251029e-01
3.147222663560742539e-01
4.265780680836750438e-01
4.111234914923342920e-01
6.596598882300562863e-03
4.244079435050689408e-01
4.268706087946793071e-01
1.474830513705384649e-01
1.283165684770050941e-01
1.640949293010277588e-01
7.716297868058845377e-02
3.731012690467693793e-01
2.708009656251950670e-01
5.809804011690292702e-01
4.272073684958102580e-01
2.760384711099875266e-01
4.102452551087130694e-01
1.411044383734640362e-01
1.764996525384983084e-01
4.639476759788427329e-01
3.899379046938136195e-01
3.932078449866797665e-01
3.997794768186992420e-01
3.014115638846877610e-01
3.273594951496091587e-01
3.322878489338979002e-01
2.401769337922387837e-01
1.297590661578535420e-01
3.185149307632431093e-01
1.544299253474693268e-01
2.639791939668429399e-01
1.731684982971375408e-01
2.201669829656290600e-01
3.552898101326840141e-01
5.097129455426634426e-01
1.146013667938695219e-01
2.537650861298719196e-01
2.868283315727023774e-01
3.320895269801840133e-01
4.166369599131420354e-01
4.093867395968762701e-01
8.226979727084467175e-02
1.903315827492928769e-01
3.145533881841222068e-01
8.148089357946083910e-02
3.377661708634910886e-01
2.866404641636165988e-03
1.172866664779170232e-01
1.628919260403324798e-01
3.184054777278276238e-01
3.822081613043512571e-01
3.943003631348430682e-01
5.143450189234776149e-01
1.988691682159818563e-01
4.213160686712530412e-01
2.564800818112381586e-01
4.044482092683286401e-01
4.391489954864300493e-01
4.220842229976252691e-01
2.823625417732538168e-01
3.333616336002881431e-01
2.333384544416161055e-01
1.345493492555200343e-01
1.805282443016704430e-01
1.403050046709103105e-01
-3.131270468393395484e-02
3.181105675629432583e-01
7.778639134878112538e-02
3.368359956159801549e-01
3.595479853841031526e-01
3.978068754688535158e-01
1.517730371268937589e-02
2.759784541493796595e-01
3.044314267554981135e-01
1.817975443682569026e-01
3.210366588794527076e-01
5.108593155735913216e-01
3.693701235558045637e-01
2.582076905284054480e-02
1.837139507912466940e-01
8.930516098436855343e-02
2.361276087837768378e-01
2.619996906375864909e-01
3.989095166363307299e-01
4.879215499531779909e-01
2.044607492609895050e-01
4.051286717687768157e-01
5.032689807869135112e-01
-4.248313604473223301e-03
3.126226544611246383e-01
4.318326198941856431e-01
1.417585302953257576e-01
4.164315914834122445e-01
4.126481342796002316e-01
3.830204163265726325e-01
3.887427445387313107e-01
1.954483303983624298e-01
3.482582832604428358e-01
3.677768935721646981e-01
3.341440437848702816e-02
2.515264140421862860e-01
1.293274864773762967e-01
1.966328444833898847e-01
2.928303792384359672e-01
4.130345255460644571e-01
2.991245144373068099e-01
-2.460948704430844861e-02
4.192441047754167371e-01
3.126975922054998636e-01
3.100505130664325537e-01
3.115506476527502566e-01
2.677911015460356925e-01
4.578245598667368688e-01
1.748327813589167223e-01
3.481977521906642892e-01
3.941672310372193455e-01
3.580843201642378015e-01
4.128501912786574080e-01
4.341303596423123357e-01
2.901042821774857949e-01
4.006696807161320151e-01
2.006691858079980018e-01
3.071853138848728015e-01
4.443378858067318499e-02
9.637431879735154638e-02
2.878906097866671399e-01
4.139078040260655289e-01
2.225943919134111826e-01
5.654863014264128740e-01
1.600753552514971034e-01
3.799754959809993338e-01
3.204896044827784118e-01
3.851635870706613951e-01
-4.227332057119467107e-02
2.170933559888145736e-01
4.239613999926611920e-01
9.291660594398783168e-02
3.098811722978828120e-01
1.008435320616136999e-01
9.596970981537987846e-03
3.833523661682722294e-01
3.029122746732615390e-01
1.036509238877244832e-01
2.534374460213061897e-01
4.098086277354832663e-01
2.776530741694701598e-01
4.552446893870121247e-01
4.197657278525576130e-01
3.949920682387826898e-01
3.707657884865410147e-01
3.859120858754727101e-01
1.685733123997293359e-01
4.117088170544792591e-01
2.434249776473296767e-01
4.270423159051937034e-01
1.651746687627644317e-01
3.827303132074294512e-02
1.801657798525592435e-01
1.446875756908889976e-01
4.872372520999799783e-01
4.048117216912575089e-01
4.176282918291580049e-01
3.745437182647219365e-01
4.628402300139832781e-01
8.632165150929653474e-02
2.055640158819705132e-01
4.910834041090963997e-01
8.045784541583300697e-02
2.978248297739477524e-01
2.425808973774729316e-01
2.933180100752775799e-01
-1.412282088830144576e-02
3.833614682511267691e-01
3.219102229917955582e-01
2.107696347754951620e-03
4.909075218869084489e-01
3.749782130215799092e-01
1.583987801809276785e-01
4.033163750564867089e-01
2.934814655479248691e-01
2.941129809799517547e-01
3.626452352919518063e-02
4.262366258211988113e-01
4.094231652512902442e-01
3.200336029466323562e-01
3.309339896406547354e-01
2.154644372575146571e-01
5.420702701748327801e-01
1.590211499010460716e-01
3.565451817845790572e-01
4.253371768795178309e-01
4.217686136992304657e-01
2.182879003995691070e-01
8.629358429887280801e-02
1.387975317524040575e-01
1.386990155021803339e-01
2.624021920255794615e-01
2.974910364335633939e-01
1.296993205355227163e-01
1.206637401429650758e-01
4.939215421572956677e-01
2.340518239537320300e-01
4.282496697480990822e-01
3.113878130694641699e-01
3.206231820822112444e-01
4.435566075710044576e-01
4.990670361041547598e-01
3.788229676147115144e-01
4.668193609807731043e-02
1.237391402736166268e-01
3.211288791231790563e-01
3.973206436869388680e-01
2.266729667431344186e-01
4.109283530695699294e-01
2.340652484248431087e-01
3.934424746947060569e-01
3.202919627522794466e-01
4.387317364257155572e-01
1.999990598042604151e-01
3.681452170577988459e-01
2.171826799106370554e-01
4.168415480819497310e-01
4.204339650481221935e-01
1.749210630795245969e-01
4.027057646422932957e-01
3.118853412080224152e-01
3.535440051022074176e-02
2.897973450819517627e-01
1.964047146123198417e-01
4.173652622832570991e-01
3.014184150776391125e-01
3.088692036941254604e-01
4.932496336899074296e-01
3.936449525906945968e-01
3.980863668812676948e-01
4.222521732378963222e-01
3.360619779638282512e-01
3.244140077208068074e-01
3.673970891103191527e-01
4.512070845417659459e-01
3.104428053958372402e-01
1.049043131820829450e-01
1.389150859749500033e-01
3.899987991523268249e-01
2.059610219178071300e-01
1.370477786478219440e-01
4.940068599237049107e-01
3.260850546759371804e-01
2.762121985589660045e-01
3.433150255589682009e-01
3.836547510709703013e-01
2.238107730079787194e-01
1.664826912847933993e-01
4.422522865686169258e-01
2.301874476733397484e-02
8.943046030793841417e-02
1.572358666268263427e-01
3.672180380869146110e-01
3.360194864394340231e-01
6.310325759004171975e-02
2.833633526043335960e-01
2.732535806728197958e-01
1.467450902010897507e-01
2.074629568664756174e-01
4.238816041749119967e-01
2.202198462758545028e-01
1.573716264465624959e-01
4.648109888609571194e-01
3.786047217263602271e-01
4.125905479946214705e-01
4.164933503075477494e-01
4.561441423119447780e-01
4.243707456599667971e-01
3.350666035037349055e-01
8.935350158715646418e-02
4.191579096148326800e-01
4.248351850095055116e-01
1.778032972179382498e-01
3.408065171913283731e-01
3.189476458364282063e-01
2.007588563557041739e-01
5.293312008793101819e-01
3.270753368599033095e-01
4.116991116957046670e-01
1.930689636154945266e-01
3.472333387370605817e-01
1.624916882440440857e-01
1.651346717964360111e-01
1.682176331087246179e-01
1.614053686164415857e-01
3.049481365746318784e-01
4.920640199369609724e-01
4.346956814803089042e-01
2.232598684665834110e-01
4.332198176765402198e-01
4.533541263426472678e-01
5.334178312547379619e-01
4.191898060838385454e-01
3.957225898817405274e-01
1.796440336083999362e-02
4.562369773871703948e-01
1.238991261421179130e-01
4.233122521160230245e-01
1.566186800922571565e-01
9.039625769256016963e-02
2.264734585480150386e-01
3.331653111559512159e-01
1.998310311437212217e-01
1.131880525726863956e-01
3.735344578779554170e-01
4.581515395231235410e-01
4.298887699041784582e-01
2.674852020253353779e-01
4.227216834328381689e-01
1.671238694216077847e-01
2.648425060191131886e-01
1.979841308449778181e-01
1.305224845898370067e-01
1.120196173811166263e-01
5.650413800102820350e-01
4.607048012175107843e-01
4.083785680900553494e-01
3.949590794459781340e-01
3.514968821670266252e-01
3.981413798196691278e-01
4.613312346012390930e-01
6.400466728737984334e-02
1.600880339987605649e-01
4.154098560501779946e-01
4.287858880819100937e-01
4.166022134897716667e-01
4.475470212564686134e-01
2.188992229029911307e-01
3.968782180891995970e-01
4.644701146267725123e-01
3.994272528896409824e-01
2.820971322551987792e-01
2.151596876880997045e-01
3.375432902750534203e-01
2.066911343801951240e-01
5.169427595359120664e-01
2.650176125860139176e-01
3.469382965439787303e-01
3.112342557283776512e-01
5.814693653163982567e-01
4.187045403441955194e-01
4.098906350877789539e-01
-4.535191692422405746e-02
4.030579387807050606e-01
4.247898268923724907e-01
3.595738006725050506e-01
2.663047134933271831e-01
1.868309086434644106e-01
2.183699147225552639e-01
1.853107451057374178e-01
3.392837740002088709e-01
4.481043196637276571e-01
4.227280649755169040e-01
4.229763540420288792e-01
3.740534983972494398e-01
3.198986185539763327e-01
3.568008630609082465e-01
2.469296351760293939e-01
2.726172183703143292e-01
2.055611190621601247e-01
3.127096370607822529e-01
3.201672208349966020e-01
3.475622606020886129e-01
4.262009838508138415e-01
1.646300130304828302e-01
3.084464245726463161e-01
1.807425116943499055e-01
4.338024092342887550e-01
3.269222030712492510e-01
1.809439335255406955e-01
4.247848704824717658e-01
1.462626173173499911e-01
3.301339749434952786e-01
4.262916764345227594e-01
4.618491028827468869e-01
2.629035556206180679e-01
3.488372055172473951e-01
4.065526327238900284e-01
2.689173574213106210e-01
3.034000109417969160e-01
2.004508002153911894e-01
3.680676552633713738e-01
2.144008579050411811e-01
3.519371644226589879e-01
1.661730446652640303e-01
2.674686589793222602e-01
3.365559629792390650e-01
3.821495254117992513e-01
1.533260247255902042e-01
2.727433316464770163e-01
4.002759149570222497e-01
3.837949293334184109e-01
4.684269794576439438e-01
3.954828449316513117e-01
3.824911243695890972e-01
1.482805186952411702e-01
3.117302381163168934e-01
4.387801548419481001e-01
2.858731940335476618e-01
2.593056746029717141e-01
4.511222566323333516e-01
4.172137563997886378e-01
3.963331805041519496e-01
3.973468630264366808e-01
3.283774971142038313e-01
-7.752696117649177619e-03
2.003555913710961256e-01
1.565407059482926688e-01
4.006822585802846670e-01
3.320057395707856629e-01
1.743601452242063976e-01
3.870808581082267330e-01
4.957682988100240995e-01
7.564179750503245703e-02
8.173934786285959320e-02
7.076521122182521939e-02
1.432832883479382147e-01
3.391861004359301712e-01
3.100801126099333449e-01
3.544551364362309442e-01
1.467322756394650318e-01
1.627284075825174148e-01
2.606580186008746192e-01
3.835832371803981067e-01
1.288303457100474225e-01
4.208756203638147619e-01
3.061442117988114608e-01
4.058352344846011261e-01
4.455215590029453776e-01
3.599035935834005162e-01
4.024160637408092378e-01
4.106897015220767888e-01
3.232772705825168180e-01
4.020352824694647942e-01
3.202650351408359297e-01
3.507111950603203909e-01
3.697315238387649527e-01
2.147420094990591666e-01
2.726580419910369368e-01
9.268669904474602372e-02
1.442485790297479420e-01
3.983360361859914489e-01
3.557984346147097798e-01
2.278509445039975378e-01
1.510189513888490487e-01
1.959431781663861227e-01
3.250635122644423558e-01
1.625072031754463409e-01
4.058363277419744231e-01
4.611282757276058963e-01
4.080551318887536971e-01
3.491238099176827148e-01
3.809233305185784069e-01
1.307554285681029327e-01
3.749794545928413214e-01
4.150734935539290849e-01
2.807284191466077328e-01
1.193120080721070259e-01
2.682828577920753355e-01
9.947525389506547966e-02
4.093768557801263364e-01
3.319482087608854881e-01
4.425131761125334351e-01
1.867420899048019556e-01
4.039149117368227571e-01
2.291862038373845001e-01
5.444755217870388408e-01
1.880294649926083361e-01
3.220724026621120117e-01
4.294461480690539013e-01
1.563090683261803004e-01
3.698724675286717556e-01
3.811672603310093943e-01
4.346849920508994991e-01
3.099505200878734379e-01
3.446440628249677895e-01
3.458608489456980739e-01
1.395433027766496970e-01
4.534157460019260233e-01
1.359232287660632199e-01
3.843751670383560026e-01
3.732880694448950099e-01
2.081710153763036975e-01
2.103930202318055331e-01
2.454449469759906188e-01
2.519941391854012003e-01
3.570779857663020640e-01
4.517108120307291030e-01
2.216725472478746350e-01
1.180402085358149278e-01
1.715081067893003686e-01
1.590924580162122459e-01
1.731627373533746184e-01
5.761510559192348779e-01
3.780201434595801269e-01
1.993894758242435727e-01
2.447747304570069837e-01
3.092047733780601826e-01
3.329328777133397921e-01
3.960697117632571151e-01
1.826729580371465322e-01
2.821224294511782693e-01
3.838051064585680794e-01
2.578541063111065013e-01
2.025538406112708523e-01
3.214273178889389682e-01
3.947811685039006591e-01
5.478675325837831789e-01
3.737954643676528188e-01
3.343228932313613844e-01
4.186078880275677094e-01
4.403240727502361063e-01
3.221432680295142070e-01
3.927727853964300131e-01
4.157496540595396750e-01
3.327431542723299773e-01
3.301345506063526614e-01
2.074460231765354601e-01
1.890638536398401570e-01
2.233104720360995499e-02
4.179272225057586998e-01
3.813052428259491311e-01
5.852953196667983748e-01
7.241770228182153879e-02
4.319065430296628594e-01
3.576616817635732137e-01
4.675349072076953605e-01
1.216504551590507910e-01
3.348325554334435350e-01
4.062351295552731334e-01
3.937149611440557972e-01
1.312717768656512796e-01
4.019926463239887338e-01
3.918746594752096080e-01
-2.708235149142959944e-02
4.048159443529984469e-01
1.918270786989512700e-01
4.260441246845002583e-01
3.456459539263605496e-01
4.944671870637533662e-01
1.835625237014762712e-01
3.937978934405936271e-01
3.341282137123884333e-01
3.152543207396149572e-01
3.694017565493063482e-01
3.074249974264980367e-01
3.854918851833660232e-01
3.045818584472615997e-01
4.570961865242044730e-01
4.386851425877221211e-01
1.512142339555348491e-01
2.048072208766635038e-01
3.586947749411688036e-01
3.590509588033234945e-01
1.128162186805087841e-01
2.335296087413282207e-01
4.127606621363871797e-01
2.042581134456673275e-01
4.227540078524503198e-01
7.728378921141214331e-02
2.309263366162803977e-01
1.817360767364186724e-01
3.259857788486558161e-01
1.867935149292203056e-01
3.258258546946234402e-01
1.129012130566693084e-01
1.305059831397598069e-01
2.308950687801185342e-01
4.579410555401393079e-01
4.210911468115337009e-01
3.216331841006566106e-01
2.450448896707956015e-01
3.476422786105975993e-01
3.980769454121622641e-01
1.946444245673695506e-01
2.828560629524873304e-01
2.667474762541340375e-02
2.248411278659885049e-01
5.552928494258358993e-01
4.001176408650132243e-01
2.027164778576281690e-01
3.989630964754507514e-01
3.426433830981086004e-01
3.840952328211260647e-01
2.877184714139498570e-02
-5.838259223324730393e-04
4.155251181603146771e-01
4.572637876490595055e-01
1.502139066590569560e-01
1.122680010083646623e-01
2.682522012709482873e-01
3.224739936022020248e-01
2.237930955287650292e-01
3.701409664941006095e-01
2.676147667061254398e-01
2.165578325249669644e-01
3.235518945443185967e-01
4.394577277837218299e-01
4.204699330642570065e-01
6.615470208700360844e-02
1.253850632004866739e-01
1.653263609721676020e-01
3.060433666533384223e-01
3.270388935505559314e-01
1.302639843071420889e-01
3.874476055539319841e-01
4.308810259553386701e-01
2.416729669311070694e-01
1.613490686987464895e-01
2.560684176372941545e-01
4.181013081984383262e-01
3.723553059136128773e-01
-2.881025575498253818e-02
4.421541916924848770e-01
2.007244929520681787e-01
3.486764555827504691e-02
3.585779789471838508e-01
4.189575357055942417e-01
4.496279968443901431e-01
4.084861600340910504e-01
1.913534905411482245e-01
4.120193443045754855e-01
2.439116017795383562e-01
3.244564130451443318e-01
9.377111733352946898e-02
2.883194730813755657e-01
2.344373769946632713e-01
4.181423148620249663e-01
4.138872900307754565e-01
4.122616742190595152e-01
4.087738461570665782e-01
3.193946928982403510e-01
2.102814414677242894e-01
2.113843881008174719e-01
3.103583860601509814e-01
4.177863300794716350e-01
2.305021530873798685e-01
1.980082741894045872e-01
3.953896263854636550e-01
5.436597973110807169e-01
4.698718486669827277e-01
4.503313009283732016e-01
3.751278697011853347e-01
2.094191129466902168e-01
2.460841320788053309e-03
2.312751082278826920e-01
2.607002048048756015e-01
1.631966886123672744e-01
3.802228798950510469e-01
4.374715958257036630e-01
2.429926273528681402e-01
3.041846948681144538e-02
3.350561836699298413e-01
1.987284504718794531e-01
3.494711417705046452e-01
2.553355379093205646e-01
1.734317619420611689e-01
2.125547945040801301e-01
1.583254880433501988e-01
4.067442194968587943e-01
1.891794462976309488e-01
4.155794097982178914e-01
2.279228024634962768e-01
3.198443904821317574e-01
3.941565090779208802e-01
3.785967553888972548e-01
3.946303321386581131e-01
5.790453136689217573e-01
3.077399624546738877e-01
3.262881201845382328e-01
1.734878140371866329e-01
3.432187573356855204e-01
3.400461537733748263e-01
3.198295024149682697e-01
4.428089679037975901e-01
2.479702410360605236e-01
4.682439518627685704e-01
4.002037391412977541e-01
1.842155086942830200e-01
3.795528416058356336e-01
4.354363079689946847e-01
2.439875940068209625e-01
1.791028564918527022e-01
4.283014989480899981e-01
2.031107645928685590e-01
1.388866672996141305e-01
3.344559523441958393e-01
2.529633116030598483e-01
4.129071857603109352e-01
2.240186302931893372e-02
2.004588938509402618e-01
4.546151513905088981e-01
2.732266932258310410e-01
3.700026962922088325e-01
2.445113859645211829e-01
8.036639294387484811e-02
-1.040281090944607419e-02
4.321132305173475685e-01
