3.577939756771561508e-01
2.635726744166297930e-01
4.928797459066384667e-01
3.054630507355936553e-01
4.597750118475098513e-01
4.547878573013910963e-01
4.591194238826911689e-01
3.525029230491015242e-01
3.933551732274501167e-01
4.098598697792759649e-01
4.154027369835487926e-01
3.110940730677557720e-01
1.893117665795104321e-01
2.418045917413861878e-01
4.604449501405103451e-01
3.280088977054039234e-01
4.547452736850470245e-01
1.650692980053994618e-01
4.624775264815981779e-01
3.170726981346025930e-01
4.471992447939200366e-01
3.710217467233410948e-01
2.358116094586514833e-01
2.516097982977577030e-01
3.717550692146382452e-01
4.484989190842277318e-01
3.776824182970683896e-01
3.633575057507519857e-01
4.307001305619130305e-01
4.012432548558709788e-01
2.558241541860397095e-01
4.723363382858790094e-01
3.298146093557479674e-01
3.784159457183678965e-01
1.646831651264576701e-01
4.171237275253968924e-01
3.866536482623428306e-01
3.824672552315880325e-01
3.994508616225611042e-01
4.124742562969006543e-01
2.861121604238952010e-01
4.987960193294654343e-01
4.869774969529583886e-01
2.706970464467025050e-01
3.695296971836858901e-01
4.004190477134462189e-01
3.377455072473083963e-01
4.198802240995674895e-01
4.470492129625396882e-01
2.266553048390573255e-01
3.828579977441376458e-01
4.005774742478178108e-01
4.167902657907178732e-01
4.091022559667880643e-01
4.340400640560244105e-01
4.770609827685081683e-01
3.176881136781159465e-01
5.027661680351100948e-01
3.822219015726374125e-01
5.555921295497903145e-01
4.555449652409110373e-01
4.986456553737272368e-01
5.695332383665540066e-01
5.609479213456002311e-01
4.519860831879503049e-01
4.474786021035264683e-01
2.326801782797956464e-01
5.432837962944790933e-01
5.605081449214436295e-01
4.458835688271488018e-01
3.965584145927167348e-01
2.914673359774709871e-01
4.539898247698667677e-01
3.703672709985796896e-01
3.831488634977953667e-01
4.068501946971120331e-01
4.365251997813927032e-01
4.566038696406723996e-01
3.215751044941020931e-01
5.385391357437704363e-01
4.168789582841589403e-01
3.983213779026613666e-01
4.344635610548948090e-01
4.658236320242433726e-01
4.457478077211542988e-01
3.515994464175526968e-01
4.070080927452637831e-01
4.620586034174793411e-01
4.605769060585883645e-01
3.322717853095717988e-01
4.783328845415942832e-01
2.685727327896666461e-01
4.228899429560080692e-01
2.120418728403126174e-01
4.182516183595322845e-01
4.486262463185891614e-01
4.054483777585770055e-01
4.057052818101986036e-01
4.379159392554136110e-01
4.934252022932610338e-01
3.343843483325535937e-01
4.473137989640486034e-01
4.199030399994273521e-01
4.566759660818080491e-01
3.075400321593492747e-01
4.192846059809574588e-01
1.635230053322291321e-01
3.878221206309286351e-01
2.708597755982947164e-01
4.424931326803445142e-01
2.697710961430037635e-01
4.258687762595344539e-01
3.866573719388219366e-01
4.136846433444954507e-01
2.516969167169630928e-01
2.033320414712628810e-01
4.684269794576439438e-01
5.445338849720710028e-01
3.274049085343597176e-01
4.511222566323333516e-01
3.375502051792860780e-01
4.004433359227215217e-01
3.415017107939270491e-01
7.172662139439934213e-03
3.781834322995306086e-01
5.714997294912519399e-01
3.818455594693615507e-01
2.265008410592521948e-01
4.752685887468463544e-01
1.693772946074992847e-01
4.470637322469818153e-01
4.252339932333499273e-01
2.732138048340134184e-01
3.299417742933480335e-01
5.205234656175631303e-01
4.210854205137622430e-01
4.635583143683802421e-01
4.320312209244728252e-01
4.593836445868239582e-01
4.639398717099340042e-01
1.968990087083550278e-01
3.272444094643296997e-01
3.852359781064551569e-01
1.788831765913914407e-01
4.599094034410277088e-01
4.071412458794356204e-01
3.985041040151725000e-01
4.242709236292938613e-01
3.622490181655687591e-01
2.195965838094452727e-01
3.786864019541086868e-01
1.739936559689356232e-01
3.626524167550780886e-01
3.954227914371566399e-01
4.350770380825730865e-01
2.331082619100325048e-01
3.869784895764333821e-01
4.182913919577596062e-01
4.211835151824332435e-01
3.411867793951836036e-01
4.253697390494667885e-01
4.674374800656244111e-01
4.272746735000537144e-01
2.146321749843074500e-01
5.741375325499015192e-01
2.876587646205434612e-01
3.332672034817035223e-01
3.992798351916758692e-01
2.855294512772366677e-01
3.186059395590492005e-01
4.099138754528997564e-01
1.744785149345567665e-01
4.465825963510162144e-01
4.447566255505074895e-01
4.274409393227553977e-01
4.525579753166678043e-01
4.304383562382090855e-01
3.968163947031924654e-01
4.029272319439776706e-01
4.283657867221430937e-01
3.204539338412795146e-01
3.956142801225518424e-01
4.563444363071956777e-01
1.346459201281352269e-01
2.452084996863483357e-01
4.162150219216502189e-01
4.313365441487843066e-01
2.983577749951378255e-01
4.204700231023426604e-01
1.038273002613323281e-01
4.574350421625976715e-01
3.306111306581681619e-01
3.983462762133245239e-01
3.895943545443199540e-01
2.702532380434212733e-01
4.248031314510100631e-01
3.253627308554561393e-01
3.962147994664295125e-01
3.749599207679187862e-01
4.088458932224778297e-01
3.369411265743306738e-01
4.962352977307278867e-01
4.249352920086449381e-01
3.429149575902764036e-01
4.347956815125429419e-01
2.532296988641884461e-01
3.210406635411465759e-01
4.068414322487045598e-01
4.371290191663325109e-01
3.328612467317640378e-01
4.591194238826911689e-01
3.620614298304630774e-01
3.832784880518378401e-01
4.765311351894024328e-01
2.181247947891975514e-01
3.768191746239525908e-01
4.157596733483401308e-01
4.198996390493216491e-01
5.756461798430425603e-01
4.527096977894483065e-01
3.917891674830300541e-01
4.949981568410456445e-01
4.173424715276737307e-01
4.013875476513728002e-01
4.181829115826224963e-01
4.130353403699935644e-01
4.427061765249392655e-01
4.413750469107531882e-01
4.920293429922885098e-01
4.107260944183946383e-01
3.705254548657880842e-01
4.048081539424862596e-01
3.975674676844251909e-01
4.842458659106086416e-01
4.391287760028136922e-01
2.169531703407538981e-01
4.436365291931203547e-01
4.535050484307860952e-01
4.278216651190212549e-01
3.093129272095410109e-01
4.312131202728973767e-01
4.392183158500729268e-01
3.954107269975533079e-01
2.734667234763243915e-01
4.064610933672538340e-01
3.440044556037949453e-01
2.465321504705519917e-01
4.197366713590407472e-01
4.647487915471951725e-01
4.631384894296853849e-01
3.023738816499824122e-01
3.368733096392573234e-01
2.469303303623708590e-01
3.464468667637975452e-01
5.451703136621051105e-01
4.080913768861055280e-01
5.559810365716507663e-01
4.027110026182997293e-01
4.270609229187248279e-01
2.235959618858804621e-01
5.621466148109234284e-01
4.144964456867561986e-01
1.843604492660951277e-01
3.840931458461802062e-01
3.780727159716841812e-01
2.923078712985233141e-01
3.996239530790156036e-01
3.190424782634361245e-01
1.262217558194822786e-01
4.824412734710123440e-01
3.689131255843464685e-01
3.066006911177024397e-01
3.796159938212120277e-01
3.094023662307411882e-01
5.404475437558224904e-01
2.992241160613848261e-01
3.827455908786215333e-01
2.797655752808949625e-01
3.936477006609486740e-01
4.346142732754588733e-01
3.980955809723306649e-01
4.792236159294340214e-01
4.808019337804313453e-01
3.860621833060297048e-01
4.328649782448240613e-01
4.171806295209246063e-01
4.032907716272854382e-01
4.249191142807540733e-01
3.801808134375547765e-01
4.808019337804313453e-01
5.730456229264222490e-01
1.146092787194916557e-01
4.745795648277257861e-01
4.212555224153273770e-01
3.784273792482424348e-01
4.068398488231630972e-01
4.358905929311122085e-01
4.120281813974604468e-01
4.328066436894136282e-01
5.821195369717119261e-01
4.688562630424601974e-01
1.385882241564265760e-01
4.164016028260094093e-01
4.232694965559798961e-01
4.060543157355232524e-01
3.129314043511114418e-01
5.732486679378737682e-01
3.014240414206877938e-01
3.505745235531016468e-01
2.656824074274383718e-01
4.236358994504116904e-01
3.853313822960531265e-01
3.577883885027493549e-01
5.760120715949963444e-01
4.150017261874742736e-01
3.990602642289998170e-01
3.722528759318633473e-01
4.270058616833963261e-01
3.769449005703781053e-01
4.431504710768313093e-01
4.370122014304319569e-01
4.345602876840624629e-01
4.845418327989794438e-01
3.297143919251038779e-01
4.591194238826911689e-01
4.097826899620911068e-01
3.767408292077344401e-01
2.573935159445071008e-01
4.439178961776941157e-01
5.444623813715657734e-01
3.057658916791209935e-01
2.617851376592439938e-01
4.213954725121381029e-01
4.238774457431049858e-01
4.469284596079750038e-01
3.470768027535346967e-01
4.988501836485365049e-01
3.880909970924420471e-01
3.935460375796310806e-01
3.742813954140629673e-01
4.891964517994275563e-01
3.184983637554814062e-01
3.011017405913479217e-01
2.089280772024238730e-01
3.816994474066228715e-01
3.516205947456785275e-01
3.484683747271642429e-01
3.219650798365203959e-01
3.635360789914116597e-01
3.838198876418105199e-01
4.918676631370780261e-01
4.498421296519149459e-01
3.177095826580049187e-01
4.059471450203565590e-01
3.773420109331786509e-01
9.431796368828598842e-02
1.820535703047765907e-01
3.506968632376621930e-01
3.531861185581332552e-01
3.753130092493142667e-01
2.378385891651096651e-01
2.759863992220873419e-01
4.349101708718467463e-01
4.071916287856238159e-01
2.525083736573602300e-01
4.067938221006326960e-01
4.004621893999525950e-01
3.037622519190765202e-01
3.889634133644154224e-01
2.495467758632624045e-01
4.486020618190811882e-01
4.134714770978948351e-01
4.651545939461306789e-01
4.364334184837069808e-01
2.266850982756338506e-01
4.212593964595586771e-01
3.813243808567245985e-01
4.350889914890348487e-01
4.309766448256072136e-01
3.971428224302632759e-01
2.913922435709002112e-01
3.503230013102164309e-01
4.083000386973985596e-01
3.600699146114814120e-01
2.802956658176092852e-01
4.125237892767539827e-01
4.080424967446115714e-01
2.808736797114941841e-01
4.600117841300372379e-01
4.829861306479510397e-01
4.230858833401178742e-01
4.888439615111569436e-01
4.474840606520966158e-01
4.437723932620225575e-01
2.787562990285464282e-01
1.272457006296682513e-01
4.044454544763372850e-01
3.257711543584972946e-01
3.618875070569277930e-01
3.946538730733146760e-01
3.815003034093361611e-01
4.616058299334191983e-01
3.619171898960308886e-01
4.698097668675205174e-01
2.979532640825868217e-01
4.486371606564978354e-01
3.031655417256210461e-01
4.932159997348015135e-01
4.036721740369443312e-01
3.746310786924016978e-01
4.461837009935405440e-01
4.384073321075320218e-01
4.076261311770476015e-01
4.123907987090427718e-01
5.587754454037155982e-01
4.323754854037741846e-01
4.255946820702108946e-01
1.760083407050974103e-01
3.517778286280988653e-01
3.371277080595807552e-01
3.801340617632121277e-01
4.371928614800687507e-01
4.350435530844844467e-01
3.509227936069254095e-01
2.480937322952890267e-01
5.566697688005675104e-01
4.402798184087504674e-01
4.036861929253895975e-01
5.413562037181431918e-01
9.027933558820351589e-02
4.576472113929954122e-01
4.342881234631796872e-01
2.105362863441775645e-01
4.024682435914277434e-01
2.031038695011639361e-01
4.356423724512156759e-01
3.318868644438816018e-01
4.255211179667867660e-01
1.573308564804479781e-01
2.681261278947276172e-01
4.889953655934994869e-01
4.783231040404357648e-01
3.887074925120924118e-01
4.883700495533697117e-01
3.861069663826884324e-01
4.202784308524028511e-01
2.175628726565404791e-01
4.096270550647893027e-01
3.151210145821896624e-01
3.967670171946326985e-01
4.226543658979486917e-01
4.239066338498973519e-01
4.746806234920876721e-01
4.408101058882175072e-01
2.097015765287597311e-01
3.999533984511988161e-01
4.237648498391012319e-01
4.891964517994275563e-01
3.871203984787676688e-01
3.528268339004865251e-01
2.971407854588706821e-01
3.860250505829439516e-01
4.170405685984332478e-01
3.878220404679878497e-01
2.752334869121365046e-01
3.036073131365042421e-01
4.348380965875487392e-01
4.164946603824402627e-01
4.648604247490498720e-01
1.512551651292403099e-01
1.924068100070818743e-01
2.829859344422034906e-01
3.975048001809919351e-01
1.347542927895072074e-01
3.879780130703491814e-01
3.457172938245560156e-01
3.326124901725741045e-01
3.880345669462738067e-01
3.616958232544367768e-01
3.199199896952450439e-01
1.576332919777039543e-01
3.388838610878885937e-01
3.224785049667079351e-01
3.309235012409803001e-01
3.428791438006689729e-01
4.464063757184012493e-01
3.226137409266051637e-01
2.606157335624404436e-01
4.385310829419973300e-01
4.599715220855682407e-01
4.527096977894483065e-01
3.550754554248448658e-01
3.925695021782273919e-01
2.628388459278880873e-01
4.531122704351174812e-01
3.940057225033248289e-01
4.257761333762041245e-01
3.817955914852270705e-01
3.483051093718019797e-01
3.742397012246332921e-01
3.969072390653886617e-01
3.730942683988942576e-01
3.765999218442534491e-01
3.676775833063528620e-01
3.609087608470912811e-01
3.903967322640676807e-01
3.963086676975689504e-01
4.691856444336627296e-01
3.535867549285464095e-01
4.674409915509651903e-01
3.691174531198661568e-01
4.414682813069633061e-01
4.341371089304073005e-01
3.649913336997555047e-01
4.397952603186700560e-01
2.827437714923539680e-01
4.581693927062673866e-01
3.635776858812411749e-01
4.548304961023682536e-01
4.651572384933324034e-01
5.066062816005939551e-01
4.263584178916328127e-01
3.607710026590137953e-01
1.384864476198599259e-01
4.743818882645204349e-01
4.098598697792759649e-01
3.999959412392127822e-01
4.298557363827765210e-01
4.414700571733533585e-01
4.130630488647422660e-01
3.621779374743667734e-01
2.062986593606101482e-01
4.323049273276449722e-01
3.414089900089811169e-01
4.453192360388517068e-01
3.553389359910181788e-01
2.064494522472079541e-01
3.118840000969603232e-01
4.363244710308139540e-01
1.945129241714682600e-01
3.979285209058337491e-01
3.993008092110469365e-01
3.965956003220948989e-01
2.351631500206848580e-01
4.216966731858026174e-01
3.014035036088718034e-01
3.377580965633097398e-01
3.989829381310449619e-01
5.414505318488870289e-01
2.926318884114462726e-01
4.567930407374442558e-01
4.033927112541518811e-01
4.526801004865265710e-01
4.900302059663712573e-01
3.973593336539845144e-01
3.747200466940864838e-01
2.271974915620985636e-01
4.199304723220570468e-01
5.262546378932972946e-01
3.177398979420484326e-01
4.618812751089497182e-01
4.882773709245044613e-01
4.828800932923740796e-01
3.688199161871900666e-01
2.770445343563611162e-01
3.048699509034044075e-01
4.397914734910544077e-01
4.028048865334927786e-01
4.570524943606094626e-01
4.269200846397658289e-01
4.523183431838850299e-01
4.102010284010362273e-01
1.644300410977300730e-01
4.105309477801736273e-01
4.693711584074529708e-01
4.439500710179058451e-01
4.113418421485041665e-01
2.536360971171257028e-01
3.176440590386147567e-01
4.700279952046689802e-01
4.586670616693706570e-01
1.712161931914881197e-01
4.868981477573077754e-01
4.081147679509162240e-01
3.148330917046902599e-01
3.764203878930705849e-01
4.636052710142174460e-01
4.277617390470893066e-01
4.064660533869764447e-01
4.434327147502123423e-01
5.441435456392810233e-01
4.172032488307153564e-01
4.063248729632918943e-01
4.702713319690085547e-01
5.443855563308896972e-02
2.228108015901463235e-01
2.180830379724703894e-01
2.530642084530073110e-01
3.318087664871762765e-01
4.116845656902823336e-01
4.539234643771707933e-01
4.208346860626343555e-01
4.465322071380128377e-01
3.012868325064250730e-01
5.706848496306264895e-01
3.472158889411373628e-01
3.667992565527083415e-01
4.437054554637966386e-01
4.053149653811060071e-01
4.618618930210222073e-01
3.970202580654106361e-01
3.967227282901399921e-01
4.378425210385836208e-01
4.862729959848190453e-01
4.134045511249474503e-01
3.087695368235545135e-01
3.607609741589437591e-01
3.282448564917527234e-01
4.146035337079576055e-01
4.815748240686171244e-01
4.657702835041682699e-01
4.589673453238041767e-01
1.543692873367179808e-01
3.973792581280206626e-01
4.594667125628734139e-01
4.920638124344418607e-01
3.827293856206523959e-01
3.316231906900000692e-01
4.263512386613058092e-01
5.785878156334044453e-01
4.539898247698667677e-01
3.186043524407014549e-01
5.469448869475276309e-01
3.180862702253827168e-01
4.744109917894521189e-01
1.970119517932007180e-01
4.577663400787664316e-01
4.161245360521084735e-01
3.899626956226492358e-01
3.005864800949478721e-01
3.977742266631797419e-01
3.796443100108006785e-01
4.935857356151066022e-01
4.544023134717293799e-01
4.304686827251480441e-01
4.193847881224808671e-01
4.531048860673270728e-01
2.722759222693180714e-01
4.217936216323001641e-01
3.470046673304720830e-01
4.399881492830122198e-01
4.103148512295529127e-01
2.261856667651385155e-01
4.677253212864636023e-01
3.830957411102395849e-01
4.686772470799691614e-01
3.978557478927972624e-01
3.155700516931559396e-01
3.864881218307409383e-01
4.471441720237584461e-01
4.044942232527520276e-01
3.284870513906004708e-01
4.173246739440850117e-01
3.363118510575187070e-01
2.679401012795534776e-01
2.868804817978862776e-01
4.712901889219872076e-01
1.728904008568550865e-01
3.247170604198042487e-01
4.873591934593689556e-01
4.634409029620051856e-01
4.146956025881187724e-01
4.561116469444465027e-01
2.962094079332168728e-01
2.064786889776784595e-01
3.011333524238249404e-01
4.228702048649584655e-01
8.715827444731974460e-02
4.285097977855704121e-01
3.166010015493908036e-01
4.301527313650120865e-01
4.495452582749591697e-01
4.220097491361061159e-01
3.850958196150429114e-01
4.194738053754134000e-01
3.552690270604420553e-01
2.350247292850719538e-01
5.374465990667441628e-02
3.876670254227421175e-01
4.154096877577930225e-01
4.454275419807574576e-01
4.990905505667842523e-01
4.843876286773955431e-01
4.452845853172531232e-01
5.008063543340073309e-01
4.379936205473926036e-01
3.968567756228298382e-01
2.542306013100576467e-01
3.650529390027311694e-01
1.565045562222309172e-01
4.886421910572700811e-01
1.127610755395668657e-01
4.162531398978986941e-01
3.185276850522529846e-01
2.064502850165159109e-01
3.419426527756248557e-01
3.771653969544567220e-01
3.960730381933619260e-01
3.572526759174295963e-01
5.432658395260444584e-01
4.263723180293862991e-01
1.433229192959634690e-01
4.674114553245697912e-01
4.891964517994275563e-01
2.890276626806400073e-01
3.169022126375988235e-01
2.575183381077151279e-01
2.213830801134756276e-01
1.706902021469030861e-01
4.062437610542804500e-01
4.414313007980329440e-01
4.390928553707774129e-01
4.765544881228764296e-01
4.361915968902310148e-01
4.467604287068567270e-01
4.828800932923740796e-01
4.799707043726924582e-01
4.251680583017278803e-01
3.991244793294552173e-01
3.632757815412657743e-01
4.190768187423692948e-01
3.869511843029365128e-01
4.654391075335911343e-01
3.605882267558562226e-01
4.272623191959036837e-01
4.527913730381321611e-01
4.729526453309169653e-01
2.243946601183477996e-01
3.715925000154977620e-01
3.089152189440610430e-01
3.418771135136732808e-01
4.228163787281073449e-01
4.527096977894483065e-01
3.607394489156242612e-01
3.158707960977840123e-01
3.877106442073719461e-01
2.130683254653240044e-01
4.090109463110008226e-01
1.793904055505143036e-01
2.169513865908448691e-01
2.385765004038757353e-01
2.213830801134756276e-01
2.689888927218607728e-01
4.073354935475350103e-01
2.964856978070644078e-01
4.390869351799302489e-01
6.047945557818915768e-02
4.468538310635142285e-01
1.523552043775703024e-01
4.584277368693530641e-01
4.728744677091773485e-01
4.101286674055991122e-01
3.802620519392848619e-01
2.878527124659668313e-01
4.355335013439805558e-01
2.680620701275284734e-01
4.114350255922861188e-01
5.725118656197885070e-01
2.588514178555538225e-01
3.497192405745088717e-01
2.465972609935454252e-01
5.794105309650772195e-01
3.930960905446009845e-01
4.095746016560607994e-01
4.374954398609204320e-01
4.225609787274383633e-01
4.078894594875733248e-01
4.723588044064475078e-01
4.980688778697645591e-01
3.108907058693294867e-01
3.812428690043455082e-01
2.202921768989972717e-01
2.904825419675096665e-01
4.342174034014806838e-01
2.606428102968700866e-01
3.669316864777405485e-01
3.734640778863717037e-01
4.795405982878890860e-01
3.279267037211684999e-01
3.834191411510842196e-01
4.836910806032446719e-01
3.872784624957408273e-01
4.477483675770321803e-01
2.747387191462712930e-01
3.505272699890427668e-01
3.016267521709328769e-01
4.750398919677742970e-01
3.293195092580638028e-01
4.132203279736664236e-01
3.899575939900296606e-01
2.060454121259652216e-01
3.691216570271301789e-01
3.881635916475031922e-01
4.672494192172839123e-01
4.325675197324161947e-01
4.427841854393718690e-01
3.921152822758878775e-01
2.730565595827288417e-01
4.428390997922933559e-01
4.610580362286295641e-01
3.687582240617746643e-01
4.836695019179647059e-01
2.979043102509361107e-01
4.381066693803102319e-01
2.528782343462190885e-01
4.381966444808038097e-01
4.602562964515394817e-01
4.574328040730398226e-01
4.203955989484855493e-01
4.713615255578580410e-01
4.408679285127981018e-01
4.250747533687685986e-01
3.401433730809890754e-01
4.728303915352215503e-01
3.997892554942006904e-01
3.844013800710386342e-01
4.223418841575183325e-01
4.640022657797338024e-01
4.462462611151462588e-01
4.243223032612395418e-01
4.714875359748435524e-01
3.708717748481975551e-01
4.352842758813776913e-01
3.391433189017665217e-01
1.918160357974442176e-01
4.737573500580186669e-01
3.413990266309274157e-01
5.646210643017820496e-01
2.647182990193420182e-01
4.242546108027823171e-01
2.606560680782326056e-01
2.208554827967035561e-01
1.934989822762211986e-01
4.605769060585883645e-01
5.084475724436162691e-01
4.762663080351959288e-01
3.940613352530471514e-01
4.467604287068567270e-01
2.373339642827286822e-01
3.873677037235980225e-01
2.863635880852982707e-01
4.430011984283327431e-01
5.761178248949353486e-01
2.585941431955538494e-01
3.475162413481551749e-01
3.330055658333240798e-01
4.409746936831494546e-01
3.859033086765862319e-01
2.364539000844763650e-01
3.180090994534987003e-01
5.739286198767348246e-01
4.332340339019142839e-01
4.658907791091531636e-01
4.363895830060345871e-01
4.345766957766775684e-01
4.230946008524669177e-01
3.680577613640155787e-01
4.425977553176870249e-01
3.858710982153161773e-01
3.967473832905107911e-01
4.034925190115061233e-01
4.349087912560180569e-01
4.358148332261485014e-01
4.439905821815758880e-01
2.297720697940122681e-01
5.344348426344215364e-01
4.268810055795642655e-01
4.249054597768563979e-01
4.819976334171678922e-01
4.504164842600369978e-01
5.296272404620248064e-01
2.804933810722961551e-01
4.888509410602456251e-01
2.450403756507885666e-01
1.046067766695154555e-01
4.161257809012540720e-01
4.410597860638990619e-01
4.186424771747335738e-01
1.892573700493120070e-01
2.053390905369058828e-01
3.034787551396009864e-01
5.643095025680213705e-01
3.777994286397863277e-01
2.533835132909794674e-01
2.268218282661160767e-01
4.036128980648861497e-01
5.336456733358715399e-01
3.633850825492407899e-01
3.668523006859648050e-01
3.514590405288658959e-01
4.002354224648446701e-01
4.824917917247744659e-01
4.374052433995112010e-01
4.063858381245230578e-01
3.898432105188339714e-01
4.221023357560059752e-01
5.091864005356444567e-01
4.405458800390512630e-01
4.314776409241827815e-01
3.474846950733626594e-01
4.424962186631192229e-01
4.480892255877645391e-01
3.198348460301295715e-01
3.217135535896373244e-01
4.922197990196764406e-01
4.046905942429691594e-01
1.914070989683977764e-01
2.429743868814792929e-01
4.564539186361081802e-01
3.821160421771293558e-01
5.048829189908567994e-01
4.249279073919013383e-01
4.321840684169098168e-01
3.054136377097060873e-01
2.778987102399301246e-01
4.245850855965808690e-01
2.268990330408624245e-01
2.021050234919774813e-01
3.815843669493613199e-01
3.225936585332353501e-01
2.269743207304977806e-01
3.383217422199397140e-01
4.566601022839430479e-01
3.300623277799594191e-01
2.352741064846698982e-01
4.675172670455338686e-01
3.240639436270070783e-01
2.284557966039965082e-01
4.018495267620860734e-01
4.138680401370142814e-01
4.195494584454093068e-01
5.186255763982259293e-01
3.421147347267226024e-01
4.171164784221960131e-01
4.773512030071808132e-01
4.979766180632202999e-01
2.449987470190433947e-01
4.243893342509587052e-01
4.051841422002346871e-01
4.869039519774409075e-01
4.319635285489999976e-01
4.387389159049958076e-01
3.326948823235824082e-01
4.357922174846874386e-01
4.136001106521041137e-01
1.302001283839625267e-01
2.217323112668120044e-01
3.991103439723894253e-01
3.936032384020219377e-01
4.333610032037660265e-01
4.164398388890743763e-01
3.413808674842611079e-01
5.609479213456002311e-01
4.398807356724752649e-01
3.839861512239330921e-01
3.797131754539038173e-01
1.737646409653944291e-01
4.194623950189355632e-01
4.563842151334408515e-01
3.446421273588098355e-01
3.290736242084389973e-01
4.509184989507623031e-01
4.004370891882180761e-01
1.155632961921218976e-01
4.948999010373950624e-01
2.835351872878199564e-01
4.105526444692856880e-01
3.844160570258611243e-01
4.316969461915217132e-01
4.591194238826911689e-01
3.650821789955263075e-01
4.524714738606236963e-01
4.427378617986198472e-01
4.511222566323333516e-01
3.935998000674392205e-01
3.642141627022335015e-01
4.972134929033309447e-01
3.836338243112211166e-01
3.706502711163568997e-01
4.597454091506014140e-01
4.599400320742061954e-01
4.651150717076835139e-01
4.869039519774409075e-01
3.919773159836543730e-01
4.231558337214071375e-01
3.314499862917625328e-01
2.773609953237634596e-01
4.861220738966802735e-01
2.947623838884302905e-01
4.439905821815758880e-01
4.451245539473621116e-01
4.798644622530820469e-01
3.267451676354512502e-01
2.315914321050384639e-01
3.486220037667816518e-01
5.587754454037155982e-01
3.863248171407679954e-01
2.340333341971733150e-01
1.987655269937730618e-01
4.119804438683180581e-01
4.238355388646306010e-01
4.759036467626219791e-01
4.439905821815758880e-01
3.677506618887357859e-01
4.584277368693530641e-01
1.523360644381533680e-01
4.266972112917180038e-01
3.507949313928139801e-01
3.915274358133132293e-01
3.942902851138259113e-01
3.498519470865820713e-01
4.281419079764668401e-01
4.808019337804313453e-01
2.871338668125856808e-01
3.782205055642861025e-01
2.372693611679147496e-01
4.802538639865071568e-01
4.363204402290306594e-01
4.166548588829345201e-01
4.013990668833975484e-01
4.288679640623134781e-01
4.076129621319528051e-01
4.154110703610604527e-01
3.292491752398436500e-01
4.568984242173567134e-01
3.731915431608410216e-01
4.199798373414629915e-01
3.338132336847803305e-01
4.216171533742035238e-01
3.990159308656090476e-01
1.273255098079076053e-01
2.510012652063859373e-01
3.940242359934250094e-01
4.338875137307623420e-01
3.859021597781654989e-01
4.599585542776695180e-01
4.120780043248449265e-01
4.355920565134469569e-01
4.451965167006119994e-01
4.408082832186198674e-01
3.645255764955358524e-01
5.180688949385686692e-01
4.484598436338480543e-01
4.068006657627487588e-01
1.398033834715146917e-01
4.320512534442117469e-01
5.696355423364758419e-01
4.764443108825083262e-01
4.415433438598923011e-01
3.103886069909194689e-01
4.707478521138593053e-02
4.197361577685226330e-01
4.851170026874448982e-01
4.014327890924243025e-01
4.097698814012766255e-01
4.163711946824102950e-01
3.886710232701166556e-01
4.033667090848569448e-01
4.640022657797338024e-01
3.339794756909560958e-01
3.422939519264096564e-01
3.679222771562535854e-01
4.299467966704094701e-01
4.569636346950728956e-01
4.366690423864661996e-01
3.954335590793732202e-01
3.216051849115170724e-01
3.317150840581324922e-01
3.432593539110603276e-01
4.520394561884265583e-01
4.086127451181210124e-01
4.340682712870816973e-01
4.671514401044048470e-01
3.884810388846272611e-01
4.480499696877836557e-01
4.239767597432153590e-01
3.730035037017324084e-01
4.290599224394734956e-01
3.455020973799060591e-01
4.579698407576174302e-01
3.867424005045596580e-01
4.677927848739160122e-01
3.635639893872316675e-01
3.484280785138641479e-01
4.446822691949139927e-01
4.237835195058624604e-01
2.620276249329168694e-01
4.331081026520565702e-01
3.937438448017911985e-01
3.158481448182490214e-01
2.121724085631850609e-01
4.417754359461301683e-01
3.273334100788878875e-01
5.248327808419497309e-01
4.894380268877114304e-01
4.217867569958743124e-01
3.955467598567469212e-01
3.646764352458231606e-01
1.074428389197316785e-01
3.865775978629882870e-01
2.312504340840456085e-01
3.581396415142018008e-01
5.787614343728049171e-01
1.326051563791141863e-01
4.602212547073974425e-01
4.462126698555196613e-01
3.679970328120855672e-01
3.948741883854089973e-01
2.566656436877794434e-01
4.233391530064863351e-01
4.214615781841852815e-01
4.227390208678692418e-01
3.095214586523247768e-01
4.239205727413706271e-01
3.426661629827341682e-01
3.095627039790767032e-01
3.991970313964980366e-01
3.400151537849582239e-01
5.441940408441230392e-01
3.814243344176885819e-01
4.128169810004605478e-01
3.971843885747471381e-01
4.484973118836526051e-01
4.310612078488006982e-01
3.629231467563899249e-01
5.432422456473339212e-01
2.654054091934741622e-01
4.483634442122120256e-01
4.051250085049487581e-01
4.603105924046320685e-01
4.270058616833963261e-01
3.890758407270809571e-01
3.163314794276695929e-01
5.383826483476170655e-01
2.504880066259108085e-01
3.716756189439753832e-01
4.619869920202245295e-01
4.836695019179647059e-01
4.384258260133112595e-01
2.261598881558461727e-01
4.240381451375025423e-01
4.468581503191092485e-01
4.572403857962754059e-01
4.384437282402419145e-01
4.464149257682094030e-01
3.060565282298362555e-01
4.560418694611770296e-01
4.053250691480366208e-01
3.331625493517771375e-01
2.931590445571581882e-01
4.396606884830120410e-01
1.483965445938943972e-01
3.148223999102251480e-01
1.897479613809396337e-01
4.053569523395367802e-01
4.337151928675460066e-01
4.091417796159702025e-01
2.085074224766733653e-01
4.649739572980977620e-01
5.486978354083377196e-01
4.407755519679340539e-01
3.805481990333786646e-01
4.572759294301336763e-01
3.627897920530843701e-01
1.408441754707656646e-01
4.109006571054673040e-01
3.931814963574700172e-01
3.967838999165850811e-01
4.191552505453590705e-01
2.979518937610121654e-01
3.456661174784840806e-01
4.069344441637094967e-01
4.434767936626536899e-01
3.627856389322797193e-01
4.595991865526276587e-01
4.534065025343816391e-01
3.794765050762328173e-01
4.125893289536275987e-01
4.593938271059603839e-01
5.603893829852758524e-01
2.280814744242626035e-01
5.530977764969670085e-01
2.925014544274613937e-01
3.548615771512539374e-01
3.969367511433205542e-01
3.980769454121622641e-01
2.822085608797348377e-01
4.262585427509369973e-01
4.212713670437934765e-01
5.644207398512524065e-01
4.179529458474334769e-01
3.800886643944528243e-01
5.834199050531856390e-01
4.110950537305839703e-01
3.422808632102244952e-01
3.971620115794357586e-01
4.698097668675205174e-01
4.956364392368469707e-01
3.108056656442820254e-01
4.193553072051952046e-01
3.562931942273566688e-01
4.075538292665109585e-01
3.915516920113520927e-01
3.961689687945694760e-01
4.603979903412654950e-01
4.013056698377423515e-01
4.110958108803476341e-01
1.899352249721134311e-01
4.198505811552198930e-01
4.729526453309169653e-01
5.678957652443239468e-01
4.924101962111170905e-01
4.092968486840673492e-01
1.395716287583987636e-01
3.346119644056445019e-01
4.291624215472372161e-01
4.231015318764214106e-01
2.653060864800006469e-01
3.992961800916621784e-01
4.074294684966266455e-01
3.194576817173119809e-01
4.909685501577839561e-01
2.292514712424064682e-01
3.186871448255227945e-01
2.884198266012667489e-01
4.604318083972867015e-01
4.594454890508714029e-01
3.145454356220714343e-01
5.686402437033878376e-01
3.871016454956580088e-01
3.911338541136265001e-01
3.886175784051407178e-01
3.481027341690217658e-01
4.413411608904996286e-01
2.663626966927425399e-01
3.175394392642343910e-01
4.484049932619072476e-01
3.423092778400703140e-01
4.857480714558809476e-01
4.470492129625396882e-01
4.724658779053770297e-01
4.480403717938210018e-01
3.798627811603349502e-01
4.559572320839515580e-01
4.454551594830997718e-01
3.959015511782509322e-01
4.186500495851986914e-01
4.466369791887868645e-01
4.407844718377686988e-01
5.066257364658497409e-01
4.857477387713782790e-01
4.773402731096951235e-01
3.796881544092972072e-01
3.807296654425346705e-01
3.203447899642862251e-01
3.249495371387858822e-01
4.617761150230710321e-01
4.808019337804313453e-01
4.734539248627474550e-01
2.738771378428042080e-01
4.251375797873484519e-01
5.423532909142361191e-01
4.850243227100830001e-01
2.166279503947297624e-01
4.457677362406804455e-01
4.369021892460568379e-01
4.674562087343016592e-01
3.278305769863061325e-01
4.059190134710818354e-01
4.977720736894353792e-01
3.109432702697074169e-01
4.077651756234916824e-01
4.788367712361494832e-01
3.160353853656892587e-01
4.318677259512460065e-01
4.438631368189057680e-01
2.983684850461733595e-01
1.022583775941283413e-01
4.050814722275692947e-01
2.474239821072015955e-01
3.195541740399958641e-01
4.140350881707716701e-01
3.224089421226168373e-01
7.651255807204261628e-02
4.227366577208043763e-01
4.266770974472565148e-01
3.847860216941866307e-01
5.048481646009831403e-01
4.150094448994555707e-01
4.143310310766477600e-01
3.958201265217414777e-01
4.009626615764508850e-01
4.498178704041989606e-01
4.292658063476167962e-01
4.443487083768485335e-01
3.715963016143385422e-01
3.040941764505308287e-01
3.924860923064056872e-01
4.643539357878502805e-01
5.657583294698775855e-01
4.146953669123922825e-01
5.292130333604765369e-01
2.249525996061124966e-01
5.455682216788414890e-02
4.130707104834489551e-01
2.674568723715260998e-01
3.248238855671384817e-01
4.992215788851188663e-01
3.355684699428103657e-01
4.504166298976778893e-01
3.998614198580765500e-01
4.112018265355011359e-01
3.034467920756054315e-01
4.547878573013910963e-01
4.647329565864128931e-01
4.991254167159131505e-01
3.084838898765042692e-01
3.542455883306850351e-01
3.207501934571592717e-01
3.969104608936437351e-01
4.293325116235237604e-01
3.964545115546920240e-01
2.076195562760239643e-01
3.012708892354271639e-01
4.566759660818080491e-01
3.759456894297843466e-01
2.726031603132272330e-01
3.340790120063028557e-01
2.351901930063919899e-01
3.990189881772698288e-01
1.355809097317952350e-01
2.927126592960218043e-01
4.818806117263317867e-01
1.989574501025585529e-01
2.080413115721489736e-01
4.443559266928330254e-01
4.819796547615949334e-01
4.905493707133281589e-01
5.752226629694058291e-01
3.659977953750312429e-01
3.709611134582607161e-01
4.872503357541161373e-01
3.221932153505303598e-01
5.646210643017820496e-01
4.094825985825373271e-01
4.202111283376916973e-01
5.647390322016155872e-01
5.310802580351314806e-01
4.405413135106583389e-01
4.518089880656148138e-01
4.076872133048057290e-01
1.766027297156672338e-01
4.828800932923740796e-01
4.410376348691693593e-01
4.393715115450974595e-01
3.249393108246266815e-01
4.591496852268677209e-01
4.166938335072551403e-01
3.040482573587811599e-01
4.409746936831494546e-01
2.395360801867087164e-01
2.554080730890357920e-01
3.443460078621076170e-01
5.308437303076626312e-01
4.547878573013910963e-01
4.426603874697612739e-01
5.181731597886242158e-01
3.907911582471493284e-01
3.082328972608745499e-01
3.948418792349284723e-01
4.601836452596180238e-01
4.406092255251203293e-01
3.014308018286937507e-01
4.068476939204019871e-01
4.396717539977710310e-01
4.548807146164387527e-01
4.165362113407769518e-01
1.503436529667895594e-01
4.822151902444645755e-01
3.162132212898594585e-01
2.792295089952705478e-01
4.384405939190479384e-01
4.553472679108568899e-01
3.281200209680545377e-01
4.213543287997971731e-01
4.456725265665412716e-01
3.246574838989564338e-01
4.289007953921986083e-01
3.880542682129911602e-01
4.566601022839430479e-01
4.311724710231678026e-01
2.599367853200273970e-01
4.292584097811180111e-01
2.027782978827666338e-01
2.878375876494660424e-01
4.698154667347571589e-01
4.236736534570346713e-01
4.258516514305636935e-01
4.557381529906240902e-01
4.212217985466123471e-01
3.982276238165789461e-01
4.344647558644407770e-01
4.547878573013910963e-01
3.315585721608318437e-01
2.772773328681415461e-01
4.417584080014589354e-01
4.152727287095910325e-01
4.468220755020377855e-01
4.135998201651743256e-01
2.612779977890725691e-01
1.763463713695307411e-01
4.075808183694028530e-01
1.406101433905329601e-01
5.462325555288979340e-01
3.503739795258212220e-01
3.506138882248989175e-01
3.821986711656459312e-01
2.821561646887575381e-01
4.569778389706917743e-01
3.554905717450894675e-01
4.746122665774535898e-01
2.679051202177617497e-01
3.735047935028837363e-01
3.254873581297755836e-01
3.265673613989539814e-01
1.561050421070560579e-01
2.190439013270496782e-01
4.112605617396466462e-01
1.964068776891569057e-01
4.213289626230262153e-01
5.709306776699610841e-01
3.905285707177122423e-01
4.536265825856715117e-01
3.603631887179618021e-01
3.567012742579216966e-01
4.143462723669555925e-01
2.670010365967405153e-01
1.587694384329582376e-01
2.888811788477412268e-01
4.119366285973496966e-01
3.260723637870170943e-01
4.607010332273563935e-01
2.843490053369773229e-01
5.616131553768320961e-01
4.167501794657386682e-01
4.066959725264188141e-01
1.827448113598913182e-01
2.171828255482779191e-01
3.130895040098891080e-01
5.666992238137248394e-01
4.004668914626343668e-01
1.864893828156865829e-01
2.879673627527891688e-01
2.890852609983582955e-01
4.057511648867139775e-01
3.776624857735444429e-01
4.883568119631516158e-01
4.879269674037187143e-01
4.825264503298921093e-01
4.467198058461698262e-01
4.171598171136934319e-01
4.547878573013910963e-01
4.483575985413656984e-01
4.013020804300398425e-01
3.913751835680545077e-01
4.316986119375986752e-01
4.330959246067949131e-01
4.988501836485365049e-01
4.694723888495451192e-01
5.786329927615376789e-01
4.953371219773688439e-01
4.324804298961537619e-01
1.715926620378918632e-01
5.135822794958754267e-01
3.952336722056414842e-01
3.843549819102857201e-01
3.249824638799972965e-01
4.245349191552280632e-01
3.843899624949170812e-01
3.996244114019161797e-01
4.000352411624235605e-01
1.774801991573643212e-01
3.013823067348656570e-01
4.331805094548883961e-01
3.662599696628489054e-01
3.375065065843992351e-01
4.343861207496446664e-01
3.067009585257078341e-01
4.030540869762958001e-01
4.562067372040186086e-01
4.482558855449250146e-01
5.560773145870938627e-01
6.004538029015262790e-01
4.891730048861084312e-01
4.843827676165827767e-01
4.569636346950728956e-01
3.949590794459781340e-01
4.808831370552790196e-01
3.822623366396027955e-01
4.131635623630177667e-01
3.974346567572171751e-01
4.370614066218628246e-01
3.297927419677029737e-01
5.714187863310397075e-01
2.897796171222836725e-01
4.717993079911010357e-01
4.098251486039126146e-01
4.350424886019556014e-01
3.664896278578116950e-01
3.123350187926708377e-01
3.306837955632634940e-01
3.230811709513227714e-01
2.967527586734011180e-01
4.488108138344287235e-01
4.835452170995623300e-01
3.620963790054949616e-01
2.434541819983204181e-01
5.419117141432883145e-01
3.295998939976597097e-01
5.546183150412461460e-01
4.009947713153924065e-01
3.242035892125226249e-01
4.153459811235684085e-01
1.784930199072895518e-01
3.779663629019165416e-01
3.136077980844084179e-01
4.194828168185453232e-01
4.300730918898927335e-01
4.328993707189364715e-01
4.264570881816689973e-01
1.969823207571160251e-01
1.809703274642387449e-01
3.644419511754377061e-01
3.043547099083408480e-01
8.930217489926484120e-02
2.176133016190766323e-01
4.090851307228952627e-01
4.661615581127595553e-01
3.458281786470619457e-01
4.404054010410985986e-01
4.176616966643058593e-01
2.304664213278624363e-01
4.753836533125932462e-01
4.001877314899566773e-01
4.916992584923265963e-02
4.566759660818080491e-01
4.384942732149842981e-01
3.509227936069254095e-01
3.958939057415043483e-01
4.518777055475136639e-01
4.171427158522953427e-01
4.457690859821212825e-01
1.536704634151023485e-01
3.751467041542402292e-01
4.271186287842394513e-01
4.688394681595066116e-01
4.826817571483260072e-01
4.650093304819763462e-01
2.454102009053040490e-01
2.453689776524053678e-01
2.959113992134195792e-01
5.834450881248542942e-01
4.072681007457849556e-01
4.265697123003724389e-01
4.465035367709591640e-01
3.696792137648599041e-01
2.806207781587852779e-01
1.871692855447920356e-01
3.695831492683055997e-01
4.010958349588189531e-01
5.709600468487376901e-01
4.113009519950302506e-01
4.139729051303283613e-01
3.828247897065198413e-01
3.544487253718481279e-01
2.455434528998417243e-01
2.061316865107289120e-01
3.214635126599761361e-01
3.078658142677044296e-01
4.110421651101132112e-01
3.745376528926481763e-01
2.984443677340337664e-01
3.961252616730344123e-01
4.063933858886182304e-01
3.107580074482363397e-01
4.371664194933968517e-01
1.223901197754315440e-01
3.806674313666787435e-01
3.048853743030015551e-01
4.014915403955455209e-01
3.002564354923346057e-01
3.826067279190837889e-01
4.570793905624535580e-01
2.514556911590173360e-01
4.568079776824256477e-01
3.421637053419703811e-01
4.110638211783562146e-01
1.916303970151002622e-01
3.858859108496502377e-01
4.956364392368469707e-01
4.119937856869560489e-01
4.530791929734699908e-01
4.159173039792282145e-01
5.675573828245330521e-01
3.953161265119734535e-01
4.395695233030839089e-01
4.031889540289950724e-01
5.016269036065907905e-01
2.132933535450891316e-01
4.356397369493147376e-01
3.571603042271536133e-01
4.202299428122496239e-01
4.390514876420196222e-01
4.305615946439380060e-01
4.259173013937191943e-01
2.163719447893907299e-01
4.349527778068101869e-01
8.198627976082600854e-02
2.874691805933437538e-01
3.364519306515024177e-01
4.580632050451765025e-01
2.558046738445698964e-01
4.788367712361494832e-01
3.659804436459354049e-01
4.927108996007001918e-01
4.891730048861084312e-01
3.615741402255184811e-01
3.003221780660925155e-01
4.139842069431969307e-01
4.218675722771095815e-01
2.558897292972567850e-01
4.410928736911368664e-01
4.330431922459696548e-01
3.363791312494233687e-01
4.415564019548299801e-01
4.225436388858593850e-01
3.046551986172533200e-01
4.393794990435851422e-01
4.851170026874448982e-01
3.971716857360719222e-01
1.701532445464689347e-01
4.727320783271048432e-01
4.497064342073354148e-01
2.877465388914796640e-01
4.187143549519468655e-01
4.112991289520027127e-01
3.848425944075725136e-01
4.471548275955282703e-01
3.771814041493835035e-01
3.865585106186721909e-01
3.500965349861364095e-01
3.527634824395399216e-01
4.517671846272084402e-01
3.179677492551976625e-01
4.260378759998631470e-01
4.184887646527989391e-01
1.260988617990579375e-01
4.204734159614683109e-01
4.183092002048450775e-01
4.005110654959564975e-01
5.631693281324539058e-01
2.789002487613077008e-01
3.955846617415897937e-01
4.240687920272513955e-01
3.250549705960597002e-01
3.455675599642620832e-01
4.420260399457643374e-01
3.006826145473603940e-01
4.881376753616275543e-01
4.230199867472935749e-01
4.899494103524413280e-01
3.069361223214017165e-01
4.195508008012375223e-01
4.303018498699677230e-01
3.828143853700535226e-01
4.371984832589748682e-01
4.312627915047789751e-01
3.199834995734317511e-01
3.293023105729674938e-01
4.209876851675897758e-01
2.666709470995610731e-01
4.618153599276174637e-01
3.280905911276737474e-01
4.510969675480800412e-01
3.185881431579883905e-01
4.264837623172299530e-01
3.260436673628585025e-01
4.585674899196805487e-01
4.078290122942879181e-01
4.045100845610847262e-01
3.879343437689593554e-01
4.318233421540796368e-01
4.071334977909729091e-01
3.081072690285926452e-01
2.116437422930989853e-01
4.431527283357880598e-01
4.795506602306766619e-01
5.155687090359905023e-01
3.983596697312503654e-01
2.433134430309549789e-01
3.690416642873742825e-01
4.174647787653296693e-01
1.922919222396220762e-01
3.282836292979864345e-01
4.048648024206391027e-01
4.259692764388119945e-01
4.717287651841033935e-01
4.349580338734181373e-01
4.477877903171708640e-01
4.355250002964669020e-01
2.830091348088383252e-01
2.796157220942049326e-01
4.319473536010868808e-01
3.960445761171792478e-01
4.003807985388443402e-01
5.733753566694328452e-01
2.505004313838256058e-01
4.069840600449891599e-01
2.704110396377550352e-01
3.338096133031465129e-01
4.956364392368469707e-01
4.412465152614002961e-01
3.836500434483329780e-01
4.446822691949139927e-01
4.284651369034565005e-01
3.597290337177977970e-01
3.143804556428143049e-01
4.359191076194113279e-01
4.053209752366089824e-01
4.244749081072595187e-01
3.895490006593919086e-01
4.082303503808784040e-01
5.621058964351797194e-01
4.424553067677296503e-01
2.039133396910372265e-01
5.378616264510398537e-01
4.433706871395703963e-01
3.256000735313308025e-01
3.948418792349284723e-01
4.388010684071759759e-01
4.194488732900951145e-01
4.397734467875076270e-01
4.692544584264312646e-01
4.304122499442247785e-01
3.885789098273269015e-01
5.668656958111949473e-01
4.747787546738994613e-01
2.228897708157396573e-01
3.306537776746020230e-01
1.622150407333188549e-01
4.332019033338856406e-01
4.655578507982664482e-01
4.483008349638351042e-01
4.406092255251203293e-01
4.072025877069071487e-01
4.154206364927399697e-01
3.261693255940047997e-01
4.204367673901809321e-01
4.873954033750610981e-01
2.798044649499251135e-01
4.505236472576535367e-01
7.404024302321282613e-02
2.964511850055564501e-01
4.721115293679426506e-01
3.119564713786793231e-01
3.123462765408173136e-01
3.980243181096009830e-01
3.403672778422781042e-01
4.405295482920940642e-01
4.071179725280115735e-01
4.678846316048096421e-01
4.289484683179772273e-01
3.535051438268120849e-01
4.904687020655466578e-01
3.241698387058117858e-01
4.066555023570476712e-01
3.279494081729646959e-01
5.473631342280974588e-01
4.010147525507655186e-01
4.446523971306082790e-01
4.094633821314936917e-01
3.453501632346398509e-01
5.577953498881064176e-01
3.343158220467371544e-01
4.287559107933715530e-01
1.717868402221068014e-01
4.749458213376570592e-01
3.089149620658175888e-01
2.396314281906740951e-01
2.490384443162065864e-01
3.821000232814006359e-01
4.464492412327886184e-01
3.988734245170095782e-01
4.376826181285604078e-01
2.957495835127286754e-01
2.951007762870965778e-01
3.214922502651486602e-01
2.982521906307130655e-01
5.042428093198230155e-01
3.805481990333786646e-01
3.605141858240079045e-01
5.082600375919633651e-01
3.728896828648415873e-01
3.956147695231142514e-01
2.935094869768864467e-01
4.654029263719972609e-01
2.591064180788240079e-01
3.031206875728145178e-01
3.338973540691268505e-01
1.569157561502620424e-01
3.948529362437853130e-01
1.698871988491749696e-01
5.205258176862092023e-01
4.687174231525886303e-01
3.846735301015871689e-01
3.744004600358689094e-01
3.057426439283876252e-01
4.444392435806224784e-01
2.941838527371535839e-01
4.988501836485365049e-01
5.402240360749388515e-01
4.524264480960557555e-01
4.262905685926392518e-01
3.068598354994609423e-01
2.140984442119391040e-01
3.676700542967344942e-01
1.762305470400112595e-01
3.464681934254220663e-01
3.959250644583525713e-01
3.055480581817988650e-01
4.427418989902027202e-01
2.566120184717463060e-01
4.221055042667771207e-01
3.229657183919634189e-01
4.362084083700667470e-01
3.737593667921067508e-01
4.379022161234082389e-01
4.828800932923740796e-01
5.259099504217082943e-01
5.182331523310692578e-01
4.212260068520501943e-01
3.024497130949692081e-01
4.889442073224695151e-01
4.362526633754276739e-01
4.928532210600324870e-01
4.728303915352215503e-01
3.798743031308452478e-01
2.998406862499892744e-01
3.493366582095135953e-01
3.535738306874633419e-01
3.343874046484014428e-01
2.379095722873907082e-01
5.464849481330291692e-01
3.689837591762894498e-01
3.994055608476559383e-01
4.410597860638990619e-01
3.996550456157962894e-01
4.316470948834688071e-01
3.951719055809713166e-01
4.333635120299639265e-01
3.806182300755152070e-01
5.130132993316233181e-01
5.748560029477772781e-01
3.841780872990327445e-01
4.552628412310502637e-01
1.742001280446496270e-01
4.796584721663852413e-01
4.078625243038022652e-01
4.046250993776773774e-01
4.462617506948109991e-01
4.478088890206190498e-01
3.612133606037121747e-01
2.480184745422798487e-01
3.684603435528919779e-01
4.521280281885032282e-01
3.904168846547879101e-01
2.882129399924884261e-01
4.572010204813489742e-01
2.552313186177064819e-01
3.328826923100491886e-01
1.197243560324090655e-01
5.566585871076334957e-01
2.642016441358882028e-01
4.568554411140593463e-01
4.206475415281573649e-01
3.280361721916844053e-01
5.847112348045784280e-01
4.833302161713705636e-01
5.263384215061589488e-01
3.979540028043654365e-01
3.602889750955547421e-01
4.075417288116733316e-01
3.468040799645831229e-01
4.838680321625495329e-01
4.645938112309253576e-01
8.990044865905499893e-02
4.228731902291351097e-01
3.796685561469796966e-01
4.843111308260982795e-01
4.642897338196779189e-01
3.200878896469631640e-01
4.128654116154015230e-01
3.969200387468712066e-01
4.160526164507521441e-01
5.204628658989308709e-01
4.412640628129593789e-01
4.136053640217187133e-01
4.258680859952058140e-01
5.372847934097602085e-01
4.582107975290568014e-01
4.122984389685219186e-01
3.845801214381144861e-01
4.069762242420043030e-01
5.560699961919099987e-01
2.201529132077399975e-01
3.266381066879138206e-01
4.503991121375222617e-01
4.080906469552285643e-01
5.715013183107802153e-01
4.304637881386332854e-01
4.034494730890098024e-01
4.703698194443878822e-01
3.304489823974511853e-01
3.512092920777604155e-01
2.358455117438495729e-01
3.514056390647367634e-01
3.937737561384692664e-01
4.431691145205187143e-01
3.251567982354637842e-01
1.248550605805690550e-01
2.446960041423434651e-01
3.610989081724712002e-01
4.034850702478129936e-01
3.388153476646558193e-01
4.667277106661999464e-01
4.151941721810318842e-01
4.137058610475887188e-01
4.380517426212193199e-01
4.034866497315949818e-01
4.240097487849731617e-01
5.640062100233308451e-01
4.198610981015316046e-01
3.472818847003324438e-01
3.873386147001920965e-01
2.552169448308690969e-01
4.453637868006525835e-01
4.015028059442266040e-01
4.060152257628716899e-01
1.473769649296825801e-01
4.931207172833341201e-01
1.499598603000961150e-01
1.994588092994233619e-01
4.329592260466582632e-01
4.093390338922553995e-01
3.467923387492596876e-01
2.424957063282589531e-01
4.872419212178507042e-01
4.337663794777523174e-01
3.896098963626712930e-01
4.032499191902261804e-01
4.021643790766860627e-01
3.375662550696921782e-01
3.903686283278556823e-01
4.175844789647375488e-01
4.562821170893343048e-01
3.381334407790463903e-01
4.117348630395430420e-01
4.410156189390291304e-01
4.655594113201105833e-01
5.671513362024767080e-01
3.010417241908848185e-01
3.517487113277549815e-01
3.508779363007112351e-01
3.424256881432602428e-01
3.981427651614221630e-01
3.172580830676340891e-01
3.252460404591338561e-01
4.956364392368469707e-01
5.450065479937303836e-01
2.979930466431304770e-01
4.235485155381437106e-01
4.383370944342127595e-01
3.973909659836110109e-01
4.566601022839430479e-01
4.226402740662063562e-01
3.017935215430389562e-01
4.225360512892470388e-01
2.815836968971826004e-01
3.953477672230253925e-01
1.299836629105842190e-01
2.732874618799775446e-01
4.155044534653346555e-01
4.655594113201105833e-01
4.615824575401008545e-01
2.463121135711557053e-01
4.699919630415846372e-01
3.399588601688917633e-01
2.401222301730418507e-01
3.372056399644802194e-01
4.116539744208347895e-01
4.623348603050236316e-01
3.736397965462860959e-01
4.166585879534002723e-01
4.271432602585298333e-01
2.824725723801681521e-01
4.308911547835612699e-01
2.843528384906402473e-01
2.678524460290084286e-01
3.109457275625862605e-01
3.947418720660351155e-01
4.485086205427350481e-01
4.404860616808844442e-01
3.752634111059524047e-01
3.917653584257423938e-01
3.213597002616740972e-01
4.682484673764950034e-01
4.464506035878598733e-01
4.592411783611871079e-01
4.199086870055943055e-01
3.121656509297109916e-01
4.570886665598869469e-01
3.558981168373967496e-01
1.335669531682782130e-01
3.036090644395086913e-01
2.868250797663289275e-01
1.624293273680085803e-01
4.195163334751866868e-01
3.978961268208087709e-01
3.651144260529215479e-01
3.860087838750186351e-01
4.737538385726778878e-01
4.207917082703392375e-01
4.598875953038520370e-01
5.422751526271071265e-01
3.351269315106603086e-01
3.311506774966942457e-01
3.731335736331073405e-01
4.243943154731982803e-01
2.520394262419459741e-01
3.082197619489426832e-01
2.316293936971648981e-01
4.243544983911397006e-01
3.282102383000431445e-01
5.158302433687785848e-01
4.712602268195958399e-01
4.631362260713744461e-01
4.315667073038865209e-01
4.194160194299423883e-01
3.120141469548839974e-01
4.380118449198057151e-01
2.886248880509150738e-01
3.976597008322274585e-01
4.237538502554566433e-01
4.281466648088597116e-01
3.580843201642378015e-01
4.526046528444395145e-01
2.621903996066449194e-01
2.652655891747272010e-01
4.642720778074939658e-01
4.632381449936303630e-01
4.228354165552068444e-01
4.482737007212088121e-01
4.752794555969259704e-01
4.287842656536955954e-01
3.994879859434752878e-01
3.370416640136086883e-01
2.470600849270523092e-01
3.715981934306964440e-01
3.931840520283678142e-01
1.908818370248455687e-01
3.349613546245366891e-01
3.514800346719565982e-01
4.688730886296457734e-01
3.343261722773676614e-01
4.114315848096632977e-01
4.395670944323657459e-01
4.221171563568434926e-01
3.942839712241880679e-01
2.069620843731798665e-01
4.415102354450596844e-01
4.058110137416517382e-01
3.835550912748203478e-01
4.173236294193069518e-01
3.034771079405398364e-01
4.836529835805599142e-01
5.639293772884439448e-01
4.024160637408092378e-01
3.200831657593813384e-01
4.015179979003021815e-01
4.489630375330501133e-01
3.996189012370425231e-01
3.099982126809573968e-01
2.248932886301925616e-01
5.342269664987833178e-01
4.271404911102353874e-01
5.659010556026888850e-01
4.489176762625095018e-01
3.789650221131944385e-01
4.599797424383125222e-01
3.069735665472193564e-01
4.120085379293851879e-01
4.866029578934669697e-01
2.606408970082959020e-01
5.730325220945130527e-01
4.923256118609300458e-01
4.703698194443878822e-01
4.605733323349394670e-01
4.146424590395382803e-01
3.982232358913840309e-01
4.053024926582017851e-01
2.269075700880507085e-01
1.974552598264177894e-01
2.501935586841942949e-01
3.200795732812556360e-01
3.532334837569706676e-01
4.208436911159666449e-01
4.646806699763499360e-01
4.020005452781101885e-01
5.852014218102242760e-01
5.110621867534484997e-01
4.457690859821212825e-01
4.331008367860047503e-01
3.948249853723189151e-01
3.012812695634661808e-01
4.058535110542086377e-01
4.141680271221793719e-01
4.331560239916687483e-01
4.256814877471047920e-01
4.708012703330596294e-01
4.224342359730279273e-01
3.767705051798775351e-01
4.811172312234105464e-01
4.176616966643058593e-01
2.082799465486926405e-01
3.894137304269330579e-01
5.295952572509703138e-02
4.131360626155543003e-01
4.188187748168817337e-01
3.423324495978295468e-01
4.560243975499083668e-01
4.304939158779085284e-01
4.434879590491510037e-01
3.597920937374938788e-01
4.504214683037465194e-01
3.846735301015871689e-01
3.813628159164065279e-01
1.640476421282825170e-01
5.420614856940643156e-01
2.051228094289556381e-01
3.063033660234809052e-01
4.665849107602474954e-01
4.172549489484553287e-01
4.173424715276737307e-01
4.400416058487900961e-01
3.312700705293057934e-01
4.461863828837270840e-01
4.746504112746823267e-01
3.121565314408762948e-01
3.608600718394413542e-01
3.276050219555327603e-01
4.591194238826911689e-01
4.460532344796666049e-01
4.075759241978101910e-01
5.309833616198594841e-01
2.023928146991496313e-01
4.477040239650666997e-01
3.305628475065250926e-01
4.337151928675460066e-01
3.625282823044280178e-01
4.228925241861043460e-01
4.436983821630699487e-01
3.882517063204922181e-01
4.754901996530535024e-01
4.176459687534134213e-01
4.310228915398104932e-01
3.797942362860105003e-01
4.790797775980576434e-01
2.869459162505270666e-01
4.160009719325673538e-01
4.443746977665442022e-01
4.828242056152989292e-01
4.234561111520098731e-01
3.279267731791202789e-01
3.367231028974852491e-01
4.024614894487447692e-01
4.209549825050334371e-01
1.385697740664162125e-01
2.612931660945911339e-01
1.708541351118498253e-01
2.784855285256556123e-01
4.216229358109288561e-01
4.446252286984047064e-01
4.145243926787013922e-01
4.585163414823031913e-01
3.965935909375730151e-01
3.907952865141229859e-01
4.523556654641111008e-01
2.276151111641451508e-01
4.459433678499479248e-01
4.276889757432288941e-01
4.302580072971282088e-01
3.136596020986306965e-01
4.048319354489495203e-01
3.894521358611803818e-01
2.215974868266077091e-01
4.064604566278701703e-01
3.505540954466767056e-01
4.161315269908074654e-01
3.345998093055724265e-01
4.020660491887027566e-01
2.556870885858543718e-01
3.593398217282278706e-01
3.968054981032015927e-01
4.058673825623404507e-01
3.378249235773472803e-01
3.694594382663574650e-01
4.418152805375208381e-01
3.040205835515161770e-01
2.226732010724492561e-01
3.438612899233060571e-01
4.051302823302205813e-01
3.374790477897424701e-01
5.766595899482529486e-01
5.565133749693372822e-01
4.480817979850961197e-01
2.228142670761909250e-01
5.875631753593719697e-01
3.301606145990335639e-01
2.635179938307933845e-01
3.184252204660041885e-01
3.215409589815960700e-01
2.487905487202781429e-01
3.804331208166962242e-01
4.724204521974414983e-01
4.516425394282562733e-01
3.062735912169045616e-01
2.850663546154638683e-01
4.081032621623660872e-01
4.326625263229561535e-01
1.880244307433303341e-01
4.286208925845681472e-01
3.800187777451909943e-01
3.967391002015520085e-01
4.158860421749956959e-01
3.690675776011113629e-01
3.845385848360808323e-01
5.480634040700860243e-01
5.289929796359910119e-01
3.487220770327580932e-01
4.930467096697267460e-01
4.195702345054684868e-01
1.927258727276626171e-01
4.223980636492738472e-01
5.136975411081057263e-01
4.114265981934370209e-01
4.500909408148471291e-01
1.909335772240559614e-01
3.594864536468076466e-01
4.087703220580953256e-01
2.527813101104233184e-01
3.792083375505404530e-01
1.849665062426863738e-01
3.543730176981099711e-01
4.937755000504153169e-01
4.959142778072601065e-01
3.315548270536286535e-01
3.676225172579284939e-01
4.406092255251203293e-01
4.085796895643580284e-01
4.448807994394988197e-01
3.893908497162484328e-01
4.859617942374322985e-01
1.524876032923654923e-01
2.080436897393921902e-01
4.423151644375313829e-01
5.419117141432883145e-01
4.263108433438731470e-01
3.859250054694288168e-01
4.200931144644945991e-01
5.657583294698775855e-01
3.747768542533547742e-01
3.412016526911219039e-01
4.400150105899116038e-01
4.300223825230326535e-01
4.719370897467511372e-01
5.643297126329070990e-01
2.620510560791979859e-01
4.321325367575236664e-01
3.375617698867678929e-01
4.467604287068567270e-01
4.705932831020415708e-01
4.178574704572110554e-01
4.668849375779297595e-01
3.950112296711620341e-01
2.877960127034481230e-01
4.211460863917160236e-01
4.222422606670480638e-01
2.637602222553430131e-01
3.866261742400467494e-01
4.235159141165684704e-01
4.129236958822590231e-01
4.645667166133551906e-01
5.646210643017820496e-01
2.295577406194390102e-01
4.534815324744371767e-01
4.794214374041666504e-01
3.798864015940569550e-01
4.146198824667190475e-01
4.467604287068567270e-01
3.398492088629728736e-01
3.311886795852131415e-01
4.157345022679188595e-01
3.627218829223306518e-01
4.579167737206636390e-01
3.581988573640543794e-01
1.493646555838877843e-01
2.998673280631222182e-01
4.529032896317495283e-01
4.188307861464621862e-01
5.053058694543980378e-01
4.116623987285145669e-01
1.237441833762939619e-01
4.065944481535437860e-01
3.768159818817334861e-01
4.448131382661644206e-01
4.256137289841033788e-01
4.019230133580705688e-01
3.146434046938367812e-01
4.274235018915094053e-01
4.237746917902159294e-01
3.125735416313429327e-01
4.144332085368354068e-01
4.534091338870619992e-01
2.400819059110109177e-01
4.178738245269748020e-01
2.034424914554564812e-01
3.233163612190436687e-01
3.867804005184682925e-01
1.915813701312354678e-01
4.650046162205861422e-01
4.651716523875727982e-01
2.463594743510732765e-01
4.427271368103903870e-01
4.927754187352904047e-01
4.253176999819010540e-01
4.626425799850432119e-01
3.221687337045935906e-01
3.594360102864762041e-01
2.792042044759168173e-01
4.394067649824713317e-01
2.053330840422715464e-01
4.909075218869084489e-01
4.144387173739584873e-01
4.498421296519149459e-01
3.998426997367935942e-01
4.384766687361194015e-01
3.848425944075725136e-01
3.974701708693713087e-01
3.394069831124408299e-01
4.034602587388435024e-01
2.727046549154448773e-01
5.232746285554479293e-01
5.744680747270416443e-01
4.524454691188120603e-01
4.054868511570567380e-01
1.986269104408834307e-01
2.901632472484491077e-01
4.089799837485534884e-01
2.166463322715544981e-01
4.502594265535207474e-01
2.522038610966089167e-01
3.957196591213061332e-01
4.827764713225485838e-01
2.471170662556766984e-01
3.883456164172668923e-01
3.942673924326400292e-01
5.738426512220998754e-01
2.545249566671043961e-01
5.620133237151686556e-01
3.177163779194633886e-01
4.511222566323333516e-01
1.473457198312492500e-01
3.450259680164253218e-01
1.575552378627001482e-01
4.137105011209156746e-01
4.086258061175130352e-01
4.214051248853664666e-01
4.083334592580922795e-01
4.406969552334278895e-01
1.447423744465263229e-01
4.494788159351575940e-01
3.327896193185179707e-01
3.855174800651729461e-01
3.691219046526118541e-01
3.000645477349080936e-01
4.773548781170334765e-01
3.301569829522659760e-01
4.293500676394927384e-01
4.810478395346666214e-01
4.548870668241282722e-01
3.495890786134224215e-01
4.566994139909401063e-01
3.613802401791157415e-01
1.278449859123736432e-01
3.115894950619692017e-01
4.601523763187261862e-01
4.053253267316475617e-01
4.359949956182740394e-01
4.291768767677141549e-01
4.007204870917682182e-01
4.158362215711747245e-01
4.853536864670982554e-01
1.679324141952650284e-01
3.782589844397369339e-01
2.264391447223779441e-01
3.252230229901403313e-01
4.030945928289635938e-01
1.418645523402788933e-01
2.285860564866876443e-01
4.496515117219416768e-01
4.101268192597873341e-01
4.508889733463714578e-01
3.953065760021092778e-01
4.645667166133551906e-01
1.833257939692054805e-01
2.887485861072951465e-01
4.824971030589999543e-01
1.541195013559127081e-01
4.241692822483996705e-01
4.307369397910195685e-01
4.121184102850282138e-01
1.883794286182192412e-01
5.372965177585021790e-01
2.923846341190440845e-01
4.252568867236338201e-01
4.034694217115094572e-01
3.220766158636300669e-01
4.094348663643972430e-01
4.254353638683458505e-01
4.486003953261445409e-01
3.329439949688788869e-01
1.747446210704343694e-01
2.152640588411854350e-01
3.587687771192972774e-01
2.662047606999690119e-01
4.606851101371298718e-01
4.392678217355161507e-01
1.086945561871306143e-01
4.444474156779318896e-01
5.705863597486992012e-01
4.754968301074722348e-01
4.446018816153317066e-01
3.328176748540723762e-01
3.607272404980683134e-01
5.756461798430425603e-01
4.817708796765812762e-01
4.251309757219723373e-01
3.642586787765506040e-01
3.194483655969159730e-01
4.311855606936737528e-01
3.806782783627381539e-01
4.086182430013018951e-01
4.363796369094843919e-01
3.549858815539772006e-01
4.058913766748640239e-01
2.834673029642185149e-01
4.527096977894483065e-01
2.873466034073996478e-01
4.436849349957224797e-01
3.277171660509122231e-01
2.567938262787681225e-01
3.645345961126322254e-01
1.829396626306618312e-01
2.445596580792375740e-01
4.442835549924069594e-01
3.840971996346452255e-01
4.210188849824674229e-01
4.511222566323333516e-01
4.285379410356470187e-01
3.832925761492816386e-01
3.416787494868631647e-01
3.691473664274239619e-01
3.243992785687899172e-01
2.821330063952189326e-01
3.854769004393640563e-01
4.333560047207690169e-01
3.733163577724676885e-01
1.872699661892303358e-01
4.055339579216930002e-01
4.063894746673708536e-01
3.516265048954120287e-01
5.116979566302456428e-01
4.527096977894483065e-01
4.489362061005385818e-01
3.425827776742980113e-01
1.700386497139790842e-01
1.781473002392939542e-01
5.074327410229108049e-01
3.142937868072137042e-01
3.287299962195680547e-01
4.372981038864828807e-01
4.362256919482152551e-01
3.799258649965568946e-01
2.423057403238165208e-01
4.169352755715285408e-01
2.269075700880507085e-01
4.008553653058707367e-01
1.817766290033046572e-01
3.080676541795431267e-01
4.224529865495896264e-01
5.776629709310101557e-01
3.912985055576014837e-01
3.779165506795210683e-01
5.782902554028550579e-01
4.385206769458427911e-01
3.255231041626116539e-01
3.768770779301264806e-01
3.229993329702094407e-01
3.293813311503515084e-01
4.083718044456573493e-01
4.674562087343016592e-01
4.801179854783175216e-01
3.934073971220446442e-01
3.376855144974024170e-01
5.631118420096589139e-01
3.538961695236633731e-01
3.993695911718329050e-01
4.494527832275995727e-01
2.808004866261840093e-01
4.502990926869361310e-01
3.848391660103729905e-01
3.532726406980417067e-01
4.106620113668828509e-01
1.168524110740322419e-01
2.655589646259192138e-01
3.801152082859810544e-01
9.418244361569901024e-02
-5.299129340229744717e-02
5.418025523001700483e-01
4.825577213039020097e-01
3.544885842158113642e-01
3.997202885196710076e-01
4.074068533360564182e-01
5.661374772345886264e-01
4.550497981748073961e-01
2.480319639072001148e-01
3.557209468423767063e-01
4.010728922587795120e-01
4.077286523586645117e-01
2.899952502049704117e-01
2.394030288692223229e-01
4.040764893137470115e-01
3.583663482856119242e-01
4.088841822295968820e-01
3.200485696415250048e-01
1.475412828593107573e-01
3.560583526601296955e-01
1.404644428474872142e-01
3.870895203944504370e-01
4.665739798462027466e-01
5.463413792105422662e-01
2.658390382569592036e-01
5.308688638998763087e-01
3.778481205103983998e-01
3.239544017567798639e-01
3.881106311210405502e-01
3.751690345952971573e-01
1.719861272845176481e-01
4.546082358016548253e-01
4.725211707087037527e-01
4.260077787158666474e-01
4.142749545270537626e-01
2.241312064391235703e-01
4.085525717111528343e-01
3.537533331875545861e-01
4.200475444051765539e-01
4.721219985152337872e-01
1.526699254108324910e-01
4.085525717111528343e-01
4.269798670656828055e-01
4.523393854164417527e-01
4.380604970201389392e-01
3.557710036924420227e-01
3.981201892524782182e-01
4.646676335403435165e-01
4.534086325782367144e-01
4.069272587925361062e-01
4.385512540457022213e-01
3.537184994023458429e-01
2.712777952111337099e-01
5.703729727220738788e-01
1.958620087906702001e-01
3.846676460919431495e-01
4.344688965375838596e-01
3.664572015333431576e-01
3.841034340252175716e-01
2.314236215275307373e-01
5.646210643017820496e-01
4.073571976222596369e-01
4.357587151843491102e-01
4.267958583461191613e-01
3.618149384344950259e-01
4.369108145627255690e-01
3.900498994587459078e-01
2.412433814749371519e-01
4.448807994394988197e-01
4.568316875733424709e-01
3.515910711692192270e-01
4.145632036162718026e-01
3.568267482429300919e-01
3.578695252655918480e-01
4.404259202021682529e-01
4.046058140495727984e-01
2.985387821685647203e-01
4.737538385726778878e-01
3.795207810766496603e-01
2.254493417733838823e-01
4.452845853172531232e-01
4.266928694643632447e-01
4.148133217006889084e-01
4.055188602359080519e-01
4.486366541196546431e-01
3.769901112449592917e-01
3.865808156250072902e-01
4.163968893944633431e-01
4.571999671602233195e-01
3.845762688453532863e-01
3.604317381564288159e-01
3.873424069217944465e-01
2.200651670114672775e-01
4.559966266508827526e-01
4.070887249628889482e-01
2.415576083619659642e-01
1.196127352782159897e-01
2.622064492844034533e-01
4.547878573013910963e-01
4.819666344245642220e-01
1.362428752560409240e-01
2.187476570425398170e-01
4.354855176415837192e-01
4.872503357541161373e-01
4.787639416277448823e-01
4.330942308119871687e-01
3.393093746286862666e-01
3.860676452984529439e-01
3.154020068506566687e-01
4.616580349283141427e-01
4.272542518664128042e-01
3.398018051801149908e-01
4.450326115354428791e-01
4.313281096132758896e-01
4.174118700626315293e-01
4.439120274786738096e-01
4.122566829557062218e-01
3.570194040003319969e-01
4.353514244600069083e-01
5.626204415229747458e-01
4.265285749363388890e-01
3.368846008301213391e-01
1.754744213299095357e-01
3.778009523165520300e-01
3.872989667403626823e-01
4.219287406671626273e-01
3.017745616797933295e-01
4.214600063764613047e-01
5.316538458258061040e-01
3.203390479409689573e-01
5.353412426407920810e-01
4.266225058207084309e-01
4.467604287068567270e-01
4.221195149397657387e-01
4.213877801477072249e-01
4.158362215711747245e-01
4.446189237088449264e-01
4.171381789285909525e-01
4.318901167219695858e-01
3.789226423895475926e-01
4.163988779498981052e-01
4.565185127886057237e-01
4.427407750493435601e-01
4.088278765185525687e-01
4.104207006669317037e-01
4.245919041766587632e-01
4.021858186800936208e-01
5.696778374575158788e-01
5.441435456392810233e-01
1.698312173167312866e-01
3.764229333568858138e-01
4.462767672633344840e-01
5.617015249364387675e-01
3.883004372145234528e-01
4.097040002435527462e-01
5.663675950802026238e-01
2.034075886272180000e-01
4.043942194862195083e-01
4.267067849542326985e-01
3.723038708480808090e-01
2.897953909650474724e-01
3.431530087870500179e-01
4.374362067918026176e-01
3.954372678186583445e-01
3.998734372455189923e-01
5.432422456473339212e-01
4.328129194684608438e-01
2.277439613076664982e-01
4.046034765446908654e-01
3.939108285848685331e-01
3.959539242165777129e-01
5.154818780073591178e-01
4.381966444808038097e-01
4.322861422295684042e-01
3.910573648927079260e-01
2.081857361468950618e-01
4.202928093952842947e-01
4.928797459066384667e-01
3.329543949901558331e-01
3.628819375278566906e-01
1.602764276145881572e-01
4.189493176764134685e-01
4.263999923345577758e-01
5.044441614492953807e-01
4.532224985449293531e-01
4.287240716665934870e-01
3.801095977929548342e-01
3.875997546910603386e-01
1.454115701950194350e-01
3.968718724372785056e-01
3.860676452984529439e-01
3.890769455815256683e-01
2.197109515136028979e-01
4.127543367326623192e-01
2.704761003286098586e-01
5.442493103495764650e-01
4.446616812605139191e-01
4.074034862435903515e-01
2.845034552583858289e-01
4.198342408608683463e-01
4.093347733066387550e-01
2.820343744439805511e-01
5.406579818069353616e-01
4.294283165448412043e-01
4.246350240382650854e-01
2.669312572722544186e-01
3.213569572119768236e-01
4.843827676165827767e-01
4.730706299106170465e-01
1.329346648194495717e-01
4.486020618190811882e-01
4.169352755715285408e-01
3.372297205467598147e-01
1.983167153514507897e-01
4.818660342905639049e-01
4.547878573013910963e-01
3.968006055083126982e-01
3.818395332036913503e-01
4.471562045973480615e-01
4.419642270157930208e-01
2.525922353585523528e-01
3.701946090279429891e-01
4.419773262709983386e-01
4.060447624041891301e-01
4.294546708999753548e-01
4.767566706358548623e-01
3.817401228794262136e-01
4.646806699763499360e-01
4.127226160246383890e-01
4.041284828228711712e-01
2.802285997254843064e-01
4.525906124630318383e-01
3.224822479785547369e-01
3.112790736169966932e-01
4.099138754528997564e-01
3.924738837228808896e-01
4.566759660818080491e-01
4.090176515343736385e-01
2.310217083019219797e-01
3.083057638647667131e-01
4.435388075808678887e-01
4.173327434311705497e-01
4.335158268869605536e-01
1.920220891753137982e-01
4.232106952962433888e-01
4.250888083554325569e-01
4.231465586368022835e-01
4.247795733385805184e-01
2.828463590614994638e-01
4.446183283786822038e-01
4.144751813049319389e-01
3.474479560075753315e-01
3.854792123020630568e-01
3.420706807925888993e-01
3.705778890013872728e-01
2.416470466933582362e-01
2.973430768059038276e-01
4.467032043168932542e-01
4.274859202757415599e-01
5.360664809152708710e-01
4.232793556848676308e-01
3.945270063401946081e-01
3.961006638696686899e-01
2.769891723855280596e-01
3.585426642673148478e-01
4.351930195845665206e-01
4.281188437042656170e-01
3.715709635692828194e-01
3.944411565607280901e-01
4.174889645718420916e-01
3.933897663993599081e-01
2.587756395620821048e-01
4.021194028538113141e-01
4.587127829262850898e-01
3.859628631235807461e-01
4.196212968880119187e-01
4.201170173356585935e-01
3.027034119152178793e-01
5.417799779679299821e-01
4.109810339800605838e-01
2.527632514578784795e-01
3.692068376203084257e-01
4.180655567301233555e-01
2.088521432872494088e-01
3.692827176526677357e-01
3.615034545193656079e-01
4.413670777518202692e-01
4.048780016720594510e-01
4.480880903195332832e-01
4.685120730831597302e-01
4.308911547835612699e-01
1.230687426359700215e-01
4.110010094895092947e-01
4.333053282987200383e-01
3.585781130499916536e-01
4.635110485226285326e-01
4.808019337804313453e-01
3.336561295069940258e-01
3.819810558343396667e-01
2.162786712245387266e-01
4.407378088737611277e-01
4.383273197419629286e-01
1.159317293831470669e-01
3.167242270095516621e-01
3.181778391244691750e-01
3.307696746569731561e-01
4.188373723701899753e-01
3.155879177388835055e-01
4.138427155354331144e-01
3.303798136255806095e-01
2.100920049297550773e-01
3.850017466406160938e-01
