2.021792711639255613e-01
4.234563853117568888e-01
3.764115271496285553e-01
2.550120450919046711e-01
1.120836310576610179e-01
1.123959825540587071e-01
1.772591759882462814e-01
1.544457732123274973e-01
3.248768196630663074e-01
2.964071018609101826e-01
4.015738975271325173e-01
5.358592436143727600e-01
5.364143436816065647e-01
6.920065542252190616e-02
1.987169306589638695e-01
4.622723577331067646e-01
3.387045868779113289e-01
4.009930824166648700e-01
-2.009026397176881876e-02
-7.431129700344402123e-03
1.915574049802711842e-01
3.185750854157344825e-01
3.135584431476083900e-01
3.150756693276403619e-01
2.181278934270948489e-01
2.322114369354193741e-01
3.292048521042814646e-01
1.404712861569195337e-01
1.262176542319966566e-01
2.228343523740150822e-01
2.097731342351007999e-01
1.304708254586161437e-02
2.260823983918872071e-01
3.488860991644541776e-01
2.235772188038483710e-01
2.119345371521373367e-01
3.987563554628211215e-01
2.523241856707232333e-01
3.790453196754371423e-01
1.330951581376225989e-01
2.772647467885322459e-01
1.705053629193566678e-01
9.246081683237369897e-02
1.088576734983041083e-01
3.517905403461060176e-01
4.817796510458128845e-01
4.133803370207509431e-01
4.060084124937960448e-01
1.803599570668938668e-01
3.662610882097213638e-01
2.020342474158012547e-01
1.978888170254031464e-01
3.119849761503413199e-01
3.153200032326594626e-01
3.315890068386962986e-01
2.823598979729118330e-01
1.013665338158221407e-01
5.548673652018745912e-03
4.225021840234702841e-01
2.347398889464941962e-01
3.197761389991914949e-01
4.320806895084233767e-01
1.750662360906712345e-01
1.867830108766114217e-01
3.446631719979144637e-01
4.432175541807604202e-01
1.669970761296912243e-01
2.124504938877435356e-01
1.842408807629471179e-01
-4.704629444074996496e-03
1.471513478265699670e-01
9.396548566096206423e-02
3.192048345245786511e-01
2.887157799839247252e-01
2.729810580422669664e-01
3.161436471598885189e-01
4.711747669008909956e-01
2.484939956300298014e-01
-1.626132335214338026e-03
3.604633343048522232e-01
4.347491510149942458e-03
4.225428108674089134e-01
3.879245425009519854e-01
2.259818022826308170e-01
1.213002137275653453e-01
1.523276265832685383e-01
5.816720881823673750e-01
6.427724070439204407e-02
4.338344059484628423e-01
4.194704781154644513e-01
2.511951205241912954e-01
1.796932570486213798e-01
2.002670378765430415e-01
4.454232612299290350e-01
4.307630758141690053e-01
8.133412397418406103e-02
2.856269867554558917e-01
1.590460264697935999e-01
3.185142657261753607e-01
4.687722797483602211e-01
3.229989372175546269e-01
2.255333469753683096e-01
3.949069810030665373e-01
1.465182982046897842e-01
3.031819813523122242e-01
2.015004117978164422e-01
3.247388224798858913e-01
1.132405233925816296e-01
5.956907700872181993e-02
3.728660503983800001e-01
3.867534010840172343e-01
2.022151112180990140e-01
2.411075474204590341e-01
3.276491377960368823e-01
2.049967306743078199e-01
2.256596025283032214e-01
1.513452572740587587e-01
2.381883004921792613e-01
2.078512339536741083e-01
7.747154409623019378e-02
3.489481832874798961e-01
4.198505811552198930e-01
3.907178907715014304e-01
1.836637199124989961e-01
1.372728400873201859e-01
2.445316156552200526e-01
1.250327011023845691e-01
3.749861139673272281e-01
2.476614928939328553e-01
1.978810548295906191e-01
2.081001469384782809e-01
8.177469424277350463e-02
1.700431114538073496e-01
