3.187052581647943361e-01
3.321517100206273221e-01
3.532352181104091993e-01
2.256022382266232307e-01
2.880911982106073022e-01
4.614152488485243064e-01
2.630072983068285630e-01
8.504238067904378029e-02
3.217795871145191083e-02
3.500299747877255174e-01
1.689943536409324876e-01
3.970810027785546259e-01
4.013170355486071483e-01
2.411012464660162169e-01
2.170126592093178652e-01
4.205674979189575891e-01
3.832092454445877872e-01
3.875386939317879698e-01
4.045855476797644013e-01
1.350992513244874127e-01
4.265853971838478587e-01
1.700383254109018583e-01
1.556758528755148030e-01
3.678452764609193570e-01
2.602611669004823991e-01
2.859833664608199544e-01
2.352963465557035283e-01
2.982098130439148065e-01
3.562586427758593910e-01
3.462425288552264946e-01
1.692923135658962464e-01
2.246246603750517157e-01
1.555491955120630598e-01
2.180394197635449061e-01
2.543132695502005047e-01
4.379736043755825814e-01
4.072714470091639560e-01
1.599652795581151254e-01
4.274533287293112438e-01
3.630923239211739095e-01
4.028790990848822584e-02
9.232539852979344819e-02
4.784489133861941079e-01
2.452469696565345858e-01
2.546929644726238506e-01
2.325343735083300056e-01
7.243624323976169399e-02
3.648409361560770447e-01
3.470678945222636091e-01
3.766073143445161087e-01
4.609658127070189737e-01
1.711732335157271911e-01
3.914639568053272511e-01
4.587603388025523476e-01
2.286909060449013320e-01
1.281762828327294712e-01
4.433485489733931528e-01
1.469435920650060956e-01
1.843554790807822308e-01
3.119298813478186827e-01
3.969041365272240052e-01
3.706128021611848622e-01
1.490623860295206549e-01
2.874747633695767801e-01
1.623968252787730271e-01
4.370293334790464335e-01
3.113324633803239427e-01
4.667656903904201515e-01
4.141644683772166546e-01
5.666992238137248394e-01
4.014336311352401654e-01
4.808019337804313453e-01
3.991288383760751568e-01
2.411182915780873959e-01
3.956143701606375518e-01
2.624131188059632414e-01
1.784650354063906930e-01
3.859180360236921237e-01
3.436572044740586196e-01
4.236934344510245865e-01
8.044515720056691702e-03
1.409891102077363845e-01
3.913314839021501262e-02
3.966703355845078716e-01
2.706848229674759798e-01
4.044982423537333283e-01
2.413988325773287202e-01
1.408198834442074554e-01
3.956382450245629068e-01
-3.939989008294843276e-02
1.596774604111291518e-01
3.857544789781260919e-01
2.510392870037023716e-01
1.564828703781440400e-01
1.497080036663412383e-01
4.543986585141222140e-02
4.725958699766286131e-01
1.632844216659839476e-01
4.143583193383404417e-01
1.563145912084148992e-01
1.208367515453958319e-01
3.765376366707466338e-01
2.636275983957429014e-01
2.127508071676117163e-01
4.371735359045249569e-01
4.262824673225244498e-01
4.330751006647307055e-01
3.981033092275191865e-01
3.039037393435886081e-01
1.605121199379940522e-01
2.939858841310606929e-01
5.549937840240444231e-01
2.343405192760592837e-01
3.385139103609440814e-01
1.811704616574471294e-01
9.981230774999989841e-02
1.636676871534619992e-01
3.463623320382881454e-01
3.332705816940806365e-01
1.768683409065865131e-01
2.309255798866253206e-01
4.012523418148167265e-01
3.887657510537826377e-01
3.784587132696583534e-01
2.729034892771490250e-01
2.028554921807311229e-01
3.776018912206916545e-01
1.178459965354525935e-01
4.475027825160521888e-01
5.088596046093365154e-03
2.193085138835700332e-01
3.043232432985826241e-01
2.034159892480350562e-01
4.481812936795738223e-01
1.704091898791931237e-01
3.843615721172652933e-01
4.332001785858926590e-01
3.051403361044895957e-01
3.689775978742368401e-01
2.718044710482627746e-01
4.572647950798059968e-01
3.934569597065865065e-01
3.110671987323039289e-01
4.230465481485325419e-01
3.468608703460783760e-01
4.287524714214837052e-01
4.277820219307954530e-01
4.242575550066912116e-01
7.870489702244767849e-02
1.209619496279845802e-01
4.417931228700071045e-01
4.879490369599411015e-02
4.107989764807266214e-02
3.977390585337801099e-01
3.133484742073694429e-01
3.607892501840775368e-01
1.781271790662717069e-01
3.461305199829443624e-01
1.312631198489376538e-01
1.128091098209620807e-01
1.027384861171562330e-01
3.085391312709885314e-01
4.153113606082952658e-01
2.173550644228963991e-01
9.462559447644210142e-02
3.329938082700716895e-01
3.913167878738794681e-01
6.298692805142959428e-02
2.410760410871007065e-01
4.843827676165827767e-01
3.649434394960456296e-01
4.808019337804313453e-01
2.794227060392376338e-01
