-1.000000000000000000e+00
-1.000000000000000000e+00
9.983397722244262695e-01
-1.000000000000000000e+00
-1.000000000000000000e+00
9.948126077651977539e-01
-1.000000000000000000e+00
-1.000000000000000000e+00
9.992997646331787109e-01
9.987362027168273926e-01
9.993706345558166504e-01
-1.000000000000000000e+00
9.956373572349548340e-01
-1.000000000000000000e+00
-1.000000000000000000e+00
9.982079267501831055e-01
-1.000000000000000000e+00
-1.000000000000000000e+00
-1.000000000000000000e+00
-1.000000000000000000e+00
-1.000000000000000000e+00
-1.000000000000000000e+00
-1.000000000000000000e+00
9.986042380332946777e-01
-1.000000000000000000e+00
-1.000000000000000000e+00
-1.000000000000000000e+00
-1.000000000000000000e+00
-1.000000000000000000e+00
9.951118826866149902e-01
-1.000000000000000000e+00
-1.000000000000000000e+00
9.981659054756164551e-01
-1.000000000000000000e+00
9.988220334053039551e-01
-1.000000000000000000e+00
-1.000000000000000000e+00
-1.000000000000000000e+00
-1.000000000000000000e+00
-1.000000000000000000e+00
9.998214840888977051e-01
-1.000000000000000000e+00
-1.000000000000000000e+00
-1.000000000000000000e+00
9.819400906562805176e-01
-1.000000000000000000e+00
-1.000000000000000000e+00
-1.000000000000000000e+00
-1.000000000000000000e+00
9.986926913261413574e-01
9.916310906410217285e-01
-1.000000000000000000e+00
-1.000000000000000000e+00
-1.000000000000000000e+00
9.999247789382934570e-01
-1.000000000000000000e+00
-1.000000000000000000e+00
-1.000000000000000000e+00
9.995966553688049316e-01
-1.000000000000000000e+00
-1.000000000000000000e+00
-1.000000000000000000e+00
-1.000000000000000000e+00
9.998496770858764648e-01
9.989914298057556152e-01
-1.000000000000000000e+00
-1.000000000000000000e+00
-1.000000000000000000e+00
-1.000000000000000000e+00
-1.000000000000000000e+00
9.950658082962036133e-01
-1.000000000000000000e+00
-1.000000000000000000e+00
9.973101615905761719e-01
-1.000000000000000000e+00
-1.000000000000000000e+00
-1.000000000000000000e+00
-1.000000000000000000e+00
-1.000000000000000000e+00
9.997898936271667480e-01
9.997786879539489746e-01
-1.000000000000000000e+00
-1.000000000000000000e+00
-1.000000000000000000e+00
-1.000000000000000000e+00
-1.000000000000000000e+00
9.967637062072753906e-01
-1.000000000000000000e+00
9.999269247055053711e-01
-1.000000000000000000e+00
-1.000000000000000000e+00
-1.000000000000000000e+00
-1.000000000000000000e+00
-1.000000000000000000e+00
-1.000000000000000000e+00
-1.000000000000000000e+00
9.997141957283020020e-01
9.882786273956298828e-01
9.996843338012695312e-01
-1.000000000000000000e+00
-1.000000000000000000e+00
-1.000000000000000000e+00
-1.000000000000000000e+00
-1.000000000000000000e+00
-1.000000000000000000e+00
-1.000000000000000000e+00
-1.000000000000000000e+00
9.991474151611328125e-01
-1.000000000000000000e+00
-1.000000000000000000e+00
-1.000000000000000000e+00
9.994724392890930176e-01
-1.000000000000000000e+00
9.709315896034240723e-01
9.998737573623657227e-01
-1.000000000000000000e+00
9.987974166870117188e-01
-1.000000000000000000e+00
-1.000000000000000000e+00
9.996303319931030273e-01
-1.000000000000000000e+00
-1.000000000000000000e+00
-1.000000000000000000e+00
-1.000000000000000000e+00
-1.000000000000000000e+00
-1.000000000000000000e+00
-1.000000000000000000e+00
9.975518584251403809e-01
9.962285757064819336e-01
9.993659853935241699e-01
9.937773942947387695e-01
-1.000000000000000000e+00
-1.000000000000000000e+00
-1.000000000000000000e+00
-1.000000000000000000e+00
-1.000000000000000000e+00
9.990782737731933594e-01
-1.000000000000000000e+00
-1.000000000000000000e+00
-1.000000000000000000e+00
-1.000000000000000000e+00
-1.000000000000000000e+00
-1.000000000000000000e+00
-1.000000000000000000e+00
-1.000000000000000000e+00
9.984484910964965820e-01
-1.000000000000000000e+00
9.973108768463134766e-01
-1.000000000000000000e+00
9.985906481742858887e-01
-1.000000000000000000e+00
9.993151426315307617e-01
9.985944628715515137e-01
-1.000000000000000000e+00
9.984800219535827637e-01
9.992520213127136230e-01
-1.000000000000000000e+00
-1.000000000000000000e+00
-1.000000000000000000e+00
9.996023774147033691e-01
-1.000000000000000000e+00
-1.000000000000000000e+00
-1.000000000000000000e+00
-1.000000000000000000e+00
-1.000000000000000000e+00
9.997355341911315918e-01
-1.000000000000000000e+00
-1.000000000000000000e+00
-1.000000000000000000e+00
-1.000000000000000000e+00
-1.000000000000000000e+00
9.997021555900573730e-01
9.977776408195495605e-01
9.986936450004577637e-01
9.993576407432556152e-01
-1.000000000000000000e+00
9.999119043350219727e-01
-1.000000000000000000e+00
-1.000000000000000000e+00
9.990742206573486328e-01
-1.000000000000000000e+00
9.994663596153259277e-01
-1.000000000000000000e+00
-1.000000000000000000e+00
-1.000000000000000000e+00
-1.000000000000000000e+00
9.985527396202087402e-01
-1.000000000000000000e+00
-1.000000000000000000e+00
-1.000000000000000000e+00
-1.000000000000000000e+00
-1.000000000000000000e+00
-1.000000000000000000e+00
9.998477697372436523e-01
9.970229268074035645e-01
-1.000000000000000000e+00
-1.000000000000000000e+00
9.991938471794128418e-01
-1.000000000000000000e+00
9.995011091232299805e-01
-1.000000000000000000e+00
-1.000000000000000000e+00
-1.000000000000000000e+00
-1.000000000000000000e+00
9.979426264762878418e-01
9.994021654129028320e-01
9.940665960311889648e-01
9.997779726982116699e-01
-1.000000000000000000e+00
-1.000000000000000000e+00
-1.000000000000000000e+00
9.996538162231445312e-01
-1.000000000000000000e+00
-1.000000000000000000e+00
-1.000000000000000000e+00
-1.000000000000000000e+00
9.992812275886535645e-01
-1.000000000000000000e+00
-1.000000000000000000e+00
-1.000000000000000000e+00
-1.000000000000000000e+00
-1.000000000000000000e+00
-1.000000000000000000e+00
9.977548718452453613e-01
9.944595098495483398e-01
-1.000000000000000000e+00
-1.000000000000000000e+00
-1.000000000000000000e+00
-1.000000000000000000e+00
-1.000000000000000000e+00
-1.000000000000000000e+00
9.992064833641052246e-01
9.997584223747253418e-01
-1.000000000000000000e+00
-1.000000000000000000e+00
-1.000000000000000000e+00
-1.000000000000000000e+00
-1.000000000000000000e+00
9.991599321365356445e-01
-1.000000000000000000e+00
-1.000000000000000000e+00
9.994183778762817383e-01
9.994633793830871582e-01
-1.000000000000000000e+00
-1.000000000000000000e+00
9.990247488021850586e-01
-1.000000000000000000e+00
9.991575479507446289e-01
9.996324777603149414e-01
9.997845292091369629e-01
-1.000000000000000000e+00
9.927173852920532227e-01
-1.000000000000000000e+00
9.989587068557739258e-01
9.992740750312805176e-01
-1.000000000000000000e+00
-1.000000000000000000e+00
-1.000000000000000000e+00
9.982731342315673828e-01
-1.000000000000000000e+00
9.962693452835083008e-01
9.986070990562438965e-01
-1.000000000000000000e+00
-1.000000000000000000e+00
-1.000000000000000000e+00
-1.000000000000000000e+00
9.993624091148376465e-01
-1.000000000000000000e+00
9.995910525321960449e-01
9.989713430404663086e-01
-1.000000000000000000e+00
-1.000000000000000000e+00
-1.000000000000000000e+00
-1.000000000000000000e+00
-1.000000000000000000e+00
9.976630210876464844e-01
9.976648092269897461e-01
-1.000000000000000000e+00
-1.000000000000000000e+00
9.986162185668945312e-01
-1.000000000000000000e+00
-1.000000000000000000e+00
-1.000000000000000000e+00
-1.000000000000000000e+00
-1.000000000000000000e+00
-1.000000000000000000e+00
-1.000000000000000000e+00
-1.000000000000000000e+00
-1.000000000000000000e+00
-1.000000000000000000e+00
9.977967739105224609e-01
9.976875782012939453e-01
9.997397065162658691e-01
-1.000000000000000000e+00
-1.000000000000000000e+00
9.999320507049560547e-01
-1.000000000000000000e+00
-1.000000000000000000e+00
-1.000000000000000000e+00
-1.000000000000000000e+00
-1.000000000000000000e+00
-1.000000000000000000e+00
9.981274008750915527e-01
9.989451766014099121e-01
-1.000000000000000000e+00
-1.000000000000000000e+00
-1.000000000000000000e+00
-1.000000000000000000e+00
-1.000000000000000000e+00
-1.000000000000000000e+00
-1.000000000000000000e+00
-1.000000000000000000e+00
-1.000000000000000000e+00
9.997594952583312988e-01
-1.000000000000000000e+00
-1.000000000000000000e+00
-1.000000000000000000e+00
-1.000000000000000000e+00
-1.000000000000000000e+00
9.988676309585571289e-01
9.990221261978149414e-01
-1.000000000000000000e+00
-1.000000000000000000e+00
9.988314509391784668e-01
-1.000000000000000000e+00
9.996070265769958496e-01
-1.000000000000000000e+00
9.994502663612365723e-01
-1.000000000000000000e+00
9.975485205650329590e-01
9.996982812881469727e-01
9.982305169105529785e-01
-1.000000000000000000e+00
9.997343420982360840e-01
-1.000000000000000000e+00
9.986913800239562988e-01
-1.000000000000000000e+00
-1.000000000000000000e+00
-1.000000000000000000e+00
-1.000000000000000000e+00
-1.000000000000000000e+00
-1.000000000000000000e+00
9.995931982994079590e-01
-1.000000000000000000e+00
9.941046833992004395e-01
-1.000000000000000000e+00
-1.000000000000000000e+00
-1.000000000000000000e+00
-1.000000000000000000e+00
-1.000000000000000000e+00
-1.000000000000000000e+00
9.936999082565307617e-01
9.996452331542968750e-01
-1.000000000000000000e+00
-1.000000000000000000e+00
-1.000000000000000000e+00
-1.000000000000000000e+00
9.967454671859741211e-01
9.998672008514404297e-01
-1.000000000000000000e+00
-1.000000000000000000e+00
-1.000000000000000000e+00
-1.000000000000000000e+00
-1.000000000000000000e+00
9.982479810714721680e-01
-1.000000000000000000e+00
-1.000000000000000000e+00
9.998235106468200684e-01
-1.000000000000000000e+00
-1.000000000000000000e+00
9.998450279235839844e-01
-1.000000000000000000e+00
-1.000000000000000000e+00
-1.000000000000000000e+00
9.086509943008422852e-01
-1.000000000000000000e+00
9.926446676254272461e-01
9.987321496009826660e-01
-1.000000000000000000e+00
-1.000000000000000000e+00
-1.000000000000000000e+00
9.986522793769836426e-01
9.982981085777282715e-01
-1.000000000000000000e+00
-1.000000000000000000e+00
-1.000000000000000000e+00
-1.000000000000000000e+00
-1.000000000000000000e+00
-1.000000000000000000e+00
9.992576241493225098e-01
-1.000000000000000000e+00
-1.000000000000000000e+00
-1.000000000000000000e+00
-1.000000000000000000e+00
-1.000000000000000000e+00
9.983289837837219238e-01
-1.000000000000000000e+00
-1.000000000000000000e+00
9.998981952667236328e-01
9.994145631790161133e-01
-1.000000000000000000e+00
-1.000000000000000000e+00
9.992460012435913086e-01
9.998078942298889160e-01
-1.000000000000000000e+00
9.988886713981628418e-01
9.999155998229980469e-01
-1.000000000000000000e+00
9.996519088745117188e-01
-1.000000000000000000e+00
-1.000000000000000000e+00
-1.000000000000000000e+00
-1.000000000000000000e+00
-1.000000000000000000e+00
9.985722303390502930e-01
-1.000000000000000000e+00
-1.000000000000000000e+00
9.992685914039611816e-01
9.996584653854370117e-01
9.954860806465148926e-01
-1.000000000000000000e+00
9.991963505744934082e-01
-1.000000000000000000e+00
-1.000000000000000000e+00
-1.000000000000000000e+00
-1.000000000000000000e+00
9.999128580093383789e-01
-1.000000000000000000e+00
9.969620108604431152e-01
9.998918771743774414e-01
9.997562766075134277e-01
-1.000000000000000000e+00
-1.000000000000000000e+00
-1.000000000000000000e+00
-1.000000000000000000e+00
-1.000000000000000000e+00
-1.000000000000000000e+00
-1.000000000000000000e+00
9.924005270004272461e-01
-1.000000000000000000e+00
-1.000000000000000000e+00
-1.000000000000000000e+00
9.988391995429992676e-01
-1.000000000000000000e+00
9.945157170295715332e-01
9.843906760215759277e-01
-1.000000000000000000e+00
-1.000000000000000000e+00
-1.000000000000000000e+00
9.995293617248535156e-01
9.991814494132995605e-01
-1.000000000000000000e+00
-1.000000000000000000e+00
-1.000000000000000000e+00
-1.000000000000000000e+00
-1.000000000000000000e+00
-1.000000000000000000e+00
9.997441172599792480e-01
-1.000000000000000000e+00
-1.000000000000000000e+00
9.921763539314270020e-01
9.974179267883300781e-01
-1.000000000000000000e+00
9.965659976005554199e-01
-1.000000000000000000e+00
-1.000000000000000000e+00
-1.000000000000000000e+00
-1.000000000000000000e+00
-1.000000000000000000e+00
-1.000000000000000000e+00
-1.000000000000000000e+00
-1.000000000000000000e+00
-1.000000000000000000e+00
-1.000000000000000000e+00
-1.000000000000000000e+00
-1.000000000000000000e+00
-1.000000000000000000e+00
-1.000000000000000000e+00
-1.000000000000000000e+00
-1.000000000000000000e+00
-1.000000000000000000e+00
-1.000000000000000000e+00
9.982432126998901367e-01
-1.000000000000000000e+00
9.993519186973571777e-01
-1.000000000000000000e+00
9.980113506317138672e-01
-1.000000000000000000e+00
9.965136647224426270e-01
-1.000000000000000000e+00
-1.000000000000000000e+00
-1.000000000000000000e+00
-1.000000000000000000e+00
9.988088607788085938e-01
9.993244409561157227e-01
9.973981380462646484e-01
-1.000000000000000000e+00
-1.000000000000000000e+00
9.994051456451416016e-01
-1.000000000000000000e+00
-1.000000000000000000e+00
-1.000000000000000000e+00
-1.000000000000000000e+00
-1.000000000000000000e+00
-1.000000000000000000e+00
-1.000000000000000000e+00
9.999005794525146484e-01
-1.000000000000000000e+00
9.994006156921386719e-01
-1.000000000000000000e+00
-1.000000000000000000e+00
9.993834495544433594e-01
-1.000000000000000000e+00
-1.000000000000000000e+00
-1.000000000000000000e+00
-1.000000000000000000e+00
-1.000000000000000000e+00
9.914500117301940918e-01
9.988579750061035156e-01
-1.000000000000000000e+00
-1.000000000000000000e+00
-1.000000000000000000e+00
-1.000000000000000000e+00
-1.000000000000000000e+00
9.976102113723754883e-01
-1.000000000000000000e+00
-1.000000000000000000e+00
-1.000000000000000000e+00
-1.000000000000000000e+00
-1.000000000000000000e+00
-1.000000000000000000e+00
-1.000000000000000000e+00
-1.000000000000000000e+00
9.979885816574096680e-01
-1.000000000000000000e+00
-1.000000000000000000e+00
9.880507588386535645e-01
-1.000000000000000000e+00
-1.000000000000000000e+00
-1.000000000000000000e+00
9.996627569198608398e-01
-1.000000000000000000e+00
-1.000000000000000000e+00
-1.000000000000000000e+00
-1.000000000000000000e+00
-1.000000000000000000e+00
-1.000000000000000000e+00
-1.000000000000000000e+00
-1.000000000000000000e+00
-1.000000000000000000e+00
-1.000000000000000000e+00
9.965478777885437012e-01
-1.000000000000000000e+00
-1.000000000000000000e+00
-1.000000000000000000e+00
9.985150694847106934e-01
-1.000000000000000000e+00
-1.000000000000000000e+00
-1.000000000000000000e+00
-1.000000000000000000e+00
-1.000000000000000000e+00
9.989529848098754883e-01
9.991672039031982422e-01
-1.000000000000000000e+00
-1.000000000000000000e+00
-1.000000000000000000e+00
-1.000000000000000000e+00
-1.000000000000000000e+00
-1.000000000000000000e+00
9.994466900825500488e-01
-1.000000000000000000e+00
9.987078905105590820e-01
-1.000000000000000000e+00
-1.000000000000000000e+00
-1.000000000000000000e+00
-1.000000000000000000e+00
-1.000000000000000000e+00
-1.000000000000000000e+00
-1.000000000000000000e+00
-1.000000000000000000e+00
-1.000000000000000000e+00
9.996393918991088867e-01
-1.000000000000000000e+00
-1.000000000000000000e+00
-1.000000000000000000e+00
-1.000000000000000000e+00
9.996116757392883301e-01
-1.000000000000000000e+00
-1.000000000000000000e+00
-1.000000000000000000e+00
-1.000000000000000000e+00
9.940285682678222656e-01
-1.000000000000000000e+00
9.953377246856689453e-01
-1.000000000000000000e+00
-1.000000000000000000e+00
-1.000000000000000000e+00
-1.000000000000000000e+00
-1.000000000000000000e+00
-1.000000000000000000e+00
-1.000000000000000000e+00
-1.000000000000000000e+00
-1.000000000000000000e+00
-1.000000000000000000e+00
-1.000000000000000000e+00
-1.000000000000000000e+00
9.998483657836914062e-01
-1.000000000000000000e+00
9.931548833847045898e-01
9.998463392257690430e-01
-1.000000000000000000e+00
-1.000000000000000000e+00
-1.000000000000000000e+00
-1.000000000000000000e+00
-1.000000000000000000e+00
-1.000000000000000000e+00
9.989080429077148438e-01
-1.000000000000000000e+00
-1.000000000000000000e+00
9.998000264167785645e-01
9.992241859436035156e-01
-1.000000000000000000e+00
-1.000000000000000000e+00
-1.000000000000000000e+00
-1.000000000000000000e+00
-1.000000000000000000e+00
9.994440674781799316e-01
-1.000000000000000000e+00
-1.000000000000000000e+00
-1.000000000000000000e+00
-1.000000000000000000e+00
9.998798370361328125e-01
-1.000000000000000000e+00
9.998859167098999023e-01
-1.000000000000000000e+00
-1.000000000000000000e+00
9.988710284233093262e-01
-1.000000000000000000e+00
-1.000000000000000000e+00
-1.000000000000000000e+00
9.995877146720886230e-01
-1.000000000000000000e+00
-1.000000000000000000e+00
-1.000000000000000000e+00
-1.000000000000000000e+00
-1.000000000000000000e+00
-1.000000000000000000e+00
-1.000000000000000000e+00
-1.000000000000000000e+00
9.999127388000488281e-01
-1.000000000000000000e+00
-1.000000000000000000e+00
-1.000000000000000000e+00
-1.000000000000000000e+00
9.977794289588928223e-01
-1.000000000000000000e+00
9.996463060379028320e-01
9.985015392303466797e-01
-1.000000000000000000e+00
-1.000000000000000000e+00
-1.000000000000000000e+00
-1.000000000000000000e+00
-1.000000000000000000e+00
-1.000000000000000000e+00
-1.000000000000000000e+00
-1.000000000000000000e+00
-1.000000000000000000e+00
-1.000000000000000000e+00
-1.000000000000000000e+00
-1.000000000000000000e+00
-1.000000000000000000e+00
-1.000000000000000000e+00
-1.000000000000000000e+00
-1.000000000000000000e+00
-1.000000000000000000e+00
9.949195981025695801e-01
-1.000000000000000000e+00
-1.000000000000000000e+00
-1.000000000000000000e+00
-1.000000000000000000e+00
-1.000000000000000000e+00
-1.000000000000000000e+00
-1.000000000000000000e+00
-1.000000000000000000e+00
-1.000000000000000000e+00
-1.000000000000000000e+00
-1.000000000000000000e+00
-1.000000000000000000e+00
9.990842342376708984e-01
-1.000000000000000000e+00
-1.000000000000000000e+00
-1.000000000000000000e+00
9.968788623809814453e-01
-1.000000000000000000e+00
9.999456405639648438e-01
-1.000000000000000000e+00
-1.000000000000000000e+00
-1.000000000000000000e+00
-1.000000000000000000e+00
-1.000000000000000000e+00
-1.000000000000000000e+00
-1.000000000000000000e+00
-1.000000000000000000e+00
-1.000000000000000000e+00
9.912599921226501465e-01
-1.000000000000000000e+00
-1.000000000000000000e+00
-1.000000000000000000e+00
9.998598098754882812e-01
-1.000000000000000000e+00
-1.000000000000000000e+00
-1.000000000000000000e+00
-1.000000000000000000e+00
-1.000000000000000000e+00
9.994493126869201660e-01
-1.000000000000000000e+00
-1.000000000000000000e+00
-1.000000000000000000e+00
-1.000000000000000000e+00
-1.000000000000000000e+00
-1.000000000000000000e+00
9.997420907020568848e-01
-1.000000000000000000e+00
-1.000000000000000000e+00
9.981485605239868164e-01
9.998786449432373047e-01
-1.000000000000000000e+00
-1.000000000000000000e+00
9.977739453315734863e-01
-1.000000000000000000e+00
-1.000000000000000000e+00
-1.000000000000000000e+00
-1.000000000000000000e+00
-1.000000000000000000e+00
-1.000000000000000000e+00
-1.000000000000000000e+00
-1.000000000000000000e+00
9.996438026428222656e-01
-1.000000000000000000e+00
-1.000000000000000000e+00
-1.000000000000000000e+00
9.999419450759887695e-01
9.998939037322998047e-01
9.997879862785339355e-01
9.986720085144042969e-01
9.989675283432006836e-01
-1.000000000000000000e+00
-1.000000000000000000e+00
-1.000000000000000000e+00
9.995456337928771973e-01
-1.000000000000000000e+00
-1.000000000000000000e+00
-1.000000000000000000e+00
-1.000000000000000000e+00
-1.000000000000000000e+00
-1.000000000000000000e+00
-1.000000000000000000e+00
-1.000000000000000000e+00
-1.000000000000000000e+00
-1.000000000000000000e+00
-1.000000000000000000e+00
-1.000000000000000000e+00
-1.000000000000000000e+00
-1.000000000000000000e+00
-1.000000000000000000e+00
-1.000000000000000000e+00
-1.000000000000000000e+00
-1.000000000000000000e+00
9.993253946304321289e-01
-1.000000000000000000e+00
-1.000000000000000000e+00
-1.000000000000000000e+00
-1.000000000000000000e+00
-1.000000000000000000e+00
-1.000000000000000000e+00
-1.000000000000000000e+00
9.991253018379211426e-01
-1.000000000000000000e+00
-1.000000000000000000e+00
-1.000000000000000000e+00
9.999543428421020508e-01
-1.000000000000000000e+00
-1.000000000000000000e+00
-1.000000000000000000e+00
-1.000000000000000000e+00
9.970870614051818848e-01
-1.000000000000000000e+00
-1.000000000000000000e+00
-1.000000000000000000e+00
9.997212290763854980e-01
9.997366070747375488e-01
9.922656416893005371e-01
-1.000000000000000000e+00
9.997910857200622559e-01
-1.000000000000000000e+00
9.995978474617004395e-01
-1.000000000000000000e+00
-1.000000000000000000e+00
-1.000000000000000000e+00
-1.000000000000000000e+00
-1.000000000000000000e+00
-1.000000000000000000e+00
-1.000000000000000000e+00
-1.000000000000000000e+00
9.966028928756713867e-01
-1.000000000000000000e+00
-1.000000000000000000e+00
-1.000000000000000000e+00
-1.000000000000000000e+00
-1.000000000000000000e+00
-1.000000000000000000e+00
-1.000000000000000000e+00
-1.000000000000000000e+00
9.992960691452026367e-01
9.998508691787719727e-01
9.999186992645263672e-01
-1.000000000000000000e+00
-1.000000000000000000e+00
-1.000000000000000000e+00
9.657902717590332031e-01
-1.000000000000000000e+00
9.994366765022277832e-01
-1.000000000000000000e+00
-1.000000000000000000e+00
-1.000000000000000000e+00
-1.000000000000000000e+00
-1.000000000000000000e+00
-1.000000000000000000e+00
-1.000000000000000000e+00
-1.000000000000000000e+00
-1.000000000000000000e+00
-1.000000000000000000e+00
9.986689090728759766e-01
-1.000000000000000000e+00
-1.000000000000000000e+00
9.989451766014099121e-01
-1.000000000000000000e+00
9.993311166763305664e-01
9.996267557144165039e-01
9.998780488967895508e-01
-1.000000000000000000e+00
-1.000000000000000000e+00
-1.000000000000000000e+00
9.981225132942199707e-01
9.994334578514099121e-01
-1.000000000000000000e+00
-1.000000000000000000e+00
-1.000000000000000000e+00
-1.000000000000000000e+00
-1.000000000000000000e+00
-1.000000000000000000e+00
-1.000000000000000000e+00
-1.000000000000000000e+00
-1.000000000000000000e+00
-1.000000000000000000e+00
9.982507824897766113e-01
-1.000000000000000000e+00
9.958245754241943359e-01
-1.000000000000000000e+00
-1.000000000000000000e+00
-1.000000000000000000e+00
-1.000000000000000000e+00
9.996072649955749512e-01
-1.000000000000000000e+00
-1.000000000000000000e+00
-1.000000000000000000e+00
-1.000000000000000000e+00
9.984076619148254395e-01
-1.000000000000000000e+00
-1.000000000000000000e+00
-1.000000000000000000e+00
9.986804127693176270e-01
9.997610449790954590e-01
-1.000000000000000000e+00
-1.000000000000000000e+00
-1.000000000000000000e+00
-1.000000000000000000e+00
9.994577765464782715e-01
-1.000000000000000000e+00
-1.000000000000000000e+00
9.988817572593688965e-01
-1.000000000000000000e+00
-1.000000000000000000e+00
-1.000000000000000000e+00
9.986792206764221191e-01
-1.000000000000000000e+00
-1.000000000000000000e+00
-1.000000000000000000e+00
-1.000000000000000000e+00
-1.000000000000000000e+00
9.999048709869384766e-01
-1.000000000000000000e+00
-1.000000000000000000e+00
-1.000000000000000000e+00
9.974083304405212402e-01
-1.000000000000000000e+00
9.956994056701660156e-01
-1.000000000000000000e+00
-1.000000000000000000e+00
-1.000000000000000000e+00
-1.000000000000000000e+00
-1.000000000000000000e+00
-1.000000000000000000e+00
-1.000000000000000000e+00
-1.000000000000000000e+00
-1.000000000000000000e+00
9.930534958839416504e-01
-1.000000000000000000e+00
-1.000000000000000000e+00
9.993495345115661621e-01
-1.000000000000000000e+00
-1.000000000000000000e+00
-1.000000000000000000e+00
9.997729659080505371e-01
-1.000000000000000000e+00
-1.000000000000000000e+00
-1.000000000000000000e+00
-1.000000000000000000e+00
-1.000000000000000000e+00
-1.000000000000000000e+00
-1.000000000000000000e+00
-1.000000000000000000e+00
-1.000000000000000000e+00
-1.000000000000000000e+00
-1.000000000000000000e+00
-1.000000000000000000e+00
9.988705515861511230e-01
-1.000000000000000000e+00
-1.000000000000000000e+00
-1.000000000000000000e+00
-1.000000000000000000e+00
-1.000000000000000000e+00
9.886853694915771484e-01
-1.000000000000000000e+00
-1.000000000000000000e+00
-1.000000000000000000e+00
-1.000000000000000000e+00
-1.000000000000000000e+00
-1.000000000000000000e+00
-1.000000000000000000e+00
-1.000000000000000000e+00
-1.000000000000000000e+00
-1.000000000000000000e+00
-1.000000000000000000e+00
-1.000000000000000000e+00
-1.000000000000000000e+00
-1.000000000000000000e+00
-1.000000000000000000e+00
-1.000000000000000000e+00
9.997683167457580566e-01
-1.000000000000000000e+00
-1.000000000000000000e+00
-1.000000000000000000e+00
-1.000000000000000000e+00
-1.000000000000000000e+00
-1.000000000000000000e+00
9.995242357254028320e-01
-1.000000000000000000e+00
9.970972537994384766e-01
-1.000000000000000000e+00
-1.000000000000000000e+00
-1.000000000000000000e+00
-1.000000000000000000e+00
-1.000000000000000000e+00
-1.000000000000000000e+00
-1.000000000000000000e+00
-1.000000000000000000e+00
-1.000000000000000000e+00
-1.000000000000000000e+00
9.935451745986938477e-01
9.994215965270996094e-01
9.996641874313354492e-01
9.989356398582458496e-01
-1.000000000000000000e+00
-1.000000000000000000e+00
9.985921978950500488e-01
-1.000000000000000000e+00
-1.000000000000000000e+00
-1.000000000000000000e+00
9.995597004890441895e-01
9.577545523643493652e-01
-1.000000000000000000e+00
9.988633394241333008e-01
9.804604649543762207e-01
9.997385144233703613e-01
9.956392049789428711e-01
-1.000000000000000000e+00
-1.000000000000000000e+00
-1.000000000000000000e+00
-1.000000000000000000e+00
-1.000000000000000000e+00
-1.000000000000000000e+00
9.997063279151916504e-01
-1.000000000000000000e+00
9.998877048492431641e-01
-1.000000000000000000e+00
-1.000000000000000000e+00
-1.000000000000000000e+00
-1.000000000000000000e+00
-1.000000000000000000e+00
9.991405010223388672e-01
-1.000000000000000000e+00
-1.000000000000000000e+00
-1.000000000000000000e+00
-1.000000000000000000e+00
-1.000000000000000000e+00
-1.000000000000000000e+00
-1.000000000000000000e+00
-1.000000000000000000e+00
-1.000000000000000000e+00
-1.000000000000000000e+00
-1.000000000000000000e+00
-1.000000000000000000e+00
9.995446801185607910e-01
-1.000000000000000000e+00
-1.000000000000000000e+00
-1.000000000000000000e+00
-1.000000000000000000e+00
9.968830943107604980e-01
-1.000000000000000000e+00
-1.000000000000000000e+00
-1.000000000000000000e+00
-1.000000000000000000e+00
-1.000000000000000000e+00
9.993621706962585449e-01
-1.000000000000000000e+00
-1.000000000000000000e+00
9.992935657501220703e-01
9.977777600288391113e-01
9.992384910583496094e-01
-1.000000000000000000e+00
-1.000000000000000000e+00
-1.000000000000000000e+00
9.993031024932861328e-01
-1.000000000000000000e+00
-1.000000000000000000e+00
9.982464313507080078e-01
-1.000000000000000000e+00
9.999365806579589844e-01
9.995830655097961426e-01
-1.000000000000000000e+00
-1.000000000000000000e+00
-1.000000000000000000e+00
-1.000000000000000000e+00
-1.000000000000000000e+00
-1.000000000000000000e+00
-1.000000000000000000e+00
9.999271631240844727e-01
-1.000000000000000000e+00
-1.000000000000000000e+00
-1.000000000000000000e+00
-1.000000000000000000e+00
-1.000000000000000000e+00
-1.000000000000000000e+00
-1.000000000000000000e+00
-1.000000000000000000e+00
-1.000000000000000000e+00
-1.000000000000000000e+00
-1.000000000000000000e+00
-1.000000000000000000e+00
-1.000000000000000000e+00
-1.000000000000000000e+00
-1.000000000000000000e+00
-1.000000000000000000e+00
-1.000000000000000000e+00
-1.000000000000000000e+00
9.994534850120544434e-01
9.998371601104736328e-01
-1.000000000000000000e+00
9.989538192749023438e-01
9.999474287033081055e-01
-1.000000000000000000e+00
9.988774657249450684e-01
9.993019104003906250e-01
9.987471103668212891e-01
-1.000000000000000000e+00
-1.000000000000000000e+00
-1.000000000000000000e+00
-1.000000000000000000e+00
9.989134073257446289e-01
9.998024106025695801e-01
-1.000000000000000000e+00
-1.000000000000000000e+00
-1.000000000000000000e+00
9.998837709426879883e-01
-1.000000000000000000e+00
-1.000000000000000000e+00
-1.000000000000000000e+00
-1.000000000000000000e+00
-1.000000000000000000e+00
9.991563558578491211e-01
-1.000000000000000000e+00
-1.000000000000000000e+00
-1.000000000000000000e+00
-1.000000000000000000e+00
-1.000000000000000000e+00
9.986752867698669434e-01
-1.000000000000000000e+00
9.998996257781982422e-01
9.994152784347534180e-01
-1.000000000000000000e+00
-1.000000000000000000e+00
9.974285960197448730e-01
9.989386200904846191e-01
-1.000000000000000000e+00
-1.000000000000000000e+00
-1.000000000000000000e+00
-1.000000000000000000e+00
-1.000000000000000000e+00
9.978563189506530762e-01
-1.000000000000000000e+00
9.998465776443481445e-01
-1.000000000000000000e+00
9.981126785278320312e-01
-1.000000000000000000e+00
-1.000000000000000000e+00
-1.000000000000000000e+00
9.985577464103698730e-01
-1.000000000000000000e+00
-1.000000000000000000e+00
9.960381984710693359e-01
-1.000000000000000000e+00
-1.000000000000000000e+00
-1.000000000000000000e+00
9.992683529853820801e-01
9.986869692802429199e-01
9.996403455734252930e-01
9.788728952407836914e-01
-1.000000000000000000e+00
-1.000000000000000000e+00
-1.000000000000000000e+00
9.997350573539733887e-01
9.975261092185974121e-01
-1.000000000000000000e+00
-1.000000000000000000e+00
-1.000000000000000000e+00
9.994899034500122070e-01
-1.000000000000000000e+00
-1.000000000000000000e+00
-1.000000000000000000e+00
9.994472861289978027e-01
-1.000000000000000000e+00
-1.000000000000000000e+00
-1.000000000000000000e+00
9.995979666709899902e-01
-1.000000000000000000e+00
-1.000000000000000000e+00
-1.000000000000000000e+00
-1.000000000000000000e+00
-1.000000000000000000e+00
-1.000000000000000000e+00
9.988671541213989258e-01
-1.000000000000000000e+00
-1.000000000000000000e+00
9.992801547050476074e-01
-1.000000000000000000e+00
-1.000000000000000000e+00
-1.000000000000000000e+00
-1.000000000000000000e+00
-1.000000000000000000e+00
-1.000000000000000000e+00
9.988135099411010742e-01
-1.000000000000000000e+00
-1.000000000000000000e+00
-1.000000000000000000e+00
9.996788501739501953e-01
9.995761513710021973e-01
-1.000000000000000000e+00
9.989804625511169434e-01
9.994619488716125488e-01
-1.000000000000000000e+00
-1.000000000000000000e+00
-1.000000000000000000e+00
-1.000000000000000000e+00
-1.000000000000000000e+00
-1.000000000000000000e+00
-1.000000000000000000e+00
-1.000000000000000000e+00
9.995146989822387695e-01
-1.000000000000000000e+00
-1.000000000000000000e+00
9.986824393272399902e-01
-1.000000000000000000e+00
-1.000000000000000000e+00
9.962062835693359375e-01
-1.000000000000000000e+00
-1.000000000000000000e+00
-1.000000000000000000e+00
-1.000000000000000000e+00
9.999194145202636719e-01
9.998924732208251953e-01
-1.000000000000000000e+00
-1.000000000000000000e+00
-1.000000000000000000e+00
-1.000000000000000000e+00
9.974000453948974609e-01
9.989725351333618164e-01
-1.000000000000000000e+00
-1.000000000000000000e+00
-1.000000000000000000e+00
9.991819262504577637e-01
-1.000000000000000000e+00
9.992771744728088379e-01
9.975351095199584961e-01
-1.000000000000000000e+00
-1.000000000000000000e+00
9.998427629470825195e-01
-1.000000000000000000e+00
9.997504353523254395e-01
-1.000000000000000000e+00
-1.000000000000000000e+00
9.915751814842224121e-01
-1.000000000000000000e+00
-1.000000000000000000e+00
-1.000000000000000000e+00
-1.000000000000000000e+00
9.995624423027038574e-01
-1.000000000000000000e+00
-1.000000000000000000e+00
-1.000000000000000000e+00
-1.000000000000000000e+00
-1.000000000000000000e+00
-1.000000000000000000e+00
-1.000000000000000000e+00
-1.000000000000000000e+00
-1.000000000000000000e+00
-1.000000000000000000e+00
9.997233748435974121e-01
-1.000000000000000000e+00
-1.000000000000000000e+00
-1.000000000000000000e+00
-1.000000000000000000e+00
9.998040795326232910e-01
9.998785257339477539e-01
-1.000000000000000000e+00
-1.000000000000000000e+00
9.825747609138488770e-01
-1.000000000000000000e+00
-1.000000000000000000e+00
-1.000000000000000000e+00
-1.000000000000000000e+00
9.996963739395141602e-01
9.996061921119689941e-01
-1.000000000000000000e+00
-1.000000000000000000e+00
-1.000000000000000000e+00
-1.000000000000000000e+00
9.977900981903076172e-01
-1.000000000000000000e+00
-1.000000000000000000e+00
-1.000000000000000000e+00
9.994724392890930176e-01
-1.000000000000000000e+00
-1.000000000000000000e+00
-1.000000000000000000e+00
-1.000000000000000000e+00
-1.000000000000000000e+00
9.994331002235412598e-01
-1.000000000000000000e+00
-1.000000000000000000e+00
-1.000000000000000000e+00
-1.000000000000000000e+00
9.991012811660766602e-01
-1.000000000000000000e+00
-1.000000000000000000e+00
-1.000000000000000000e+00
9.949676394462585449e-01
-1.000000000000000000e+00
-1.000000000000000000e+00
-1.000000000000000000e+00
-1.000000000000000000e+00
-1.000000000000000000e+00
-1.000000000000000000e+00
-1.000000000000000000e+00
-1.000000000000000000e+00
-1.000000000000000000e+00
-1.000000000000000000e+00
9.990704655647277832e-01
9.992645382881164551e-01
9.987784028053283691e-01
-1.000000000000000000e+00
-1.000000000000000000e+00
-1.000000000000000000e+00
9.987922906875610352e-01
-1.000000000000000000e+00
-1.000000000000000000e+00
9.963890314102172852e-01
-1.000000000000000000e+00
-1.000000000000000000e+00
-1.000000000000000000e+00
9.986832737922668457e-01
-1.000000000000000000e+00
-1.000000000000000000e+00
-1.000000000000000000e+00
-1.000000000000000000e+00
-1.000000000000000000e+00
9.985670447349548340e-01
9.970762729644775391e-01
-1.000000000000000000e+00
-1.000000000000000000e+00
9.993174076080322266e-01
-1.000000000000000000e+00
-1.000000000000000000e+00
-1.000000000000000000e+00
-1.000000000000000000e+00
9.999340772628784180e-01
-1.000000000000000000e+00
-1.000000000000000000e+00
-1.000000000000000000e+00
-1.000000000000000000e+00
9.997199177742004395e-01
-1.000000000000000000e+00
-1.000000000000000000e+00
9.993121623992919922e-01
-1.000000000000000000e+00
9.983143806457519531e-01
-1.000000000000000000e+00
-1.000000000000000000e+00
9.998350143432617188e-01
-1.000000000000000000e+00
-1.000000000000000000e+00
9.987993240356445312e-01
-1.000000000000000000e+00
-1.000000000000000000e+00
-1.000000000000000000e+00
-1.000000000000000000e+00
-1.000000000000000000e+00
-1.000000000000000000e+00
9.994870424270629883e-01
-1.000000000000000000e+00
-1.000000000000000000e+00
-1.000000000000000000e+00
-1.000000000000000000e+00
9.970705509185791016e-01
-1.000000000000000000e+00
-1.000000000000000000e+00
9.983876943588256836e-01
-1.000000000000000000e+00
9.989088773727416992e-01
-1.000000000000000000e+00
-1.000000000000000000e+00
-1.000000000000000000e+00
9.964530467987060547e-01
-1.000000000000000000e+00
-1.000000000000000000e+00
-1.000000000000000000e+00
-1.000000000000000000e+00
-1.000000000000000000e+00
-1.000000000000000000e+00
9.632232189178466797e-01
9.987874627113342285e-01
-1.000000000000000000e+00
-1.000000000000000000e+00
9.972865581512451172e-01
9.998432397842407227e-01
9.998283386230468750e-01
9.990257024765014648e-01
-1.000000000000000000e+00
-1.000000000000000000e+00
9.994630217552185059e-01
9.984856247901916504e-01
-1.000000000000000000e+00
-1.000000000000000000e+00
-1.000000000000000000e+00
-1.000000000000000000e+00
9.998487234115600586e-01
9.970068335533142090e-01
-1.000000000000000000e+00
-1.000000000000000000e+00
-1.000000000000000000e+00
9.997608065605163574e-01
9.998947381973266602e-01
-1.000000000000000000e+00
-1.000000000000000000e+00
-1.000000000000000000e+00
-1.000000000000000000e+00
9.995800852775573730e-01
9.996644258499145508e-01
-1.000000000000000000e+00
-1.000000000000000000e+00
-1.000000000000000000e+00
-1.000000000000000000e+00
9.994623064994812012e-01
-1.000000000000000000e+00
-1.000000000000000000e+00
9.701582193374633789e-01
9.993256330490112305e-01
-1.000000000000000000e+00
-1.000000000000000000e+00
-1.000000000000000000e+00
-1.000000000000000000e+00
-1.000000000000000000e+00
9.985992312431335449e-01
9.996992349624633789e-01
-1.000000000000000000e+00
-1.000000000000000000e+00
-1.000000000000000000e+00
-1.000000000000000000e+00
-1.000000000000000000e+00
-1.000000000000000000e+00
9.973298311233520508e-01
-1.000000000000000000e+00
-1.000000000000000000e+00
-1.000000000000000000e+00
-1.000000000000000000e+00
9.990273714065551758e-01
-1.000000000000000000e+00
-1.000000000000000000e+00
-1.000000000000000000e+00
8.041422963142395020e-01
9.979587793350219727e-01
9.998686313629150391e-01
-1.000000000000000000e+00
-1.000000000000000000e+00
-1.000000000000000000e+00
-1.000000000000000000e+00
-1.000000000000000000e+00
-1.000000000000000000e+00
-1.000000000000000000e+00
9.998884201049804688e-01
9.857591390609741211e-01
-1.000000000000000000e+00
-1.000000000000000000e+00
-1.000000000000000000e+00
9.992125034332275391e-01
-1.000000000000000000e+00
-1.000000000000000000e+00
-1.000000000000000000e+00
-1.000000000000000000e+00
9.998821020126342773e-01
-1.000000000000000000e+00
9.995561242103576660e-01
-1.000000000000000000e+00
-1.000000000000000000e+00
9.997546076774597168e-01
-1.000000000000000000e+00
-1.000000000000000000e+00
9.996113181114196777e-01
9.997457861900329590e-01
-1.000000000000000000e+00
9.990949630737304688e-01
-1.000000000000000000e+00
-1.000000000000000000e+00
-1.000000000000000000e+00
-1.000000000000000000e+00
-1.000000000000000000e+00
9.944998025894165039e-01
-1.000000000000000000e+00
-1.000000000000000000e+00
-1.000000000000000000e+00
-1.000000000000000000e+00
9.998170733451843262e-01
9.997039437294006348e-01
9.998807907104492188e-01
9.995139837265014648e-01
-1.000000000000000000e+00
9.983025789260864258e-01
-1.000000000000000000e+00
9.998105168342590332e-01
-1.000000000000000000e+00
-1.000000000000000000e+00
-1.000000000000000000e+00
-1.000000000000000000e+00
-1.000000000000000000e+00
9.999129772186279297e-01
-1.000000000000000000e+00
-1.000000000000000000e+00
-1.000000000000000000e+00
-1.000000000000000000e+00
-1.000000000000000000e+00
9.984834790229797363e-01
-1.000000000000000000e+00
9.959278702735900879e-01
-1.000000000000000000e+00
9.948557615280151367e-01
9.998863935470581055e-01
9.974474906921386719e-01
9.981272816658020020e-01
-1.000000000000000000e+00
-1.000000000000000000e+00
-1.000000000000000000e+00
-1.000000000000000000e+00
-1.000000000000000000e+00
-1.000000000000000000e+00
9.806823730468750000e-01
9.987215399742126465e-01
9.998915195465087891e-01
-1.000000000000000000e+00
-1.000000000000000000e+00
9.995447993278503418e-01
-1.000000000000000000e+00
-1.000000000000000000e+00
-1.000000000000000000e+00
-1.000000000000000000e+00
-1.000000000000000000e+00
-1.000000000000000000e+00
-1.000000000000000000e+00
-1.000000000000000000e+00
-1.000000000000000000e+00
-1.000000000000000000e+00
9.983783960342407227e-01
9.985753297805786133e-01
-1.000000000000000000e+00
-1.000000000000000000e+00
9.987816214561462402e-01
9.998267292976379395e-01
-1.000000000000000000e+00
9.986191987991333008e-01
9.988013505935668945e-01
9.995168447494506836e-01
9.998737573623657227e-01
-1.000000000000000000e+00
-1.000000000000000000e+00
9.993430972099304199e-01
-1.000000000000000000e+00
-1.000000000000000000e+00
-1.000000000000000000e+00
-1.000000000000000000e+00
9.971584081649780273e-01
-1.000000000000000000e+00
-1.000000000000000000e+00
-1.000000000000000000e+00
-1.000000000000000000e+00
-1.000000000000000000e+00
-1.000000000000000000e+00
-1.000000000000000000e+00
-1.000000000000000000e+00
9.996746778488159180e-01
-1.000000000000000000e+00
-1.000000000000000000e+00
-1.000000000000000000e+00
9.997561573982238770e-01
-1.000000000000000000e+00
-1.000000000000000000e+00
-1.000000000000000000e+00
9.984936714172363281e-01
-1.000000000000000000e+00
9.863867759704589844e-01
-1.000000000000000000e+00
-1.000000000000000000e+00
-1.000000000000000000e+00
9.994627833366394043e-01
-1.000000000000000000e+00
-1.000000000000000000e+00
9.959695339202880859e-01
-1.000000000000000000e+00
-1.000000000000000000e+00
9.987457990646362305e-01
9.981672763824462891e-01
-1.000000000000000000e+00
-1.000000000000000000e+00
9.977731108665466309e-01
9.818328619003295898e-01
-1.000000000000000000e+00
-1.000000000000000000e+00
-1.000000000000000000e+00
9.997325539588928223e-01
-1.000000000000000000e+00
9.991835951805114746e-01
-1.000000000000000000e+00
-1.000000000000000000e+00
-1.000000000000000000e+00
-1.000000000000000000e+00
-1.000000000000000000e+00
9.998881816864013672e-01
-1.000000000000000000e+00
-1.000000000000000000e+00
-1.000000000000000000e+00
9.987628459930419922e-01
-1.000000000000000000e+00
-1.000000000000000000e+00
9.973541498184204102e-01
-1.000000000000000000e+00
-1.000000000000000000e+00
-1.000000000000000000e+00
-1.000000000000000000e+00
-1.000000000000000000e+00
-1.000000000000000000e+00
-1.000000000000000000e+00
-1.000000000000000000e+00
-1.000000000000000000e+00
9.991395473480224609e-01
-1.000000000000000000e+00
-1.000000000000000000e+00
9.973983764648437500e-01
-1.000000000000000000e+00
-1.000000000000000000e+00
-1.000000000000000000e+00
9.984275102615356445e-01
9.991570711135864258e-01
-1.000000000000000000e+00
9.990160465240478516e-01
-1.000000000000000000e+00
-1.000000000000000000e+00
-1.000000000000000000e+00
-1.000000000000000000e+00
-1.000000000000000000e+00
-1.000000000000000000e+00
-1.000000000000000000e+00
9.996477365493774414e-01
9.955125451087951660e-01
9.997035861015319824e-01
9.997884631156921387e-01
-1.000000000000000000e+00
-1.000000000000000000e+00
-1.000000000000000000e+00
-1.000000000000000000e+00
-1.000000000000000000e+00
-1.000000000000000000e+00
9.993216991424560547e-01
-1.000000000000000000e+00
9.985357522964477539e-01
-1.000000000000000000e+00
-1.000000000000000000e+00
9.997021555900573730e-01
-1.000000000000000000e+00
9.850940704345703125e-01
-1.000000000000000000e+00
-1.000000000000000000e+00
-1.000000000000000000e+00
9.997425675392150879e-01
9.972416162490844727e-01
9.997735619544982910e-01
-1.000000000000000000e+00
-1.000000000000000000e+00
-1.000000000000000000e+00
-1.000000000000000000e+00
-1.000000000000000000e+00
-1.000000000000000000e+00
-1.000000000000000000e+00
-1.000000000000000000e+00
9.996125102043151855e-01
-1.000000000000000000e+00
-1.000000000000000000e+00
9.988118410110473633e-01
-1.000000000000000000e+00
-1.000000000000000000e+00
-1.000000000000000000e+00
-1.000000000000000000e+00
-1.000000000000000000e+00
-1.000000000000000000e+00
9.999099969863891602e-01
-1.000000000000000000e+00
9.950227737426757812e-01
-1.000000000000000000e+00
-1.000000000000000000e+00
9.997079968452453613e-01
-1.000000000000000000e+00
-1.000000000000000000e+00
-1.000000000000000000e+00
-1.000000000000000000e+00
-1.000000000000000000e+00
-1.000000000000000000e+00
-1.000000000000000000e+00
-1.000000000000000000e+00
9.997708201408386230e-01
9.989927411079406738e-01
-1.000000000000000000e+00
9.988671541213989258e-01
-1.000000000000000000e+00
9.983843564987182617e-01
-1.000000000000000000e+00
9.982225298881530762e-01
-1.000000000000000000e+00
9.996398687362670898e-01
-1.000000000000000000e+00
-1.000000000000000000e+00
-1.000000000000000000e+00
-1.000000000000000000e+00
-1.000000000000000000e+00
-1.000000000000000000e+00
-1.000000000000000000e+00
9.990013241767883301e-01
-1.000000000000000000e+00
9.997531771659851074e-01
-1.000000000000000000e+00
-1.000000000000000000e+00
-1.000000000000000000e+00
-1.000000000000000000e+00
-1.000000000000000000e+00
-1.000000000000000000e+00
-1.000000000000000000e+00
-1.000000000000000000e+00
9.997512698173522949e-01
-1.000000000000000000e+00
-1.000000000000000000e+00
-1.000000000000000000e+00
9.997268319129943848e-01
-1.000000000000000000e+00
9.998967647552490234e-01
-1.000000000000000000e+00
9.989607334136962891e-01
-1.000000000000000000e+00
-1.000000000000000000e+00
-1.000000000000000000e+00
-1.000000000000000000e+00
-1.000000000000000000e+00
-1.000000000000000000e+00
9.996035695075988770e-01
-1.000000000000000000e+00
-1.000000000000000000e+00
9.998034834861755371e-01
-1.000000000000000000e+00
9.970574378967285156e-01
-1.000000000000000000e+00
9.997802376747131348e-01
-1.000000000000000000e+00
9.998589754104614258e-01
-1.000000000000000000e+00
-1.000000000000000000e+00
-1.000000000000000000e+00
9.966683983802795410e-01
9.998934268951416016e-01
9.987369179725646973e-01
-1.000000000000000000e+00
-1.000000000000000000e+00
9.982540011405944824e-01
-1.000000000000000000e+00
9.997783303260803223e-01
-1.000000000000000000e+00
-1.000000000000000000e+00
9.998394250869750977e-01
-1.000000000000000000e+00
9.985219836235046387e-01
-1.000000000000000000e+00
9.990941286087036133e-01
-1.000000000000000000e+00
9.995265007019042969e-01
-1.000000000000000000e+00
-1.000000000000000000e+00
-1.000000000000000000e+00
-1.000000000000000000e+00
9.991506338119506836e-01
-1.000000000000000000e+00
-1.000000000000000000e+00
-1.000000000000000000e+00
-1.000000000000000000e+00
-1.000000000000000000e+00
-1.000000000000000000e+00
9.841040372848510742e-01
-1.000000000000000000e+00
9.983286261558532715e-01
-1.000000000000000000e+00
-1.000000000000000000e+00
-1.000000000000000000e+00
9.947358965873718262e-01
-1.000000000000000000e+00
-1.000000000000000000e+00
-1.000000000000000000e+00
-1.000000000000000000e+00
-1.000000000000000000e+00
-1.000000000000000000e+00
-1.000000000000000000e+00
-1.000000000000000000e+00
-1.000000000000000000e+00
9.997676014900207520e-01
9.993268251419067383e-01
-1.000000000000000000e+00
9.996868371963500977e-01
-1.000000000000000000e+00
-1.000000000000000000e+00
-1.000000000000000000e+00
9.983447790145874023e-01
9.996320009231567383e-01
9.998952150344848633e-01
-1.000000000000000000e+00
-1.000000000000000000e+00
-1.000000000000000000e+00
-1.000000000000000000e+00
9.997126460075378418e-01
9.994688630104064941e-01
-1.000000000000000000e+00
9.998972415924072266e-01
9.992290735244750977e-01
-1.000000000000000000e+00
-1.000000000000000000e+00
-1.000000000000000000e+00
-1.000000000000000000e+00
9.999500513076782227e-01
-1.000000000000000000e+00
-1.000000000000000000e+00
-1.000000000000000000e+00
-1.000000000000000000e+00
-1.000000000000000000e+00
9.994249343872070312e-01
-1.000000000000000000e+00
-1.000000000000000000e+00
-1.000000000000000000e+00
-1.000000000000000000e+00
-1.000000000000000000e+00
-1.000000000000000000e+00
9.995508790016174316e-01
-1.000000000000000000e+00
-1.000000000000000000e+00
-1.000000000000000000e+00
-1.000000000000000000e+00
-1.000000000000000000e+00
-1.000000000000000000e+00
-1.000000000000000000e+00
-1.000000000000000000e+00
-1.000000000000000000e+00
-1.000000000000000000e+00
9.972620010375976562e-01
9.998109936714172363e-01
-1.000000000000000000e+00
-1.000000000000000000e+00
-1.000000000000000000e+00
9.945363998413085938e-01
9.983515739440917969e-01
-1.000000000000000000e+00
-1.000000000000000000e+00
-1.000000000000000000e+00
-1.000000000000000000e+00
-1.000000000000000000e+00
-1.000000000000000000e+00
9.992383718490600586e-01
-1.000000000000000000e+00
-1.000000000000000000e+00
-1.000000000000000000e+00
-1.000000000000000000e+00
-1.000000000000000000e+00
9.985186457633972168e-01
-1.000000000000000000e+00
-1.000000000000000000e+00
-1.000000000000000000e+00
-1.000000000000000000e+00
9.995838999748229980e-01
-1.000000000000000000e+00
-1.000000000000000000e+00
-1.000000000000000000e+00
-1.000000000000000000e+00
9.934780597686767578e-01
-1.000000000000000000e+00
9.984346032142639160e-01
-1.000000000000000000e+00
-1.000000000000000000e+00
9.988731741905212402e-01
-1.000000000000000000e+00
-1.000000000000000000e+00
-1.000000000000000000e+00
-1.000000000000000000e+00
-1.000000000000000000e+00
9.992861151695251465e-01
-1.000000000000000000e+00
-1.000000000000000000e+00
-1.000000000000000000e+00
-1.000000000000000000e+00
-1.000000000000000000e+00
9.987497329711914062e-01
-1.000000000000000000e+00
9.995688796043395996e-01
-1.000000000000000000e+00
9.926154613494873047e-01
9.982382059097290039e-01
-1.000000000000000000e+00
-1.000000000000000000e+00
9.989898800849914551e-01
-1.000000000000000000e+00
-1.000000000000000000e+00
9.985942244529724121e-01
-1.000000000000000000e+00
9.815312623977661133e-01
-1.000000000000000000e+00
-1.000000000000000000e+00
-1.000000000000000000e+00
-1.000000000000000000e+00
-1.000000000000000000e+00
9.990943670272827148e-01
-1.000000000000000000e+00
-1.000000000000000000e+00
9.973223805427551270e-01
-1.000000000000000000e+00
9.996278285980224609e-01
-1.000000000000000000e+00
-1.000000000000000000e+00
-1.000000000000000000e+00
9.999012947082519531e-01
-1.000000000000000000e+00
-1.000000000000000000e+00
9.946461319923400879e-01
-1.000000000000000000e+00
-1.000000000000000000e+00
9.995724558830261230e-01
-1.000000000000000000e+00
9.997923970222473145e-01
-1.000000000000000000e+00
9.997606873512268066e-01
-1.000000000000000000e+00
-1.000000000000000000e+00
-1.000000000000000000e+00
-1.000000000000000000e+00
-1.000000000000000000e+00
-1.000000000000000000e+00
9.997201561927795410e-01
-1.000000000000000000e+00
-1.000000000000000000e+00
-1.000000000000000000e+00
-1.000000000000000000e+00
-1.000000000000000000e+00
-1.000000000000000000e+00
-1.000000000000000000e+00
-1.000000000000000000e+00
-1.000000000000000000e+00
9.997611641883850098e-01
-1.000000000000000000e+00
-1.000000000000000000e+00
9.995611310005187988e-01
-1.000000000000000000e+00
9.985756874084472656e-01
-1.000000000000000000e+00
-1.000000000000000000e+00
9.997279047966003418e-01
9.992885589599609375e-01
9.984750151634216309e-01
-1.000000000000000000e+00
-1.000000000000000000e+00
-1.000000000000000000e+00
9.997962117195129395e-01
-1.000000000000000000e+00
9.997506737709045410e-01
-1.000000000000000000e+00
-1.000000000000000000e+00
9.987500905990600586e-01
9.986845850944519043e-01
-1.000000000000000000e+00
-1.000000000000000000e+00
-1.000000000000000000e+00
-1.000000000000000000e+00
-1.000000000000000000e+00
9.988604784011840820e-01
9.956112504005432129e-01
-1.000000000000000000e+00
-1.000000000000000000e+00
-1.000000000000000000e+00
-1.000000000000000000e+00
9.998500347137451172e-01
-1.000000000000000000e+00
-1.000000000000000000e+00
-1.000000000000000000e+00
-1.000000000000000000e+00
-1.000000000000000000e+00
-1.000000000000000000e+00
-1.000000000000000000e+00
-1.000000000000000000e+00
-1.000000000000000000e+00
9.998490810394287109e-01
-1.000000000000000000e+00
9.982829093933105469e-01
-1.000000000000000000e+00
-1.000000000000000000e+00
-1.000000000000000000e+00
-1.000000000000000000e+00
-1.000000000000000000e+00
9.963514804840087891e-01
-1.000000000000000000e+00
-1.000000000000000000e+00
9.978540539741516113e-01
-1.000000000000000000e+00
9.985534548759460449e-01
-1.000000000000000000e+00
-1.000000000000000000e+00
-1.000000000000000000e+00
-1.000000000000000000e+00
-1.000000000000000000e+00
-1.000000000000000000e+00
-1.000000000000000000e+00
-1.000000000000000000e+00
-1.000000000000000000e+00
-1.000000000000000000e+00
9.990420937538146973e-01
-1.000000000000000000e+00
-1.000000000000000000e+00
-1.000000000000000000e+00
9.992268085479736328e-01
9.998189806938171387e-01
9.989509582519531250e-01
9.996868371963500977e-01
9.969749450683593750e-01
9.991818070411682129e-01
-1.000000000000000000e+00
-1.000000000000000000e+00
-1.000000000000000000e+00
9.995756745338439941e-01
-1.000000000000000000e+00
9.997223019599914551e-01
-1.000000000000000000e+00
-1.000000000000000000e+00
9.983963370323181152e-01
-1.000000000000000000e+00
-1.000000000000000000e+00
-1.000000000000000000e+00
9.980096220970153809e-01
-1.000000000000000000e+00
-1.000000000000000000e+00
9.995593428611755371e-01
-1.000000000000000000e+00
9.979208111763000488e-01
-1.000000000000000000e+00
-1.000000000000000000e+00
-1.000000000000000000e+00
9.998526573181152344e-01
-1.000000000000000000e+00
-1.000000000000000000e+00
-1.000000000000000000e+00
-1.000000000000000000e+00
-1.000000000000000000e+00
-1.000000000000000000e+00
9.995125532150268555e-01
-1.000000000000000000e+00
-1.000000000000000000e+00
9.993846416473388672e-01
-1.000000000000000000e+00
-1.000000000000000000e+00
-1.000000000000000000e+00
-1.000000000000000000e+00
-1.000000000000000000e+00
-1.000000000000000000e+00
-1.000000000000000000e+00
9.996955394744873047e-01
-1.000000000000000000e+00
-1.000000000000000000e+00
-1.000000000000000000e+00
-1.000000000000000000e+00
-1.000000000000000000e+00
-1.000000000000000000e+00
-1.000000000000000000e+00
-1.000000000000000000e+00
-1.000000000000000000e+00
-1.000000000000000000e+00
-1.000000000000000000e+00
9.998553991317749023e-01
-1.000000000000000000e+00
9.995489716529846191e-01
-1.000000000000000000e+00
-1.000000000000000000e+00
-1.000000000000000000e+00
-1.000000000000000000e+00
-1.000000000000000000e+00
-1.000000000000000000e+00
-1.000000000000000000e+00
-1.000000000000000000e+00
-1.000000000000000000e+00
-1.000000000000000000e+00
9.995793700218200684e-01
-1.000000000000000000e+00
-1.000000000000000000e+00
-1.000000000000000000e+00
9.998051524162292480e-01
-1.000000000000000000e+00
-1.000000000000000000e+00
-1.000000000000000000e+00
-1.000000000000000000e+00
-1.000000000000000000e+00
9.996774196624755859e-01
-1.000000000000000000e+00
9.993602633476257324e-01
-1.000000000000000000e+00
-1.000000000000000000e+00
-1.000000000000000000e+00
9.984136819839477539e-01
-1.000000000000000000e+00
9.996053576469421387e-01
-1.000000000000000000e+00
-1.000000000000000000e+00
-1.000000000000000000e+00
9.994762539863586426e-01
-1.000000000000000000e+00
-1.000000000000000000e+00
-1.000000000000000000e+00
-1.000000000000000000e+00
-1.000000000000000000e+00
-1.000000000000000000e+00
-1.000000000000000000e+00
-1.000000000000000000e+00
-1.000000000000000000e+00
-1.000000000000000000e+00
-1.000000000000000000e+00
9.982827901840209961e-01
-1.000000000000000000e+00
-1.000000000000000000e+00
9.996951818466186523e-01
-1.000000000000000000e+00
-1.000000000000000000e+00
-1.000000000000000000e+00
-1.000000000000000000e+00
9.982740879058837891e-01
-1.000000000000000000e+00
-1.000000000000000000e+00
9.989180564880371094e-01
9.998602867126464844e-01
-1.000000000000000000e+00
9.999330043792724609e-01
-1.000000000000000000e+00
9.998906850814819336e-01
-1.000000000000000000e+00
-1.000000000000000000e+00
-1.000000000000000000e+00
9.931054711341857910e-01
-1.000000000000000000e+00
9.995579123497009277e-01
9.955587387084960938e-01
-1.000000000000000000e+00
-1.000000000000000000e+00
-1.000000000000000000e+00
-1.000000000000000000e+00
-1.000000000000000000e+00
-1.000000000000000000e+00
-1.000000000000000000e+00
9.997091889381408691e-01
-1.000000000000000000e+00
9.999614953994750977e-01
-1.000000000000000000e+00
-1.000000000000000000e+00
-1.000000000000000000e+00
9.987419247627258301e-01
-1.000000000000000000e+00
-1.000000000000000000e+00
-1.000000000000000000e+00
-1.000000000000000000e+00
-1.000000000000000000e+00
9.996806383132934570e-01
9.820192456245422363e-01
-1.000000000000000000e+00
-1.000000000000000000e+00
-1.000000000000000000e+00
-1.000000000000000000e+00
-1.000000000000000000e+00
-1.000000000000000000e+00
-1.000000000000000000e+00
-1.000000000000000000e+00
-1.000000000000000000e+00
9.967849254608154297e-01
-1.000000000000000000e+00
-1.000000000000000000e+00
9.921473860740661621e-01
-1.000000000000000000e+00
-1.000000000000000000e+00
-1.000000000000000000e+00
-1.000000000000000000e+00
9.997466206550598145e-01
-1.000000000000000000e+00
-1.000000000000000000e+00
-1.000000000000000000e+00
-1.000000000000000000e+00
-1.000000000000000000e+00
-1.000000000000000000e+00
-1.000000000000000000e+00
9.844712615013122559e-01
-1.000000000000000000e+00
9.974078536033630371e-01
9.983485937118530273e-01
9.985209107398986816e-01
-1.000000000000000000e+00
-1.000000000000000000e+00
-1.000000000000000000e+00
-1.000000000000000000e+00
-1.000000000000000000e+00
-1.000000000000000000e+00
9.975931048393249512e-01
-1.000000000000000000e+00
-1.000000000000000000e+00
-1.000000000000000000e+00
-1.000000000000000000e+00
-1.000000000000000000e+00
-1.000000000000000000e+00
-1.000000000000000000e+00
9.974676370620727539e-01
-1.000000000000000000e+00
-1.000000000000000000e+00
9.990696310997009277e-01
9.979174733161926270e-01
-1.000000000000000000e+00
-1.000000000000000000e+00
-1.000000000000000000e+00
-1.000000000000000000e+00
-1.000000000000000000e+00
9.993181228637695312e-01
-1.000000000000000000e+00
9.991058707237243652e-01
-1.000000000000000000e+00
-1.000000000000000000e+00
-1.000000000000000000e+00
-1.000000000000000000e+00
-1.000000000000000000e+00
9.978758096694946289e-01
9.993900060653686523e-01
9.995280504226684570e-01
-1.000000000000000000e+00
-1.000000000000000000e+00
-1.000000000000000000e+00
-1.000000000000000000e+00
-1.000000000000000000e+00
-1.000000000000000000e+00
-1.000000000000000000e+00
9.964519739151000977e-01
9.967507123947143555e-01
-1.000000000000000000e+00
-1.000000000000000000e+00
-1.000000000000000000e+00
9.993662238121032715e-01
-1.000000000000000000e+00
9.998021721839904785e-01
9.984092116355895996e-01
-1.000000000000000000e+00
-1.000000000000000000e+00
-1.000000000000000000e+00
-1.000000000000000000e+00
-1.000000000000000000e+00
-1.000000000000000000e+00
9.981626868247985840e-01
-1.000000000000000000e+00
-1.000000000000000000e+00
9.997988343238830566e-01
-1.000000000000000000e+00
9.996225833892822266e-01
-1.000000000000000000e+00
-1.000000000000000000e+00
9.978771209716796875e-01
-1.000000000000000000e+00
-1.000000000000000000e+00
-1.000000000000000000e+00
-1.000000000000000000e+00
-1.000000000000000000e+00
-1.000000000000000000e+00
9.986523985862731934e-01
-1.000000000000000000e+00
-1.000000000000000000e+00
-1.000000000000000000e+00
-1.000000000000000000e+00
-1.000000000000000000e+00
-1.000000000000000000e+00
-1.000000000000000000e+00
9.996577501296997070e-01
-1.000000000000000000e+00
-1.000000000000000000e+00
9.996731281280517578e-01
-1.000000000000000000e+00
9.987807869911193848e-01
-1.000000000000000000e+00
-1.000000000000000000e+00
9.995537400245666504e-01
9.997329115867614746e-01
-1.000000000000000000e+00
-1.000000000000000000e+00
9.992803931236267090e-01
-1.000000000000000000e+00
-1.000000000000000000e+00
-1.000000000000000000e+00
9.924743771553039551e-01
-1.000000000000000000e+00
-1.000000000000000000e+00
-1.000000000000000000e+00
9.964613318443298340e-01
-1.000000000000000000e+00
-1.000000000000000000e+00
-1.000000000000000000e+00
9.980787038803100586e-01
-1.000000000000000000e+00
-1.000000000000000000e+00
-1.000000000000000000e+00
9.984435439109802246e-01
-1.000000000000000000e+00
-1.000000000000000000e+00
-1.000000000000000000e+00
-1.000000000000000000e+00
9.987744688987731934e-01
-1.000000000000000000e+00
9.996713399887084961e-01
-1.000000000000000000e+00
-1.000000000000000000e+00
-1.000000000000000000e+00
-1.000000000000000000e+00
-1.000000000000000000e+00
-1.000000000000000000e+00
-1.000000000000000000e+00
-1.000000000000000000e+00
-1.000000000000000000e+00
9.998347759246826172e-01
9.998074173927307129e-01
-1.000000000000000000e+00
-1.000000000000000000e+00
-1.000000000000000000e+00
-1.000000000000000000e+00
9.998973608016967773e-01
-1.000000000000000000e+00
9.995089769363403320e-01
9.996082186698913574e-01
-1.000000000000000000e+00
9.988767504692077637e-01
-1.000000000000000000e+00
-1.000000000000000000e+00
9.984613656997680664e-01
-1.000000000000000000e+00
9.993941783905029297e-01
-1.000000000000000000e+00
9.983029365539550781e-01
9.998078942298889160e-01
-1.000000000000000000e+00
-1.000000000000000000e+00
-1.000000000000000000e+00
-1.000000000000000000e+00
-1.000000000000000000e+00
-1.000000000000000000e+00
-1.000000000000000000e+00
-1.000000000000000000e+00
-1.000000000000000000e+00
9.998006224632263184e-01
9.997833371162414551e-01
9.989665746688842773e-01
-1.000000000000000000e+00
8.616876602172851562e-01
9.999731779098510742e-01
-1.000000000000000000e+00
9.998288154602050781e-01
9.997603297233581543e-01
-1.000000000000000000e+00
9.994451403617858887e-01
9.996082186698913574e-01
-1.000000000000000000e+00
9.984601736068725586e-01
9.794811010360717773e-01
-1.000000000000000000e+00
9.958258867263793945e-01
-1.000000000000000000e+00
-1.000000000000000000e+00
-1.000000000000000000e+00
-1.000000000000000000e+00
-1.000000000000000000e+00
9.989904761314392090e-01
-1.000000000000000000e+00
-1.000000000000000000e+00
9.996421337127685547e-01
-1.000000000000000000e+00
-1.000000000000000000e+00
-1.000000000000000000e+00
-1.000000000000000000e+00
9.991783499717712402e-01
-1.000000000000000000e+00
-1.000000000000000000e+00
-1.000000000000000000e+00
-1.000000000000000000e+00
-1.000000000000000000e+00
-1.000000000000000000e+00
-1.000000000000000000e+00
-1.000000000000000000e+00
-1.000000000000000000e+00
-1.000000000000000000e+00
-1.000000000000000000e+00
-1.000000000000000000e+00
9.983223080635070801e-01
-1.000000000000000000e+00
-1.000000000000000000e+00
9.873021841049194336e-01
-1.000000000000000000e+00
-1.000000000000000000e+00
-1.000000000000000000e+00
9.976451992988586426e-01
9.983976483345031738e-01
9.985448122024536133e-01
-1.000000000000000000e+00
-1.000000000000000000e+00
-1.000000000000000000e+00
-1.000000000000000000e+00
-1.000000000000000000e+00
9.990830421447753906e-01
9.988614320755004883e-01
-1.000000000000000000e+00
-1.000000000000000000e+00
-1.000000000000000000e+00
-1.000000000000000000e+00
-1.000000000000000000e+00
9.967928528785705566e-01
-1.000000000000000000e+00
-1.000000000000000000e+00
-1.000000000000000000e+00
9.927870631217956543e-01
9.998719692230224609e-01
-1.000000000000000000e+00
-1.000000000000000000e+00
-1.000000000000000000e+00
-1.000000000000000000e+00
-1.000000000000000000e+00
-1.000000000000000000e+00
-1.000000000000000000e+00
-1.000000000000000000e+00
-1.000000000000000000e+00
-1.000000000000000000e+00
-1.000000000000000000e+00
9.970557689666748047e-01
-1.000000000000000000e+00
-1.000000000000000000e+00
-1.000000000000000000e+00
-1.000000000000000000e+00
-1.000000000000000000e+00
-1.000000000000000000e+00
-1.000000000000000000e+00
-1.000000000000000000e+00
-1.000000000000000000e+00
-1.000000000000000000e+00
9.995017051696777344e-01
-1.000000000000000000e+00
-1.000000000000000000e+00
-1.000000000000000000e+00
-1.000000000000000000e+00
-1.000000000000000000e+00
-1.000000000000000000e+00
-1.000000000000000000e+00
-1.000000000000000000e+00
-1.000000000000000000e+00
-1.000000000000000000e+00
-1.000000000000000000e+00
9.999226331710815430e-01
9.939794540405273438e-01
-1.000000000000000000e+00
9.990857839584350586e-01
9.989720582962036133e-01
-1.000000000000000000e+00
-1.000000000000000000e+00
-1.000000000000000000e+00
-1.000000000000000000e+00
9.963733553886413574e-01
-1.000000000000000000e+00
-1.000000000000000000e+00
-1.000000000000000000e+00
-1.000000000000000000e+00
9.994252920150756836e-01
9.985187649726867676e-01
9.997770190238952637e-01
9.996975660324096680e-01
9.977189898490905762e-01
-1.000000000000000000e+00
-1.000000000000000000e+00
-1.000000000000000000e+00
9.980333447456359863e-01
9.967472553253173828e-01
-1.000000000000000000e+00
-1.000000000000000000e+00
-1.000000000000000000e+00
9.995054006576538086e-01
9.994767308235168457e-01
9.984636306762695312e-01
-1.000000000000000000e+00
-1.000000000000000000e+00
-1.000000000000000000e+00
-1.000000000000000000e+00
9.973186850547790527e-01
-1.000000000000000000e+00
-1.000000000000000000e+00
-1.000000000000000000e+00
-1.000000000000000000e+00
-1.000000000000000000e+00
-1.000000000000000000e+00
-1.000000000000000000e+00
-1.000000000000000000e+00
9.977802634239196777e-01
-1.000000000000000000e+00
-1.000000000000000000e+00
-1.000000000000000000e+00
-1.000000000000000000e+00
-1.000000000000000000e+00
-1.000000000000000000e+00
-1.000000000000000000e+00
9.990472197532653809e-01
9.995660185813903809e-01
9.987747073173522949e-01
9.986695051193237305e-01
-1.000000000000000000e+00
-1.000000000000000000e+00
9.973691701889038086e-01
-1.000000000000000000e+00
-1.000000000000000000e+00
-1.000000000000000000e+00
9.944803714752197266e-01
9.997213482856750488e-01
-1.000000000000000000e+00
-1.000000000000000000e+00
-1.000000000000000000e+00
-1.000000000000000000e+00
9.994433522224426270e-01
-1.000000000000000000e+00
-1.000000000000000000e+00
9.997358918190002441e-01
-1.000000000000000000e+00
-1.000000000000000000e+00
-1.000000000000000000e+00
9.952874183654785156e-01
-1.000000000000000000e+00
-1.000000000000000000e+00
-1.000000000000000000e+00
9.991343617439270020e-01
-1.000000000000000000e+00
-1.000000000000000000e+00
-1.000000000000000000e+00
-1.000000000000000000e+00
-1.000000000000000000e+00
-1.000000000000000000e+00
9.995367527008056641e-01
-1.000000000000000000e+00
-1.000000000000000000e+00
-1.000000000000000000e+00
9.779549241065979004e-01
-1.000000000000000000e+00
-1.000000000000000000e+00
-1.000000000000000000e+00
-1.000000000000000000e+00
-1.000000000000000000e+00
-1.000000000000000000e+00
-1.000000000000000000e+00
-1.000000000000000000e+00
-1.000000000000000000e+00
-1.000000000000000000e+00
-1.000000000000000000e+00
-1.000000000000000000e+00
9.991280436515808105e-01
9.996309280395507812e-01
-1.000000000000000000e+00
-1.000000000000000000e+00
-1.000000000000000000e+00
-1.000000000000000000e+00
9.996280670166015625e-01
-1.000000000000000000e+00
-1.000000000000000000e+00
-1.000000000000000000e+00
-1.000000000000000000e+00
-1.000000000000000000e+00
-1.000000000000000000e+00
9.997674822807312012e-01
-1.000000000000000000e+00
9.994636178016662598e-01
-1.000000000000000000e+00
-1.000000000000000000e+00
9.903167486190795898e-01
-1.000000000000000000e+00
-1.000000000000000000e+00
9.988628625869750977e-01
-1.000000000000000000e+00
-1.000000000000000000e+00
9.989956021308898926e-01
9.998344182968139648e-01
-1.000000000000000000e+00
9.999212026596069336e-01
9.967827796936035156e-01
-1.000000000000000000e+00
-1.000000000000000000e+00
9.994063377380371094e-01
-1.000000000000000000e+00
-1.000000000000000000e+00
9.993923902511596680e-01
-1.000000000000000000e+00
-1.000000000000000000e+00
9.982507824897766113e-01
-1.000000000000000000e+00
-1.000000000000000000e+00
9.966089725494384766e-01
-1.000000000000000000e+00
9.987081289291381836e-01
-1.000000000000000000e+00
-1.000000000000000000e+00
9.996079802513122559e-01
-1.000000000000000000e+00
-1.000000000000000000e+00
-1.000000000000000000e+00
-1.000000000000000000e+00
-1.000000000000000000e+00
9.992707371711730957e-01
-1.000000000000000000e+00
9.992996454238891602e-01
-1.000000000000000000e+00
-1.000000000000000000e+00
-1.000000000000000000e+00
-1.000000000000000000e+00
9.999155998229980469e-01
-1.000000000000000000e+00
-1.000000000000000000e+00
9.995601773262023926e-01
-1.000000000000000000e+00
-1.000000000000000000e+00
-1.000000000000000000e+00
-1.000000000000000000e+00
-1.000000000000000000e+00
-1.000000000000000000e+00
-1.000000000000000000e+00
-1.000000000000000000e+00
-1.000000000000000000e+00
-1.000000000000000000e+00
-1.000000000000000000e+00
-1.000000000000000000e+00
-1.000000000000000000e+00
9.996353387832641602e-01
-1.000000000000000000e+00
9.993370175361633301e-01
9.864708781242370605e-01
-1.000000000000000000e+00
-1.000000000000000000e+00
9.989232420921325684e-01
9.994238615036010742e-01
9.987789988517761230e-01
-1.000000000000000000e+00
9.992282390594482422e-01
-1.000000000000000000e+00
-1.000000000000000000e+00
-1.000000000000000000e+00
9.995253086090087891e-01
9.994817376136779785e-01
-1.000000000000000000e+00
-1.000000000000000000e+00
-1.000000000000000000e+00
-1.000000000000000000e+00
9.855660796165466309e-01
-1.000000000000000000e+00
9.999133348464965820e-01
-1.000000000000000000e+00
-1.000000000000000000e+00
-1.000000000000000000e+00
-1.000000000000000000e+00
9.982823133468627930e-01
9.956117272377014160e-01
-1.000000000000000000e+00
-1.000000000000000000e+00
-1.000000000000000000e+00
-1.000000000000000000e+00
-1.000000000000000000e+00
-1.000000000000000000e+00
-1.000000000000000000e+00
-1.000000000000000000e+00
-1.000000000000000000e+00
-1.000000000000000000e+00
-1.000000000000000000e+00
-1.000000000000000000e+00
-1.000000000000000000e+00
-1.000000000000000000e+00
9.995551705360412598e-01
-1.000000000000000000e+00
-1.000000000000000000e+00
-1.000000000000000000e+00
-1.000000000000000000e+00
9.988287091255187988e-01
-1.000000000000000000e+00
9.980455636978149414e-01
-1.000000000000000000e+00
-1.000000000000000000e+00
9.999122619628906250e-01
-1.000000000000000000e+00
9.963049888610839844e-01
9.997423291206359863e-01
-1.000000000000000000e+00
9.971635937690734863e-01
-1.000000000000000000e+00
-1.000000000000000000e+00
-1.000000000000000000e+00
-1.000000000000000000e+00
-1.000000000000000000e+00
-1.000000000000000000e+00
-1.000000000000000000e+00
9.996800422668457031e-01
-1.000000000000000000e+00
-1.000000000000000000e+00
-1.000000000000000000e+00
-1.000000000000000000e+00
-1.000000000000000000e+00
-1.000000000000000000e+00
9.997519850730895996e-01
-1.000000000000000000e+00
-1.000000000000000000e+00
-1.000000000000000000e+00
-1.000000000000000000e+00
-1.000000000000000000e+00
-1.000000000000000000e+00
7.760270237922668457e-01
9.976358413696289062e-01
-1.000000000000000000e+00
-1.000000000000000000e+00
-1.000000000000000000e+00
-1.000000000000000000e+00
-1.000000000000000000e+00
-1.000000000000000000e+00
9.801007509231567383e-01
9.948635697364807129e-01
9.995750784873962402e-01
-1.000000000000000000e+00
-1.000000000000000000e+00
-1.000000000000000000e+00
-1.000000000000000000e+00
-1.000000000000000000e+00
9.988433122634887695e-01
-1.000000000000000000e+00
9.996069073677062988e-01
-1.000000000000000000e+00
-1.000000000000000000e+00
9.985914826393127441e-01
-1.000000000000000000e+00
-1.000000000000000000e+00
9.982972741127014160e-01
-1.000000000000000000e+00
-1.000000000000000000e+00
-1.000000000000000000e+00
9.998138546943664551e-01
-1.000000000000000000e+00
-1.000000000000000000e+00
-1.000000000000000000e+00
9.999673366546630859e-01
-1.000000000000000000e+00
9.989051818847656250e-01
-1.000000000000000000e+00
-1.000000000000000000e+00
-1.000000000000000000e+00
-1.000000000000000000e+00
-1.000000000000000000e+00
-1.000000000000000000e+00
-1.000000000000000000e+00
-1.000000000000000000e+00
-1.000000000000000000e+00
-1.000000000000000000e+00
-1.000000000000000000e+00
-1.000000000000000000e+00
-1.000000000000000000e+00
-1.000000000000000000e+00
9.994576573371887207e-01
9.996434450149536133e-01
-1.000000000000000000e+00
-1.000000000000000000e+00
-1.000000000000000000e+00
-1.000000000000000000e+00
9.991212487220764160e-01
9.988688826560974121e-01
-1.000000000000000000e+00
9.997791647911071777e-01
-1.000000000000000000e+00
-1.000000000000000000e+00
9.998891353607177734e-01
-1.000000000000000000e+00
-1.000000000000000000e+00
-1.000000000000000000e+00
9.995146989822387695e-01
-1.000000000000000000e+00
9.937778711318969727e-01
-1.000000000000000000e+00
9.991895556449890137e-01
-1.000000000000000000e+00
-1.000000000000000000e+00
9.989812970161437988e-01
-1.000000000000000000e+00
-1.000000000000000000e+00
-1.000000000000000000e+00
9.991437196731567383e-01
-1.000000000000000000e+00
-1.000000000000000000e+00
9.994655251502990723e-01
-1.000000000000000000e+00
-1.000000000000000000e+00
-1.000000000000000000e+00
-1.000000000000000000e+00
-1.000000000000000000e+00
-1.000000000000000000e+00
-1.000000000000000000e+00
9.996976852416992188e-01
-1.000000000000000000e+00
9.953293800354003906e-01
-1.000000000000000000e+00
-1.000000000000000000e+00
-1.000000000000000000e+00
9.989777803421020508e-01
-1.000000000000000000e+00
-1.000000000000000000e+00
9.994226694107055664e-01
-1.000000000000000000e+00
9.996232986450195312e-01
-1.000000000000000000e+00
-1.000000000000000000e+00
-1.000000000000000000e+00
-1.000000000000000000e+00
9.995126724243164062e-01
9.993962049484252930e-01
9.972876310348510742e-01
-1.000000000000000000e+00
-1.000000000000000000e+00
-1.000000000000000000e+00
9.843003153800964355e-01
-1.000000000000000000e+00
9.993127584457397461e-01
9.995313882827758789e-01
9.997097849845886230e-01
9.999264478683471680e-01
-1.000000000000000000e+00
-1.000000000000000000e+00
-1.000000000000000000e+00
9.976632595062255859e-01
-1.000000000000000000e+00
-1.000000000000000000e+00
9.997244477272033691e-01
-1.000000000000000000e+00
-1.000000000000000000e+00
9.998701810836791992e-01
9.997873902320861816e-01
-1.000000000000000000e+00
-1.000000000000000000e+00
-1.000000000000000000e+00
-1.000000000000000000e+00
-1.000000000000000000e+00
-1.000000000000000000e+00
-1.000000000000000000e+00
-1.000000000000000000e+00
-1.000000000000000000e+00
-1.000000000000000000e+00
-1.000000000000000000e+00
-1.000000000000000000e+00
-1.000000000000000000e+00
-1.000000000000000000e+00
-1.000000000000000000e+00
-1.000000000000000000e+00
-1.000000000000000000e+00
9.971504807472229004e-01
-1.000000000000000000e+00
-1.000000000000000000e+00
-1.000000000000000000e+00
-1.000000000000000000e+00
-1.000000000000000000e+00
-1.000000000000000000e+00
-1.000000000000000000e+00
9.975443482398986816e-01
9.996803998947143555e-01
9.991718530654907227e-01
9.937000274658203125e-01
-1.000000000000000000e+00
-1.000000000000000000e+00
9.995506405830383301e-01
-1.000000000000000000e+00
9.958040118217468262e-01
9.943447113037109375e-01
-1.000000000000000000e+00
9.987304806709289551e-01
-1.000000000000000000e+00
-1.000000000000000000e+00
-1.000000000000000000e+00
-1.000000000000000000e+00
9.957881569862365723e-01
-1.000000000000000000e+00
9.983761310577392578e-01
9.930036664009094238e-01
-1.000000000000000000e+00
-1.000000000000000000e+00
-1.000000000000000000e+00
9.971381425857543945e-01
-1.000000000000000000e+00
9.968590736389160156e-01
-1.000000000000000000e+00
-1.000000000000000000e+00
-1.000000000000000000e+00
9.996839761734008789e-01
9.997006654739379883e-01
-1.000000000000000000e+00
-1.000000000000000000e+00
9.996005892753601074e-01
-1.000000000000000000e+00
-1.000000000000000000e+00
-1.000000000000000000e+00
-1.000000000000000000e+00
9.980506896972656250e-01
-1.000000000000000000e+00
-1.000000000000000000e+00
9.987681508064270020e-01
-1.000000000000000000e+00
9.900956153869628906e-01
-1.000000000000000000e+00
-1.000000000000000000e+00
-1.000000000000000000e+00
-1.000000000000000000e+00
9.875791668891906738e-01
-1.000000000000000000e+00
9.988566637039184570e-01
-1.000000000000000000e+00
-1.000000000000000000e+00
-1.000000000000000000e+00
-1.000000000000000000e+00
-1.000000000000000000e+00
9.998511075973510742e-01
-1.000000000000000000e+00
-1.000000000000000000e+00
-1.000000000000000000e+00
9.998599290847778320e-01
9.993744492530822754e-01
9.978423118591308594e-01
9.981881976127624512e-01
-1.000000000000000000e+00
9.997034668922424316e-01
-1.000000000000000000e+00
9.960185885429382324e-01
9.994924068450927734e-01
-1.000000000000000000e+00
-1.000000000000000000e+00
-1.000000000000000000e+00
-1.000000000000000000e+00
-1.000000000000000000e+00
9.991400241851806641e-01
-1.000000000000000000e+00
-1.000000000000000000e+00
-1.000000000000000000e+00
-1.000000000000000000e+00
-1.000000000000000000e+00
9.998493194580078125e-01
-1.000000000000000000e+00
-1.000000000000000000e+00
9.987369179725646973e-01
9.956666231155395508e-01
-1.000000000000000000e+00
9.985930323600769043e-01
-1.000000000000000000e+00
-1.000000000000000000e+00
-1.000000000000000000e+00
9.951593279838562012e-01
-1.000000000000000000e+00
-1.000000000000000000e+00
-1.000000000000000000e+00
-1.000000000000000000e+00
-1.000000000000000000e+00
9.995402097702026367e-01
-1.000000000000000000e+00
-1.000000000000000000e+00
-1.000000000000000000e+00
-1.000000000000000000e+00
-1.000000000000000000e+00
9.998997449874877930e-01
9.964575171470642090e-01
9.998867511749267578e-01
-1.000000000000000000e+00
-1.000000000000000000e+00
-1.000000000000000000e+00
-1.000000000000000000e+00
-1.000000000000000000e+00
-1.000000000000000000e+00
-1.000000000000000000e+00
-1.000000000000000000e+00
-1.000000000000000000e+00
-1.000000000000000000e+00
-1.000000000000000000e+00
9.999229907989501953e-01
-1.000000000000000000e+00
-1.000000000000000000e+00
-1.000000000000000000e+00
-1.000000000000000000e+00
-1.000000000000000000e+00
-1.000000000000000000e+00
-1.000000000000000000e+00
-1.000000000000000000e+00
9.980682730674743652e-01
-1.000000000000000000e+00
-1.000000000000000000e+00
9.990528225898742676e-01
9.543677568435668945e-01
-1.000000000000000000e+00
-1.000000000000000000e+00
-1.000000000000000000e+00
-1.000000000000000000e+00
9.995661377906799316e-01
9.994600415229797363e-01
9.992602467536926270e-01
9.994580149650573730e-01
-1.000000000000000000e+00
9.994655251502990723e-01
-1.000000000000000000e+00
9.774585366249084473e-01
-1.000000000000000000e+00
9.999202489852905273e-01
9.917021393775939941e-01
-1.000000000000000000e+00
9.881050586700439453e-01
9.981325268745422363e-01
-1.000000000000000000e+00
-1.000000000000000000e+00
-1.000000000000000000e+00
-1.000000000000000000e+00
-1.000000000000000000e+00
-1.000000000000000000e+00
-1.000000000000000000e+00
-1.000000000000000000e+00
9.998557567596435547e-01
9.967491626739501953e-01
-1.000000000000000000e+00
-1.000000000000000000e+00
-1.000000000000000000e+00
-1.000000000000000000e+00
-1.000000000000000000e+00
-1.000000000000000000e+00
-1.000000000000000000e+00
9.985492825508117676e-01
-1.000000000000000000e+00
-1.000000000000000000e+00
9.910671114921569824e-01
-1.000000000000000000e+00
-1.000000000000000000e+00
-1.000000000000000000e+00
-1.000000000000000000e+00
-1.000000000000000000e+00
-1.000000000000000000e+00
-1.000000000000000000e+00
-1.000000000000000000e+00
9.979368448257446289e-01
-1.000000000000000000e+00
-1.000000000000000000e+00
-1.000000000000000000e+00
-1.000000000000000000e+00
-1.000000000000000000e+00
-1.000000000000000000e+00
-1.000000000000000000e+00
9.966163039207458496e-01
9.921911358833312988e-01
-1.000000000000000000e+00
-1.000000000000000000e+00
-1.000000000000000000e+00
-1.000000000000000000e+00
-1.000000000000000000e+00
9.953058362007141113e-01
-1.000000000000000000e+00
-1.000000000000000000e+00
-1.000000000000000000e+00
-1.000000000000000000e+00
-1.000000000000000000e+00
-1.000000000000000000e+00
-1.000000000000000000e+00
9.994352459907531738e-01
-1.000000000000000000e+00
9.992446899414062500e-01
-1.000000000000000000e+00
9.995644688606262207e-01
-1.000000000000000000e+00
-1.000000000000000000e+00
-1.000000000000000000e+00
-1.000000000000000000e+00
-1.000000000000000000e+00
-1.000000000000000000e+00
-1.000000000000000000e+00
-1.000000000000000000e+00
9.997819066047668457e-01
9.985817670822143555e-01
9.997413754463195801e-01
-1.000000000000000000e+00
-1.000000000000000000e+00
-1.000000000000000000e+00
-1.000000000000000000e+00
-1.000000000000000000e+00
-1.000000000000000000e+00
9.998438358306884766e-01
-1.000000000000000000e+00
-1.000000000000000000e+00
-1.000000000000000000e+00
-1.000000000000000000e+00
-1.000000000000000000e+00
-1.000000000000000000e+00
9.977024197578430176e-01
-1.000000000000000000e+00
-1.000000000000000000e+00
-1.000000000000000000e+00
-1.000000000000000000e+00
-1.000000000000000000e+00
-1.000000000000000000e+00
-1.000000000000000000e+00
9.998733997344970703e-01
-1.000000000000000000e+00
9.994711279869079590e-01
-1.000000000000000000e+00
-1.000000000000000000e+00
-1.000000000000000000e+00
9.968104958534240723e-01
-1.000000000000000000e+00
-1.000000000000000000e+00
9.995718598365783691e-01
-1.000000000000000000e+00
-1.000000000000000000e+00
-1.000000000000000000e+00
-1.000000000000000000e+00
-1.000000000000000000e+00
-1.000000000000000000e+00
9.996742010116577148e-01
-1.000000000000000000e+00
-1.000000000000000000e+00
-1.000000000000000000e+00
-1.000000000000000000e+00
-1.000000000000000000e+00
-1.000000000000000000e+00
9.989200830459594727e-01
-1.000000000000000000e+00
-1.000000000000000000e+00
9.655772447586059570e-01
-1.000000000000000000e+00
-1.000000000000000000e+00
-1.000000000000000000e+00
-1.000000000000000000e+00
-1.000000000000000000e+00
-1.000000000000000000e+00
-1.000000000000000000e+00
9.962677359580993652e-01
9.972491860389709473e-01
-1.000000000000000000e+00
-1.000000000000000000e+00
-1.000000000000000000e+00
-1.000000000000000000e+00
9.982574582099914551e-01
-1.000000000000000000e+00
9.970489144325256348e-01
9.984803795814514160e-01
9.998774528503417969e-01
-1.000000000000000000e+00
-1.000000000000000000e+00
-1.000000000000000000e+00
-1.000000000000000000e+00
9.893876314163208008e-01
-1.000000000000000000e+00
-1.000000000000000000e+00
-1.000000000000000000e+00
9.990448355674743652e-01
9.310154318809509277e-01
9.993284940719604492e-01
9.994775652885437012e-01
-1.000000000000000000e+00
9.967198967933654785e-01
-1.000000000000000000e+00
-1.000000000000000000e+00
-1.000000000000000000e+00
-1.000000000000000000e+00
9.993625283241271973e-01
-1.000000000000000000e+00
-1.000000000000000000e+00
-1.000000000000000000e+00
-1.000000000000000000e+00
-1.000000000000000000e+00
-1.000000000000000000e+00
-1.000000000000000000e+00
9.923377633094787598e-01
9.998768568038940430e-01
-1.000000000000000000e+00
-1.000000000000000000e+00
-1.000000000000000000e+00
-1.000000000000000000e+00
-1.000000000000000000e+00
-1.000000000000000000e+00
-1.000000000000000000e+00
-1.000000000000000000e+00
-1.000000000000000000e+00
-1.000000000000000000e+00
-1.000000000000000000e+00
-1.000000000000000000e+00
9.991014003753662109e-01
-1.000000000000000000e+00
-1.000000000000000000e+00
9.941400289535522461e-01
9.997305274009704590e-01
-1.000000000000000000e+00
9.992233514785766602e-01
-1.000000000000000000e+00
-1.000000000000000000e+00
9.977826476097106934e-01
-1.000000000000000000e+00
-1.000000000000000000e+00
9.982230067253112793e-01
-1.000000000000000000e+00
-1.000000000000000000e+00
-1.000000000000000000e+00
-1.000000000000000000e+00
-1.000000000000000000e+00
9.991436004638671875e-01
9.992275238037109375e-01
-1.000000000000000000e+00
-1.000000000000000000e+00
9.972425699234008789e-01
-1.000000000000000000e+00
-1.000000000000000000e+00
9.996803998947143555e-01
-1.000000000000000000e+00
-1.000000000000000000e+00
9.952815175056457520e-01
-1.000000000000000000e+00
-1.000000000000000000e+00
9.993450045585632324e-01
-1.000000000000000000e+00
-1.000000000000000000e+00
9.822484254837036133e-01
-1.000000000000000000e+00
9.992715716361999512e-01
9.992438554763793945e-01
-1.000000000000000000e+00
-1.000000000000000000e+00
-1.000000000000000000e+00
-1.000000000000000000e+00
-1.000000000000000000e+00
-1.000000000000000000e+00
-1.000000000000000000e+00
-1.000000000000000000e+00
-1.000000000000000000e+00
-1.000000000000000000e+00
-1.000000000000000000e+00
-1.000000000000000000e+00
9.997585415840148926e-01
9.993911981582641602e-01
-1.000000000000000000e+00
-1.000000000000000000e+00
9.955132603645324707e-01
-1.000000000000000000e+00
-1.000000000000000000e+00
-1.000000000000000000e+00
-1.000000000000000000e+00
-1.000000000000000000e+00
-1.000000000000000000e+00
-1.000000000000000000e+00
-1.000000000000000000e+00
-1.000000000000000000e+00
-1.000000000000000000e+00
9.994496703147888184e-01
9.994142055511474609e-01
-1.000000000000000000e+00
-1.000000000000000000e+00
9.998323917388916016e-01
9.996235370635986328e-01
9.993036985397338867e-01
-1.000000000000000000e+00
-1.000000000000000000e+00
-1.000000000000000000e+00
-1.000000000000000000e+00
9.954614043235778809e-01
-1.000000000000000000e+00
9.934797286987304688e-01
-1.000000000000000000e+00
-1.000000000000000000e+00
-1.000000000000000000e+00
9.995688796043395996e-01
-1.000000000000000000e+00
-1.000000000000000000e+00
-1.000000000000000000e+00
-1.000000000000000000e+00
9.996595382690429688e-01
-1.000000000000000000e+00
-1.000000000000000000e+00
-1.000000000000000000e+00
-1.000000000000000000e+00
9.997352957725524902e-01
9.968473315238952637e-01
9.993353486061096191e-01
-1.000000000000000000e+00
-1.000000000000000000e+00
9.991146922111511230e-01
-1.000000000000000000e+00
9.986689090728759766e-01
-1.000000000000000000e+00
-1.000000000000000000e+00
-1.000000000000000000e+00
-1.000000000000000000e+00
9.984436631202697754e-01
9.960508942604064941e-01
9.999178647994995117e-01
9.989018440246582031e-01
-1.000000000000000000e+00
-1.000000000000000000e+00
-1.000000000000000000e+00
-1.000000000000000000e+00
-1.000000000000000000e+00
-1.000000000000000000e+00
-1.000000000000000000e+00
9.991332888603210449e-01
-1.000000000000000000e+00
-1.000000000000000000e+00
-1.000000000000000000e+00
-1.000000000000000000e+00
-1.000000000000000000e+00
-1.000000000000000000e+00
9.996371269226074219e-01
-1.000000000000000000e+00
-1.000000000000000000e+00
-1.000000000000000000e+00
-1.000000000000000000e+00
-1.000000000000000000e+00
-1.000000000000000000e+00
-1.000000000000000000e+00
9.994196891784667969e-01
-1.000000000000000000e+00
-1.000000000000000000e+00
-1.000000000000000000e+00
-1.000000000000000000e+00
-1.000000000000000000e+00
-1.000000000000000000e+00
-1.000000000000000000e+00
-1.000000000000000000e+00
-1.000000000000000000e+00
-1.000000000000000000e+00
-1.000000000000000000e+00
-1.000000000000000000e+00
9.992423057556152344e-01
-1.000000000000000000e+00
-1.000000000000000000e+00
-1.000000000000000000e+00
-1.000000000000000000e+00
-1.000000000000000000e+00
-1.000000000000000000e+00
-1.000000000000000000e+00
-1.000000000000000000e+00
-1.000000000000000000e+00
-1.000000000000000000e+00
-1.000000000000000000e+00
-1.000000000000000000e+00
9.988873600959777832e-01
9.990968704223632812e-01
-1.000000000000000000e+00
-1.000000000000000000e+00
-1.000000000000000000e+00
9.991635084152221680e-01
-1.000000000000000000e+00
9.991108775138854980e-01
-1.000000000000000000e+00
9.999070167541503906e-01
9.996258020401000977e-01
9.997697472572326660e-01
-1.000000000000000000e+00
-1.000000000000000000e+00
-1.000000000000000000e+00
-1.000000000000000000e+00
-1.000000000000000000e+00
9.998174309730529785e-01
9.963908791542053223e-01
9.991957545280456543e-01
-1.000000000000000000e+00
-1.000000000000000000e+00
-1.000000000000000000e+00
9.991682767868041992e-01
-1.000000000000000000e+00
9.993858337402343750e-01
-1.000000000000000000e+00
-1.000000000000000000e+00
-1.000000000000000000e+00
9.959839582443237305e-01
-1.000000000000000000e+00
9.996583461761474609e-01
-1.000000000000000000e+00
-1.000000000000000000e+00
-1.000000000000000000e+00
-1.000000000000000000e+00
-1.000000000000000000e+00
-1.000000000000000000e+00
9.994075298309326172e-01
-1.000000000000000000e+00
-1.000000000000000000e+00
-1.000000000000000000e+00
9.983732700347900391e-01
-1.000000000000000000e+00
9.985216259956359863e-01
-1.000000000000000000e+00
9.995250701904296875e-01
-1.000000000000000000e+00
-1.000000000000000000e+00
-1.000000000000000000e+00
-1.000000000000000000e+00
-1.000000000000000000e+00
-1.000000000000000000e+00
-1.000000000000000000e+00
-1.000000000000000000e+00
-1.000000000000000000e+00
-1.000000000000000000e+00
-1.000000000000000000e+00
-1.000000000000000000e+00
-1.000000000000000000e+00
9.991992115974426270e-01
9.984555244445800781e-01
9.972800016403198242e-01
-1.000000000000000000e+00
-1.000000000000000000e+00
9.883755445480346680e-01
-1.000000000000000000e+00
9.945607781410217285e-01
-1.000000000000000000e+00
-1.000000000000000000e+00
-1.000000000000000000e+00
-1.000000000000000000e+00
9.991067051887512207e-01
-1.000000000000000000e+00
-1.000000000000000000e+00
9.997738003730773926e-01
-1.000000000000000000e+00
-1.000000000000000000e+00
-1.000000000000000000e+00
9.997214674949645996e-01
-1.000000000000000000e+00
-1.000000000000000000e+00
-1.000000000000000000e+00
-1.000000000000000000e+00
9.995941519737243652e-01
9.981938004493713379e-01
9.977060556411743164e-01
9.753682613372802734e-01
9.991064667701721191e-01
9.990251064300537109e-01
-1.000000000000000000e+00
-1.000000000000000000e+00
-1.000000000000000000e+00
-1.000000000000000000e+00
-1.000000000000000000e+00
-1.000000000000000000e+00
9.998774528503417969e-01
-1.000000000000000000e+00
-1.000000000000000000e+00
-1.000000000000000000e+00
9.984933137893676758e-01
9.999136924743652344e-01
-1.000000000000000000e+00
9.998971223831176758e-01
-1.000000000000000000e+00
-1.000000000000000000e+00
9.997147917747497559e-01
-1.000000000000000000e+00
-1.000000000000000000e+00
9.997698664665222168e-01
-1.000000000000000000e+00
-1.000000000000000000e+00
9.993184804916381836e-01
-1.000000000000000000e+00
-1.000000000000000000e+00
-1.000000000000000000e+00
-1.000000000000000000e+00
-1.000000000000000000e+00
9.986457228660583496e-01
9.986110925674438477e-01
9.996747970581054688e-01
-1.000000000000000000e+00
9.921959638595581055e-01
-1.000000000000000000e+00
-1.000000000000000000e+00
-1.000000000000000000e+00
9.990621209144592285e-01
-1.000000000000000000e+00
-1.000000000000000000e+00
-1.000000000000000000e+00
-1.000000000000000000e+00
9.994045495986938477e-01
9.933972358703613281e-01
9.998635053634643555e-01
-1.000000000000000000e+00
-1.000000000000000000e+00
-1.000000000000000000e+00
9.998158812522888184e-01
-1.000000000000000000e+00
-1.000000000000000000e+00
-1.000000000000000000e+00
-1.000000000000000000e+00
-1.000000000000000000e+00
-1.000000000000000000e+00
-1.000000000000000000e+00
9.989451766014099121e-01
9.984930753707885742e-01
-1.000000000000000000e+00
9.997277855873107910e-01
-1.000000000000000000e+00
-1.000000000000000000e+00
-1.000000000000000000e+00
-1.000000000000000000e+00
9.869021177291870117e-01
-1.000000000000000000e+00
-1.000000000000000000e+00
-1.000000000000000000e+00
-1.000000000000000000e+00
-1.000000000000000000e+00
9.995946288108825684e-01
-1.000000000000000000e+00
9.995974898338317871e-01
-1.000000000000000000e+00
-1.000000000000000000e+00
9.999681711196899414e-01
9.741359353065490723e-01
-1.000000000000000000e+00
-1.000000000000000000e+00
-1.000000000000000000e+00
-1.000000000000000000e+00
-1.000000000000000000e+00
-1.000000000000000000e+00
-1.000000000000000000e+00
-1.000000000000000000e+00
9.947793483734130859e-01
9.869824647903442383e-01
9.990038275718688965e-01
-1.000000000000000000e+00
-1.000000000000000000e+00
-1.000000000000000000e+00
9.996919631958007812e-01
-1.000000000000000000e+00
-1.000000000000000000e+00
9.980798959732055664e-01
-1.000000000000000000e+00
9.995055198669433594e-01
-1.000000000000000000e+00
-1.000000000000000000e+00
-1.000000000000000000e+00
-1.000000000000000000e+00
-1.000000000000000000e+00
-1.000000000000000000e+00
-1.000000000000000000e+00
-1.000000000000000000e+00
9.955561757087707520e-01
-1.000000000000000000e+00
-1.000000000000000000e+00
-1.000000000000000000e+00
9.996147155761718750e-01
9.998952150344848633e-01
-1.000000000000000000e+00
-1.000000000000000000e+00
-1.000000000000000000e+00
-1.000000000000000000e+00
-1.000000000000000000e+00
-1.000000000000000000e+00
-1.000000000000000000e+00
-1.000000000000000000e+00
9.992425441741943359e-01
-1.000000000000000000e+00
9.939476251602172852e-01
-1.000000000000000000e+00
-1.000000000000000000e+00
9.999344348907470703e-01
-1.000000000000000000e+00
-1.000000000000000000e+00
9.992889165878295898e-01
-1.000000000000000000e+00
-1.000000000000000000e+00
9.998488426208496094e-01
9.994060993194580078e-01
-1.000000000000000000e+00
-1.000000000000000000e+00
9.997778534889221191e-01
-1.000000000000000000e+00
-1.000000000000000000e+00
9.998070597648620605e-01
-1.000000000000000000e+00
9.997419714927673340e-01
-1.000000000000000000e+00
9.991599321365356445e-01
-1.000000000000000000e+00
-1.000000000000000000e+00
-1.000000000000000000e+00
-1.000000000000000000e+00
-1.000000000000000000e+00
-1.000000000000000000e+00
9.959406852722167969e-01
-1.000000000000000000e+00
9.984433054924011230e-01
9.973251819610595703e-01
-1.000000000000000000e+00
-1.000000000000000000e+00
-1.000000000000000000e+00
-1.000000000000000000e+00
9.995477795600891113e-01
-1.000000000000000000e+00
9.930183887481689453e-01
-1.000000000000000000e+00
9.982730150222778320e-01
-1.000000000000000000e+00
-1.000000000000000000e+00
-1.000000000000000000e+00
-1.000000000000000000e+00
-1.000000000000000000e+00
-1.000000000000000000e+00
-1.000000000000000000e+00
-1.000000000000000000e+00
9.997561573982238770e-01
-1.000000000000000000e+00
9.960573911666870117e-01
-1.000000000000000000e+00
-1.000000000000000000e+00
-1.000000000000000000e+00
9.956596493721008301e-01
9.983701109886169434e-01
-1.000000000000000000e+00
-1.000000000000000000e+00
-1.000000000000000000e+00
-1.000000000000000000e+00
-1.000000000000000000e+00
-1.000000000000000000e+00
9.976649284362792969e-01
-1.000000000000000000e+00
-1.000000000000000000e+00
-1.000000000000000000e+00
9.996306896209716797e-01
-1.000000000000000000e+00
-1.000000000000000000e+00
-1.000000000000000000e+00
-1.000000000000000000e+00
-1.000000000000000000e+00
-1.000000000000000000e+00
-1.000000000000000000e+00
-1.000000000000000000e+00
-1.000000000000000000e+00
-1.000000000000000000e+00
-1.000000000000000000e+00
-1.000000000000000000e+00
-1.000000000000000000e+00
-1.000000000000000000e+00
-1.000000000000000000e+00
9.993942975997924805e-01
9.997300505638122559e-01
-1.000000000000000000e+00
-1.000000000000000000e+00
-1.000000000000000000e+00
9.843310713768005371e-01
-1.000000000000000000e+00
-1.000000000000000000e+00
-1.000000000000000000e+00
-1.000000000000000000e+00
-1.000000000000000000e+00
-1.000000000000000000e+00
9.975333213806152344e-01
-1.000000000000000000e+00
-1.000000000000000000e+00
-1.000000000000000000e+00
-1.000000000000000000e+00
-1.000000000000000000e+00
-1.000000000000000000e+00
-1.000000000000000000e+00
9.998621940612792969e-01
-1.000000000000000000e+00
9.984394907951354980e-01
-1.000000000000000000e+00
9.997794032096862793e-01
-1.000000000000000000e+00
-1.000000000000000000e+00
-1.000000000000000000e+00
-1.000000000000000000e+00
-1.000000000000000000e+00
-1.000000000000000000e+00
9.992135763168334961e-01
-1.000000000000000000e+00
-1.000000000000000000e+00
-1.000000000000000000e+00
-1.000000000000000000e+00
-1.000000000000000000e+00
-1.000000000000000000e+00
-1.000000000000000000e+00
9.939852356910705566e-01
-1.000000000000000000e+00
-1.000000000000000000e+00
-1.000000000000000000e+00
-1.000000000000000000e+00
-1.000000000000000000e+00
-1.000000000000000000e+00
-1.000000000000000000e+00
-1.000000000000000000e+00
-1.000000000000000000e+00
9.976652860641479492e-01
-1.000000000000000000e+00
9.953670501708984375e-01
-1.000000000000000000e+00
-1.000000000000000000e+00
-1.000000000000000000e+00
-1.000000000000000000e+00
-1.000000000000000000e+00
-1.000000000000000000e+00
-1.000000000000000000e+00
-1.000000000000000000e+00
-1.000000000000000000e+00
9.984742999076843262e-01
-1.000000000000000000e+00
-1.000000000000000000e+00
-1.000000000000000000e+00
9.998732805252075195e-01
9.973504543304443359e-01
-1.000000000000000000e+00
9.996440410614013672e-01
-1.000000000000000000e+00
-1.000000000000000000e+00
-1.000000000000000000e+00
9.987641572952270508e-01
-1.000000000000000000e+00
9.953268766403198242e-01
-1.000000000000000000e+00
-1.000000000000000000e+00
-1.000000000000000000e+00
-1.000000000000000000e+00
-1.000000000000000000e+00
9.983608126640319824e-01
