2.620015637617059134e-01
6.341432199822871763e-02
2.959604039974984557e-01
4.682484673764950034e-01
3.658042855835661467e-01
4.056715481493231579e-01
1.393353434283936265e-01
3.596959376261501529e-01
2.016735739310562825e-01
5.605697135868019654e-01
1.295114618631394432e-01
5.672538775907977060e-01
2.693449428209251234e-02
4.119540166528713465e-01
3.174848089254587169e-01
1.372093058947010946e-01
5.755242430477962579e-01
2.481854727231524727e-01
3.949562182264799715e-01
2.233772183815100898e-01
4.216225239592982788e-01
2.444898711772374722e-01
1.152585292478459505e-01
1.915439992013986403e-01
4.147207349978046520e-01
4.786371760941137143e-01
4.795024543790122329e-01
3.593986062251133817e-01
4.843876286773955431e-01
1.321564364086331711e-01
2.228437614784433141e-01
5.897976644311189176e-01
4.452382337107546606e-01
3.777424819156612323e-01
4.228508740613968198e-01
1.380492136617067211e-01
3.355025767108547607e-01
1.980793667421907600e-01
4.064084167719525520e-01
2.535999055150556791e-01
3.907163511617288143e-01
7.853909439279417593e-02
3.367374328529942340e-01
1.199071968371556371e-02
4.020159015433190652e-01
1.150593701214638470e-01
3.211118904716263600e-01
1.658373982259358781e-01
1.473714315291738963e-01
1.176750555940700022e-01
1.313552328197535590e-01
3.218253442336653225e-01
3.861345696532043070e-01
2.200411808395144608e-01
2.431983208117887152e-01
1.886400599717013293e-01
2.549713564505126651e-01
3.151445326131488422e-01
9.671598381073230610e-02
2.161815617882842933e-01
1.348190223466304849e-01
2.001987695062752148e-01
1.449078611285954943e-01
3.229300175856312238e-01
1.979717737401038569e-01
8.320452725777567615e-02
4.750398919677742970e-01
2.306710575653901085e-01
4.203479121228181348e-01
2.927891424590783886e-01
4.162164189642051371e-01
-9.189489973941903159e-03
4.378068770765727313e-01
1.225206082801742896e-01
3.776238587709204175e-01
3.236878971971867136e-01
3.441533478517546651e-01
6.998355997895132352e-02
-3.097090172971642130e-02
1.048154364061982119e-01
1.396010872543339276e-01
3.870863201006499721e-01
1.970922402064121670e-01
5.049035566329189706e-01
4.522191709626404710e-01
4.303604780242233918e-01
3.876911494888529708e-01
3.288771066677524391e-01
3.282197047052070049e-01
1.747299437577416181e-01
4.124370288263639051e-01
2.186262569956487212e-01
4.579698407576174302e-01
2.556325833460778574e-01
2.880819185618598843e-01
5.200639605859190898e-03
2.992885248267087572e-01
3.993023798984813855e-01
3.377492718351020051e-01
3.223782422888138988e-01
3.400025856299816462e-01
3.255158353921054348e-01
4.096937734107410356e-01
4.223283939212617022e-01
3.970632509193762760e-01
3.864872834807313584e-01
1.957051726265980063e-01
2.293550431466996609e-01
4.127023049262326104e-01
4.092965613090528976e-01
1.353217664703262602e-01
4.121129393510347683e-01
4.304112386754492814e-01
2.894709131226759768e-01
3.179106553789662337e-01
2.959275781030922259e-01
1.762949543946002173e-01
2.486714088575442683e-01
4.549088528874507542e-01
1.501568715720939806e-01
4.066958534437893902e-01
4.058084641701081297e-01
4.161348804738302376e-01
3.916423302610180790e-01
4.174218109311638170e-01
4.561441423119447780e-01
5.485337604648440196e-02
3.694228510412957411e-01
1.579935283835575133e-01
3.168237389274816129e-01
4.301357722559095986e-01
2.028006823103692957e-01
2.383150742412670775e-01
2.152001527124373925e-01
2.441674314319939865e-01
4.664488588146393777e-01
3.985475276827065705e-01
1.155331632507614337e-01
3.957554602557909473e-01
3.228047511238880118e-01
4.160340305152613327e-01
4.197375500809661375e-01
3.876670254227421175e-01
1.897229710327852023e-02
4.388862065123358969e-01
2.221135891168703747e-01
4.522958171900641755e-01
4.143451060625547022e-01
5.695332383665540066e-01
5.544275644192001584e-01
1.894049979052973842e-01
4.630204926097847284e-01
4.092659632141375514e-01
2.288138160813169286e-01
3.990888686027008747e-01
1.426386926641360076e-01
2.685072247505995713e-01
3.478320806378443764e-01
3.841897651765047161e-01
3.132008375550365820e-01
4.500483678386604791e-02
4.333542230454702771e-01
2.053728052202838938e-01
1.117034894301546233e-01
2.047573079941777674e-01
2.504395533562256970e-01
4.057643505286909202e-01
1.207485622694215166e-01
3.913804457755088451e-01
2.608205590874089763e-01
1.067936938645634576e-01
3.950361901371488016e-01
1.700550145302239802e-01
2.409159218937704794e-01
3.917121030141761384e-01
4.754696347883196061e-01
1.031859066088167132e-01
3.785081665429851916e-01
3.042467653635439473e-01
2.307719615468103724e-01
2.238851166099056211e-01
4.272267358954970340e-01
2.408809086962657164e-01
1.558543261199595298e-01
3.215165242011052693e-01
4.994324011955457165e-01
4.143324084518973938e-01
4.410902887267420525e-01
3.390259868284881128e-01
3.959566832615201148e-01
1.144639129096262503e-01
2.321798739807602596e-01
4.153961220472148219e-01
3.181832621557115215e-01
4.119070313774124137e-01
3.967959190467001407e-01
3.884268640472821610e-01
3.500954673294538466e-01
3.782834738862083102e-01
1.698951317854126286e-01
2.877177137662797340e-02
3.594038471885585562e-01
4.268956921605784327e-01
3.261793305265022203e-01
4.024554654858920055e-01
4.302901614327294677e-01
3.441978195294120857e-01
1.475245872672046044e-01
3.110821345155035389e-01
2.068115746345780548e-01
4.340547776069720864e-01
3.465350669107296611e-01
3.541777140948760838e-01
2.533166861939574743e-01
2.738578394602145805e-01
9.463445204054386772e-02
3.107567524749925703e-01
2.899191341234547692e-01
2.006445196877161552e-01
2.813663428008014167e-01
1.565220054113306558e-01
2.882883504990517154e-01
3.863070990562448292e-01
1.060787181061930984e-01
2.384014683569758708e-01
3.763518374795367105e-01
1.230371176919560910e-01
3.572933526349991173e-01
4.003639965192314354e-01
2.967608523711884883e-01
2.016508359794907668e-01
3.818820874824529338e-02
1.127028998163185913e-01
4.937104815156411752e-01
3.526594835545208140e-01
2.779222226279493557e-01
4.030633350909672008e-01
1.568171408788901766e-01
4.085037308212851603e-01
9.898539506683153022e-02
5.439174538238467083e-01
2.370485779067282028e-01
4.072066340267752049e-01
2.263274743694398683e-01
3.654829633893821872e-01
2.291137012446100296e-01
1.618331354381308540e-01
3.633597114141513540e-01
2.412605060497681198e-01
4.384205175005557731e-01
4.978200009001946258e-01
4.979027692195368004e-01
9.887181164833987179e-02
3.478079395599293355e-01
3.964218473139178855e-01
5.441435456392810233e-01
2.911317662312979393e-01
1.319546912649915693e-01
2.053573112580049653e-01
2.009980112866329438e-01
1.749483316946580380e-01
3.790012629820718182e-01
-1.845735432825459932e-02
2.394375743043498095e-01
3.743920608517194992e-01
3.601771506976176873e-01
4.294556233950418966e-01
4.458559733156753913e-01
4.288111684528003176e-01
3.220138589859865008e-01
2.055366069609446122e-01
2.196621092130002506e-01
3.564350722594901155e-01
4.340973480287947939e-01
5.352980613084835637e-01
1.026028068804694243e-01
3.778680771616397815e-01
3.163931212022937367e-01
4.580736006475336075e-01
1.225552454753139481e-01
3.605176176650605191e-01
2.133857513495218960e-01
3.229742650394107351e-01
4.829479469895414101e-01
1.781768272284871557e-01
4.325305292446103844e-01
3.545518711771247777e-01
3.727808874808812845e-01
3.817114157502785599e-01
3.007003212630193212e-01
4.005401398103756172e-01
-1.442188125397655431e-02
2.933596520675128549e-01
3.207581545666043366e-01
3.599006045056714620e-01
