2.754946217372251649e-01
2.944934879955984561e-02
4.337745241487139802e-01
1.968897448007129736e-01
1.088372042393911943e-02
2.121998837887551503e-01
3.667265430394943682e-01
1.913938807135474041e-01
4.717446984399202292e-01
3.650252617101209518e-01
2.954474153653114943e-01
3.880731689290979891e-01
2.644927210018868657e-01
4.812633084326967126e-01
3.127403465207768130e-01
4.193977351427847222e-01
2.448491840910760053e-01
4.041238005104791364e-01
1.834145867285608689e-01
4.165273676921235624e-01
1.073398322378196768e-01
3.639204922414612797e-01
1.808261744404172644e-01
3.655157277923400949e-01
4.032130301716086995e-01
4.072301597337923962e-01
4.171307455999982428e-01
1.378209794221805784e-01
3.014417193407561424e-01
1.942208857391695964e-01
3.485250359226780281e-01
4.409758892395551078e-01
4.540043998198328712e-01
2.762261547111967142e-01
4.173314902005994531e-01
4.200931144644945991e-01
1.465609668956144307e-01
4.535207938098969604e-01
2.291862038373845001e-01
4.351721727388049299e-01
4.697643606194293331e-01
4.323801299582593072e-01
4.376042351204041947e-01
2.003006589275730942e-01
3.300862845494982323e-01
3.303717778094197310e-01
1.596301644420363708e-01
3.142957537037172622e-01
3.929338146123680930e-01
1.664596582977150574e-01
4.235138882596410914e-01
3.966615434691735387e-01
5.379876186529471971e-01
4.527695205872810935e-01
1.781399472966626041e-01
7.374440973974330515e-02
1.424013751740300093e-01
3.721828742662082190e-01
1.678041639201163504e-01
2.082771314425942155e-01
6.082507500957431423e-01
1.079057767752749364e-01
4.209867605552852221e-01
-5.991010462403015963e-02
1.289457810916337654e-01
4.168919955500094976e-01
1.749899001419593092e-01
4.003643610282556220e-01
4.147364744020379246e-01
3.626179318363321746e-01
4.122483091647864972e-01
1.552493806365658480e-01
4.479683352674299068e-01
5.646210643017820496e-01
2.506476897102298818e-01
1.768329171852017767e-01
4.457291128893705046e-01
4.914168789579055792e-03
4.040600362850734761e-01
3.152442287772168061e-01
3.270203364521478973e-01
5.135629786081938875e-01
4.049473552294666212e-01
5.564078656435659243e-01
4.045422723053723191e-01
1.411245124113409688e-01
3.573958792935871265e-01
4.962352977307278867e-01
3.328973094331115212e-01
2.402270756857655121e-01
2.981274030512581774e-01
2.547186609273495161e-01
2.909874910284911964e-01
2.837386975669299316e-01
1.885987569707839318e-01
1.591734808985105776e-01
4.974545374722768587e-01
3.980769454121622641e-01
3.236875455092539378e-01
2.567384334377342814e-01
3.746696566512389692e-01
1.437712490685585931e-01
5.546183150412461460e-01
4.447451525407995487e-01
8.504261336733151544e-02
4.108653679018123839e-01
4.481733060332700885e-02
4.360587741169983378e-01
4.111367738111497694e-01
4.123907987090427718e-01
3.448819296511268506e-01
3.512248252657330094e-01
4.120317364496168810e-01
2.242825360637035470e-01
3.854062959749492423e-01
3.799121182969789068e-01
2.596115177980032884e-01
4.163070994321901308e-01
3.720180949432562723e-01
1.923980843052087997e-01
2.092500304671189304e-01
4.055752590139689584e-01
6.390840827536677093e-02
1.236647047664548166e-01
4.052121496878153262e-01
3.036435374992636771e-02
3.664934270708506414e-01
-5.170933445543407243e-04
3.045376552656651747e-01
3.245770650342513219e-01
4.920640199369609724e-01
4.451327055890142437e-01
8.381490393081660051e-02
4.515623127554464489e-01
2.369063995540122425e-01
3.106863525671502702e-01
2.342819984776984832e-01
1.992393857378069177e-01
1.317383622750363248e-01
3.455117930295045769e-01
4.002487695115005129e-01
1.121256488033081783e-01
4.351069565766566005e-01
3.241127031506600420e-01
3.719619957389181386e-01
3.835152503969820326e-01
3.915512932686651681e-02
4.297032396239515717e-01
7.707534832536662439e-02
1.901571369042705517e-01
1.745011625420316015e-01
2.490546184757677917e-01
2.067256978021936309e-01
5.662770052726863179e-01
1.834283953345093032e-01
4.796275462415552360e-01
2.875233238551205273e-01
1.850196233192398787e-01
2.247282222641638350e-01
4.572687547224570381e-01
2.941756123851663185e-01
4.028671826816879187e-01
2.307768633529688473e-01
1.394292176344106571e-01
1.081278664341072671e-01
1.195904256921787728e-01
2.620015637617059134e-01
3.403518515797187560e-01
1.701414479805434810e-01
2.680180811701883825e-01
3.381389014022268547e-01
3.114415759307021525e-01
3.550355612710148212e-01
2.183363488561583521e-01
5.693304857506737982e-01
2.547653208209339493e-01
2.201401375917365344e-01
2.223208389743471514e-01
2.456879830878100635e-01
4.228167379261292269e-01
3.290333762713198440e-01
3.954394421761887601e-01
4.388133732526172115e-01
3.602318348517837832e-01
3.250797650932249483e-01
2.183225677180498925e-01
3.102963981990417563e-01
3.843375070530704596e-01
3.781614690437450910e-01
2.785770625712895576e-01
1.996852325131019679e-01
5.603717277199515845e-01
4.728590160948805132e-01
3.368652146759577026e-01
4.838461592352951146e-01
1.810475062856106432e-01
2.357297704065206001e-02
4.097083798288143619e-01
3.883706755517180587e-01
4.354537897139160174e-01
4.094808153305347642e-01
4.028529333455340145e-01
9.361857953891339346e-02
4.771693536042230788e-01
2.159468596348674274e-01
3.349212180524967497e-01
4.138941169922788488e-01
4.193773493584092016e-01
2.123884702033015104e-01
3.001930249464875300e-01
8.907387662689274233e-02
1.875240239585476698e-01
1.328447056519628522e-01
3.253684889362569166e-01
3.174184860417164633e-01
2.100803573778987077e-01
2.588372739925859922e-01
3.626661564839656071e-01
2.599186075018686815e-01
1.959797037547767740e-01
3.967435269219589111e-01
1.494521980793647453e-01
2.520517937406173692e-01
4.440528646373432808e-01
4.084527882682308375e-01
2.092266696345663479e-01
4.135021593804948936e-01
3.704538205440898180e-01
3.258218750112372164e-01
3.627656757875081239e-01
3.455289819224404146e-01
4.267246355648598444e-01
5.585959222405061375e-01
1.704404515174568202e-01
1.795682909333932986e-01
1.959028940480639081e-01
4.713355836352453032e-01
5.590535983683486698e-02
2.895082517093387486e-01
4.535027398044790825e-01
1.886047758300954669e-01
4.160840556756548181e-01
2.804395917390311577e-01
1.004327255367413185e-01
3.630227457457129159e-01
3.967447809823741456e-01
3.178396418014064473e-01
2.910662817805496627e-01
3.159002973669964298e-01
3.165933742862301337e-01
3.503623906906219720e-01
4.139775530871743214e-01
4.337177558410719724e-01
1.654416422517031859e-01
4.109578352731139694e-01
3.851716514334595498e-01
1.077741764272441630e-02
4.759164033544492911e-01
3.312842572122295937e-01
1.835128557059866605e-01
3.593307233174334869e-01
4.142754138457672708e-01
3.828407481066131157e-01
4.278366000308845840e-01
1.953752685165921488e-01
-1.806668407956720304e-02
1.946856060739230732e-01
1.807350305615500474e-01
9.366845103292424646e-02
2.543721077379997864e-01
8.712023074211887319e-02
1.326662443572732553e-01
5.600645477705394892e-01
4.137939385435617234e-01
3.259164242954356583e-01
7.590800618370911745e-02
3.436067797437273863e-01
3.966780140490499540e-01
3.679952777540365649e-01
3.141661683183166742e-01
2.813663579869485343e-01
3.879921098396639789e-01
2.090178547740872694e-01
4.094635127489562043e-01
2.472956796607911900e-01
2.379425000036689553e-01
1.815894402951885311e-01
3.035343181401690682e-01
2.274702750697061571e-01
4.222179059872597784e-01
2.649642161839338428e-01
3.904093324925190234e-01
4.094280337599539021e-01
3.666735828034771716e-01
1.784986338286092544e-01
3.936311659756149828e-01
4.448194296462808506e-01
2.874681437031314513e-01
1.359827270948499867e-01
3.458414134365561665e-01
3.054863783588223636e-01
3.866466378223072931e-01
3.854494018121901733e-01
1.252831679702800238e-01
1.819612590271516006e-01
3.742543427451123783e-01
3.627828943058786226e-01
4.292212642576868631e-01
3.449503678904835002e-01
4.335392487389876370e-01
3.706936012604600261e-01
1.949962000434855569e-01
3.311908244210394203e-01
4.287748962158156596e-01
4.033426517382123766e-01
4.354963239130434927e-01
4.278967949308151719e-01
5.409323551143244702e-01
1.943973875229682013e-01
1.861622665410271882e-01
3.422946265896690821e-01
4.365019086298125295e-01
4.383689441000109821e-01
3.551323716107068207e-01
1.306844400933273864e-01
3.009239514703853646e-01
2.339400438124185355e-01
2.110330053017465957e-01
1.714847968832433900e-01
4.217109343887272543e-01
1.745652643480201938e-01
4.584440584922122031e-01
2.413997404267823055e-01
3.733700685817339937e-01
3.259133239148657157e-01
-4.476199435766128887e-02
2.352873871515769391e-02
1.086090708751960981e-01
2.836835808409632897e-01
3.014066772646764591e-01
4.231556026098232115e-01
8.701218022622940473e-02
4.182887661650347422e-01
2.507272578187560441e-01
3.257137626719617818e-01
3.203503164770888367e-01
1.319676696119104764e-01
4.355247115107175326e-01
1.728805969955849453e-01
5.456594677607903288e-01
8.447822253143910665e-02
2.834879249844652893e-01
3.326719525691110291e-01
3.154947248348787259e-01
4.247022297101688548e-01
2.418084769885129881e-01
2.152318763249156941e-01
1.928503151282744688e-01
2.192410355508251363e-01
4.065339630778749269e-01
4.105257233306262021e-01
4.380455682906142512e-01
5.609479213456002311e-01
4.139352230711895175e-01
3.973189874633230589e-01
2.794864878573384281e-01
2.823927946530204736e-01
3.792247319507278114e-01
2.283318091809761474e-01
3.230727589875740935e-01
1.779369527397327844e-01
2.343453452915180979e-01
3.781859292797039029e-01
4.002418554993502076e-01
1.481209820213552630e-01
3.857686034227418292e-01
2.933689195175519515e-01
3.502710765510833046e-02
4.291292690261901965e-01
4.681163299715107029e-01
2.199778122837792449e-01
4.837789656583691977e-01
3.922835368199931172e-01
4.018059832650628938e-01
3.475681952737154634e-01
2.303330994863835302e-01
2.102831150143358585e-01
4.096801546731243526e-01
1.711648670844873599e-01
2.348155791105216716e-01
4.261512353604458014e-01
2.833622872504684143e-01
4.698641095408364055e-01
2.515515118473728440e-01
-6.317366075242889650e-03
1.975273730304043796e-01
2.157085516428347560e-01
4.423046444207964778e-01
3.969245501113771168e-01
1.453418813805928134e-01
4.017527953613148073e-01
3.668667501805174536e-01
3.430262203082293238e-01
3.815267725319103631e-01
1.807772767632800093e-01
4.674374800656244111e-01
2.322592621790839085e-01
3.908904679735625276e-01
3.867262645178274338e-01
2.861826404116938893e-01
3.900170375491053831e-01
2.781489771153956569e-01
4.343179971871735656e-01
4.095932175489238047e-01
3.219808968311777542e-01
4.889442073224695151e-01
3.975817973494887303e-01
1.044573032143024383e-01
3.147294794440408383e-01
3.878625545568583632e-01
1.819123050035994504e-01
6.017166318048636914e-03
4.003188423155417675e-01
3.222405273356144240e-01
4.463433682278371561e-01
1.212781836070908892e-01
3.358711065787184369e-01
3.059280165797263473e-01
4.320497647868673519e-01
3.111764176686967476e-01
1.297659397565957828e-01
4.834915852499628297e-01
3.532101593908801296e-01
4.006639433399417083e-01
3.818969860704837238e-01
3.598810452252809156e-01
4.249225838589674731e-01
3.782277846663514298e-01
3.312361201338955286e-01
4.037680147245428230e-01
5.786369368861038476e-01
5.646210643017820496e-01
1.172228425867199997e-01
3.192653256996016986e-01
4.448582318289959203e-01
3.977238767018026477e-01
3.810012534196692280e-01
1.261518260390729618e-01
3.729138099183912369e-01
4.130975358580984969e-01
2.714089440487654215e-01
3.252224657498221649e-01
2.716829364317765449e-01
1.373736830751985660e-01
5.787521465163805723e-02
2.929138351666056850e-01
3.317839455179839581e-01
3.958335955554810881e-01
4.185524177620786324e-01
1.357805457021610818e-01
4.707134653578914918e-01
3.621193512894768096e-01
-4.004436311060503850e-02
2.889521624679287082e-01
4.211299171282350540e-01
3.465390800368334245e-01
4.217132357124060982e-01
4.068455550801993725e-01
3.427059624720976139e-01
3.681136072999320885e-01
2.943934375010629489e-01
2.363773777527778952e-01
1.859649569141400560e-01
4.084047357510113829e-01
5.534269296058354215e-02
4.005639960028085644e-01
3.903766007854189146e-01
4.705191810106825745e-01
3.865379035978576683e-01
3.567100415401711078e-01
3.965280138347301309e-01
3.042532908426830995e-01
3.688347924705671632e-01
3.992593862146716077e-01
7.722495957100716790e-02
4.549476100096307984e-01
3.763106591004581336e-01
4.113946423075930392e-01
4.168278863791544109e-01
4.101725023438728135e-01
3.280743750609850795e-01
2.729997034775802911e-01
2.979097517047176735e-01
4.622230413425654771e-01
4.088043013528265823e-01
2.484274934999603224e-01
5.007962996938479794e-01
2.126697568745251898e-01
4.475333189950425616e-01
3.270678027882359395e-01
-2.986203110405278097e-02
4.938955150926775395e-01
2.340196024607218428e-01
3.409012505349498512e-01
3.928895528022854355e-01
2.028444530965069770e-01
3.989039709541292722e-01
1.671352233486863015e-01
4.418666699616269899e-01
2.103414727223968939e-01
3.867019441106007149e-01
3.480353496242205580e-01
3.831690227347295252e-01
4.025552226227557262e-01
3.113983172569227409e-01
2.328042283819787284e-01
3.051937998069267910e-01
2.400083027478619735e-01
2.137989329971469177e-01
5.047453975573031881e-01
4.395645362719355909e-01
2.845909200804543349e-01
1.328137698675475320e-01
3.028770712339950988e-01
2.477495992503279953e-02
1.418408336530145586e-01
8.731551696011874419e-02
5.259718846956342730e-01
4.093825561452694162e-01
2.142300660295929082e-01
1.894370373823756337e-01
3.450392266846837308e-01
-1.478641925530520956e-02
7.491223076368913603e-02
4.972134929033309447e-01
9.193084641040745464e-02
3.822712148097711093e-01
1.883505185662547043e-01
2.285860564866876443e-01
1.115812850179633865e-02
2.874972590325955424e-01
4.342509119256497963e-01
4.159856637153322989e-01
3.187664349570190070e-01
1.343805906433578057e-01
2.877183585473714333e-01
4.362067747389568040e-01
3.969019587673327520e-01
2.800954795361235705e-01
2.335009298683724532e-01
1.641596649834378696e-01
2.275928165723536400e-01
2.320580493804372535e-01
4.026648009646314752e-01
4.084991655998966853e-01
4.911503379033244632e-01
2.696794881582598724e-01
2.570723794694343978e-01
1.881233540528348680e-01
2.082732328349772843e-01
4.912299957387447069e-01
-1.396225212951927213e-03
3.009314380749698037e-01
4.123907987090427718e-01
3.944240226034721464e-01
3.962131513960320262e-01
3.990653172120085523e-01
3.220988858090516049e-01
-1.964186271329033603e-02
3.045548598011624808e-01
3.624345180735013550e-01
1.544750231684384467e-01
7.749575903027081103e-02
4.081176125735322957e-01
2.945835930418995163e-01
4.193717688227552309e-01
3.872351534711702681e-01
3.921485929652217539e-01
4.837789656583691977e-01
3.753929217431450360e-01
3.338202344156398493e-01
4.439545363260637978e-01
1.484459255463072003e-01
3.088515912280110354e-01
4.917985022279803831e-01
3.217047870335015269e-01
2.999028230681157758e-01
1.859525515745773516e-01
4.074840803713709603e-01
8.004903983700518977e-02
3.596723522325955824e-01
3.484201536686065137e-01
4.125704675928775766e-01
3.359449856442870419e-01
2.512795560418376595e-01
6.496797930964580414e-02
3.768772354137919778e-01
3.236766677467243225e-01
3.686550462452615751e-01
4.064860473604565705e-01
5.190460569967501048e-01
4.070443393400655085e-01
2.979642850762094231e-01
2.254057917465248917e-01
3.181319471686218092e-01
1.977844373249231236e-01
5.090093420094341514e-01
3.804245437347162362e-01
4.095850689776948661e-01
3.860335771481638867e-01
4.130588008097716979e-01
3.890443922909087027e-01
3.318347776187875464e-01
4.441750254904986428e-01
3.806412037702320839e-01
1.862235759423402359e-01
3.950205574508677264e-01
3.708677383412360418e-01
3.079017743173358412e-01
3.697901346285327184e-01
4.242698533793484716e-01
2.371140033140682335e-01
3.871176391641258929e-01
2.277530341592623742e-01
3.057250617723292763e-01
5.571645757973129331e-01
5.477962171919215084e-01
4.435070139295468894e-01
4.955584436829045258e-01
3.585188125560400674e-01
9.347111964337538603e-02
3.973163191825798690e-01
4.121291144234244808e-01
2.889293450950956021e-01
3.422350958139776522e-01
3.820402989030790009e-01
4.404932350608105063e-01
3.683964605767944822e-01
2.240025187790784522e-01
2.299968113286070814e-01
3.684571825937021927e-01
3.112542947416467309e-01
4.425547918816949422e-01
1.531226660589986577e-01
3.927031042580614306e-01
1.048491542741029903e-01
3.833591669067017982e-01
2.274825300674492012e-01
2.910896081175199934e-01
3.229515543715635872e-02
3.899702025584143028e-01
1.942629940208088768e-01
1.823430184098129014e-01
2.191925887539240836e-01
3.082243894916236182e-01
4.124177839946517876e-01
1.199352774262223420e-01
3.113953335316881899e-01
4.207059130946149694e-01
8.527170594055065445e-02
1.022815513227673112e-01
3.273334100788878875e-01
1.626421273629123643e-01
2.036288922006599666e-01
4.297404662231519845e-01
3.112948920638812234e-01
4.184688747002776599e-01
3.566116191038237182e-01
4.118744038364939297e-01
-9.935590359942551852e-02
1.228152726452340221e-01
4.426120692572046988e-01
4.186655522764003434e-01
4.205941629677255600e-01
4.097184745504441894e-01
1.761985304925629825e-01
5.807711765756153749e-02
2.575251259835610873e-01
3.345543148450525472e-01
3.800888799879519331e-01
2.530141470232398215e-01
4.130557434981109166e-01
1.925521801891884321e-01
3.380109201054860013e-01
2.404044385158100317e-01
3.552731035529232279e-02
4.204830093327805995e-01
4.130447493084529742e-01
2.068471038965736808e-01
2.822746959697555735e-01
4.438631368189057680e-01
3.029654110436905134e-01
2.329221506144537324e-01
3.603034817663663958e-01
5.726484928963163634e-01
2.859555305850007279e-01
4.948251403195140230e-01
3.623249475114141416e-01
3.869403369541933868e-01
1.783663485194723619e-01
3.762089407930152007e-01
4.259701459494678044e-01
2.581545641498181887e-01
4.881552054034759558e-01
3.880201045891375489e-01
4.270728468657207788e-01
4.854748817966345609e-01
3.579197420369897298e-01
4.526633963885183243e-01
3.233112655613016861e-01
4.207683800247274397e-01
3.606201158392495221e-01
5.421711508376336752e-01
1.872523936593636362e-01
4.088689155460593638e-01
3.986416403029356403e-01
4.088315158413781125e-01
1.361293911128371448e-01
4.513681942110902012e-01
1.163593054288625389e-01
2.685496024878071264e-01
1.812104277535747654e-01
2.274712472320780665e-01
3.887084958766027776e-01
2.694193858252098006e-01
4.963994454593296246e-01
-8.187230791824026688e-02
3.693913927922168883e-01
3.071054420534032880e-01
3.650622638987285895e-01
9.537934544759406330e-02
3.103144229939470700e-01
1.609073618238021919e-01
1.857477768620008074e-01
3.951233762975659980e-01
5.079007080397504037e-01
2.005456185350492915e-01
1.789359021889872503e-01
1.446888805636962205e-01
1.964256784090488150e-01
2.199578890545092480e-01
3.838503933750766484e-01
1.888720501115905559e-01
1.929620369574798211e-01
2.337388997819157543e-01
2.672973276222197492e-01
4.496364039950429548e-01
3.826706937551153653e-01
4.021024739510343782e-01
3.033702938093860713e-01
2.568925113607755106e-01
9.386392328122691864e-02
3.235166106516659812e-01
4.234931441070878266e-01
2.359868054827469752e-01
4.076823304605851073e-01
4.642893232128135206e-01
3.293036828031836172e-01
3.594458218860426824e-01
1.095767736648730339e-01
4.081520307105736545e-01
2.974787727483898525e-01
3.537592708051279788e-01
3.295171202013463807e-01
2.311523637868587167e-01
4.310798929506622912e-01
4.022562406617892217e-01
1.340820091910901735e-01
4.286259478289021208e-01
5.549004425364522097e-01
3.314234591630852433e-01
3.071392079537223485e-01
1.506252405654192328e-01
4.023588115510681740e-01
2.530760653434128149e-01
2.035210744560426444e-01
3.346264950174586139e-01
1.679677206337447659e-01
3.037121996305605295e-02
1.631489132630797034e-01
2.158313013793014268e-01
3.860506544893055336e-01
3.385714657757220025e-01
6.518188009794469162e-02
3.510334275934902659e-01
4.201649558945360075e-01
3.280521493047622861e-01
1.866478944661309480e-01
2.979371184696629205e-01
4.159309814698076702e-01
1.398575346427431421e-01
2.395172118500816516e-01
3.007841567618837475e-01
2.698128480895833348e-01
3.780820537095191392e-01
1.105192473939582282e-01
2.099543388284408896e-01
3.786864019541086868e-01
1.431093158459948167e-01
3.115235969780188498e-03
6.500639268965044404e-02
3.661703583660119721e-01
3.893045141460414471e-01
4.080157531925910352e-01
1.786825693299900208e-01
1.937142171167207383e-01
3.217142897443450722e-01
4.332367539649297772e-01
3.901271656627022799e-01
3.112790736169966932e-01
1.264344767302426065e-01
2.433761830420171079e-01
4.253668849666279450e-01
4.480586057924257903e-01
5.269031972237483430e-01
2.700831638327166884e-01
1.979666705930188120e-01
1.101117953479214956e-01
3.283133036104413649e-01
4.338296076238645771e-01
2.437584857495481983e-01
6.586580820891405064e-02
2.159846858379277368e-01
3.379918443130185968e-01
1.141393213786120742e-01
1.921417035273487728e-01
3.777886629062111590e-01
2.061124961997746474e-01
4.352303074677543182e-01
4.195050400437436156e-01
1.809323770594481740e-01
4.341821554410779105e-01
2.939694828431672624e-01
1.447610439473187294e-01
1.867285214557382333e-01
3.680669512236305896e-01
1.126541875782201968e-01
3.836675247783322695e-01
2.996653711432643585e-01
9.986715524341895078e-02
-2.156153143499500019e-02
6.512296539073891312e-03
4.025530078103251030e-01
1.224022254012352429e-01
3.490513430860027744e-01
4.110010094895092947e-01
2.153543438884532035e-01
1.874914437809816203e-01
3.918977400953397305e-01
4.181828358178554805e-01
4.773661798469176487e-01
1.821782752680640438e-01
3.095584626665894845e-01
4.115238692833235734e-01
2.379553015108085701e-01
3.319549651856397166e-01
3.218327922297526400e-01
1.400030072846643603e-01
1.106636745412210437e-01
4.242114765848729041e-01
3.430931339579916806e-01
1.504031281429257239e-01
4.639958438651392569e-01
3.011251892265935926e-01
4.634934083604670407e-01
4.178516083139592330e-01
4.245304688257562908e-01
3.144199072200357103e-01
4.582462570997069551e-01
3.841148278055593335e-01
2.175107701059005583e-01
1.851290929515375383e-01
4.702739439863212745e-01
2.836918021635878584e-01
2.239427734057008734e-01
-6.193240633328565836e-02
3.099736913269801053e-01
8.147631375281608190e-02
4.019249678484047017e-01
4.844315034559662503e-02
3.304265986804025279e-01
2.387055832356848040e-01
3.981918075374391575e-01
3.959362221272996751e-01
4.134659497137559425e-01
5.417399581964481570e-01
4.460505620911950908e-01
3.536056290066574292e-01
1.988340954356701551e-01
3.793508596661779309e-01
4.118164634362884158e-01
4.457217471100881068e-01
4.253047983540699239e-01
2.472034078837457016e-01
1.777741971576057289e-01
3.895187964084900201e-01
4.684152826389801905e-01
1.764512390183459734e-01
3.718721349987223063e-02
4.267030021098687786e-01
4.073443159521792367e-01
3.289985063878924088e-01
4.928509319765542185e-01
4.125584007467262837e-01
4.266550848364927262e-01
3.834084329257057555e-01
1.424212939221418117e-01
3.758483272230148109e-01
1.051036834778577705e-01
8.946559399880758823e-02
4.262214834898008231e-01
3.081764201870220710e-01
4.344987659463884211e-01
3.979916794487714515e-01
3.050711834523407995e-01
2.137874955618185580e-01
1.446493351725984811e-01
1.260804243226779919e-01
4.123212576898516724e-01
3.918913903356903150e-01
9.480617292647046390e-02
4.758406035680152191e-01
2.736785581965623937e-01
1.979429436954843469e-01
2.680574644097475367e-01
4.043380780013240972e-01
2.948146774899298439e-01
3.640401571724946050e-01
4.852542018095472032e-01
3.715851138220503391e-01
3.888850335096667998e-01
1.148126875086673132e-01
5.555790287178811182e-01
3.934037214727932885e-01
1.852386470619653558e-01
2.422265234053166683e-01
1.213104088032803951e-01
9.394609917486081152e-02
1.683039362890788315e-01
3.082399128874357408e-01
3.892151337948196455e-01
2.270066761032951130e-01
3.114668080046653076e-01
4.119893919943445892e-01
3.436344934664939954e-01
1.552457425170142569e-01
4.721768434102034950e-01
5.325235851451654012e-01
4.140985354787126704e-01
2.099709605229292675e-01
3.936579703552085530e-01
1.198633217266473344e-01
1.686288244063770259e-01
3.492458057148451478e-01
2.865725645319846526e-01
8.763785233690614407e-02
5.625192198772300811e-01
4.759940857252256130e-01
1.181212013621969897e-01
1.547210113676858456e-01
4.234359402972582287e-01
3.863070990562448292e-01
4.637351273437191335e-01
2.268928577559366222e-01
3.670390765207048323e-01
1.330778355827336723e-01
3.092450455051350411e-01
4.512052939041508171e-01
2.860894216787912558e-01
3.041348803040025972e-01
1.722269255557324630e-01
1.326666814932164484e-01
3.630711110519225793e-01
4.205395439563219262e-01
4.280563672309459222e-01
2.488242460599143224e-01
5.244740160608902801e-01
3.908151988101968843e-01
5.710507413825802736e-01
3.884092843807561146e-01
3.276248615365167094e-01
3.802929619933463345e-01
2.360788002578293465e-01
3.489062799773351431e-01
3.545431556564015430e-01
2.944636968592460602e-01
2.120440289412726664e-01
3.766215341382198045e-01
3.553404264117813183e-01
1.609745273312511715e-01
3.834385058122854462e-01
3.288538823186228921e-01
3.960081845486119745e-01
5.747266524082591532e-01
2.247410952208810653e-01
3.710298633040797212e-01
4.161879635267753397e-01
1.470438917280146862e-01
1.483769118930464426e-01
3.010726453441112116e-01
1.302641640513757526e-01
4.024160637408092378e-01
2.789153142491413440e-01
3.782637857517739399e-01
4.364722324917005847e-01
3.180886932042077397e-01
3.156649767307662668e-01
4.250980301640457371e-01
2.842574249860422286e-01
4.115826597550866772e-01
4.058566218908143397e-01
4.542882724149585605e-01
3.848211197847435927e-01
5.781202484432356598e-02
2.771995381779652767e-01
1.492577102803132882e-01
1.300741032865160469e-02
4.164212456509554516e-01
3.413762669322597532e-01
2.400083027478619735e-01
3.695135659063189526e-01
3.042013106525567889e-01
4.126568410039758716e-01
4.152799053674013363e-01
1.360423134700965708e-01
3.111816128454932828e-01
4.239382599556930087e-01
1.413221661745794611e-01
4.196618841483866214e-01
3.640136673038177340e-01
3.911299127690380240e-01
3.216198268469182553e-01
1.093749882737922174e-01
4.332515366418915326e-01
1.666340018229589270e-01
3.004652295807783702e-01
3.641626838209325312e-01
4.497908543313735574e-01
3.308095742670281725e-01
1.558697617182650819e-01
3.422521869512776260e-01
2.540427080072424904e-01
4.737039367271188017e-01
4.355247115107175326e-01
4.197791300838465967e-01
4.516409007350972726e-01
1.980484025200552056e-01
1.943717764592011454e-01
4.082910362165829699e-01
3.798759286709751382e-01
3.439384816280076640e-01
3.546107033070620695e-01
3.851980388786274134e-01
2.246945159310921314e-01
1.495033523671430165e-01
5.007636916542659300e-01
2.739313518643508027e-01
4.106244812522001353e-01
2.529671697972687427e-01
3.264427190629640152e-01
1.340820091910901735e-01
4.217456836958058397e-01
1.646323757626256545e-01
-6.586665392897661508e-02
1.686292136447556378e-01
5.552400414739922657e-02
1.219319486533586849e-01
3.202852635867686204e-01
3.664251826000931023e-01
3.972509270519885005e-01
3.105417079177468787e-01
4.063595150545118440e-01
2.026283639574314177e-01
5.803379272306410375e-01
3.662048594667180468e-01
3.900666565008081843e-01
5.378447944325623897e-01
2.303067238872402722e-01
1.353423082653939513e-01
2.372232766052500830e-01
2.218572245469030702e-01
3.101718660663492777e-01
4.078428830555600459e-01
1.199001300429253930e-01
4.602994680124337101e-01
1.183788794094175895e-01
2.091898600475894932e-01
4.262193445666138114e-01
4.522063674638749919e-01
2.726151413534977364e-01
3.102255811285666298e-01
1.791843003799993839e-01
1.800544107434052243e-01
2.666961405857732337e-01
3.664001936497073286e-01
1.731963384310943044e-01
4.959826155110031443e-01
1.621425762303889406e-01
4.479513154137387820e-01
5.653063349604811050e-01
3.257921480036815032e-01
2.888965182878608373e-01
5.838419894499241591e-01
2.380564017503602470e-01
1.832432470989498741e-01
3.440788754839549379e-01
2.317748323829025292e-01
2.917750234180470081e-01
5.726670737697581171e-01
2.839553143883138397e-01
4.365566696275429703e-01
4.089106986740312366e-01
3.937545310155547429e-01
5.399844216178355527e-01
6.400344420608246321e-02
-1.844567550164842931e-02
3.728068952931161140e-01
2.435922168564233214e-01
4.336739017333993695e-01
5.609479213456002311e-01
2.697749901346128687e-01
3.174358433930061230e-01
2.638173269817861710e-01
4.829778149046266011e-01
3.932296847409159635e-01
5.340729497430325712e-02
4.531381071334973365e-01
4.437063531061676835e-01
5.478224504728003152e-01
2.502037814507698799e-01
1.758499188749046427e-01
3.918546306482769692e-01
4.226630943642399330e-01
2.304967708014831751e-01
1.535278245559585086e-01
2.822619631737081081e-01
1.813143156054523031e-01
1.544033145134542373e-01
1.290983993992810865e-02
3.162316173570184352e-01
2.181510619536485840e-01
3.857163819139491356e-01
3.551960208612114367e-01
3.971815674367193405e-01
9.473678659022102821e-02
3.231463010171449768e-01
3.358495925382944391e-01
3.494558323914878084e-01
5.199517115541589796e-01
3.249144716818484491e-01
1.893216029706696057e-01
1.536453073289268112e-01
4.778158565187375362e-01
1.327142676587936276e-01
3.695775356218717334e-01
3.120613477408576419e-01
4.240305566280617167e-01
1.078045167077481409e-01
4.138955388471726171e-01
3.688561415172365021e-01
3.881755154700224919e-01
4.228859231081670278e-01
2.047292204266407956e-01
1.051022022891103386e-01
5.832827303699923416e-01
5.679791669006890587e-01
4.295412313579354824e-01
3.843864573163914833e-01
2.044788432908259956e-01
4.049026375030313485e-01
2.583723110943998424e-01
3.451711832666369828e-01
3.933263658946264951e-01
8.562233200477992190e-02
5.053505063747634196e-01
4.424419877698046455e-01
4.439905821815758880e-01
4.142534842194142142e-01
3.051950626636895092e-01
5.078737191443195576e-01
1.260241259765001454e-01
2.657813110644510202e-01
4.168854561294893513e-01
4.250467548435043486e-01
4.194951239045656699e-01
3.653975447969139423e-01
5.646210643017820496e-01
1.824226563912128840e-01
1.278783927806395604e-01
5.310541762008023081e-01
1.559216470572098723e-01
1.667014276784370697e-01
4.475498373324473533e-01
3.955338000153515998e-01
3.954311132798352668e-01
1.612647520718281102e-01
8.719292761695847382e-02
3.566224386527892531e-01
2.464781018369360532e-01
3.864482752062321502e-01
4.571750164863970234e-01
2.782676434120300302e-01
5.326139366007078824e-01
3.190976151805472449e-01
2.085604213834259812e-01
1.298270869856241183e-01
3.433348731064555515e-01
3.763525818289549796e-01
3.691093202534369011e-01
9.953635548266791255e-02
2.296218444170534667e-01
4.191049377609979421e-01
4.412748146466456967e-01
4.839724491230300019e-01
2.315579868149903742e-01
4.203729514239951670e-01
2.972116912396809418e-01
2.172284554393561218e-01
2.507905746752033815e-01
4.263587585426389381e-01
3.647730861932081958e-01
1.881895781021439562e-01
4.124888145840157616e-01
-2.512983902329729569e-02
4.282788136656927036e-01
1.853021881422905193e-01
2.568460278713022849e-01
5.292231454465943230e-01
-2.393087278821606420e-02
3.914875702683587866e-01
1.245660977424341703e-01
3.978026333265221592e-01
3.319395321805970189e-01
2.751952595416885528e-01
3.510565736883204391e-01
5.424418077711719022e-01
1.673789891424294352e-01
1.594754860645450634e-01
5.127215105838569542e-01
1.590849951192366551e-01
-4.246488968923002594e-02
3.147253702219894311e-01
1.598284652347254919e-01
3.931869385166190667e-01
3.915263723888355862e-01
3.887822838304748618e-01
3.347409868662947208e-01
9.771503659632425898e-02
3.187113237650752162e-01
3.975779130981748066e-01
3.307001221444411665e-01
3.315485013179662044e-01
4.148509373722991111e-01
3.260663650099329680e-01
1.611329640156534959e-01
4.042879571184128662e-01
1.122651686103896540e-01
4.198337075200604396e-01
3.947204026297319035e-01
2.230742266968006315e-01
1.856483306417915091e-01
4.800543590900180901e-01
3.472782345480412980e-01
3.650179023206381879e-01
2.133908589570190084e-01
3.961863138226741632e-01
3.282445048038200031e-01
4.501566750071795409e-01
2.798593688053186423e-01
4.008425117675055716e-01
4.147373128765241557e-01
4.990905505667842523e-01
2.573638317828399469e-01
1.124186010340053610e-01
2.301779895329045533e-01
1.972690500698356386e-01
4.399711347610694712e-01
4.500122870285586107e-01
3.389570055391475378e-01
2.970457765240211434e-01
3.970374103207290895e-01
4.088911602227278119e-01
4.004621893999525950e-01
4.152330404193379509e-01
4.399108519599018163e-01
3.181654697171563129e-01
2.230001214520340447e-01
4.682484673764950034e-01
3.876711036916083430e-01
2.254972183273468989e-01
2.109599093393161318e-01
3.501892649408597236e-01
2.327854122217999089e-01
3.611443914300955793e-01
3.895671520885080064e-01
5.646210643017820496e-01
5.650494736458310241e-01
4.027660113244962425e-01
3.803232176115984853e-01
3.063760948888108460e-01
2.190149002100673925e-01
4.956412120022467005e-01
2.232640018215387712e-01
4.804581603198883610e-01
4.174845610040857635e-01
3.689753724398016077e-01
4.076485828790747390e-01
3.806965243110980723e-01
3.891809012316667649e-01
2.953509852394434199e-01
3.661977192390640790e-01
4.106881553565357446e-01
5.667969454259773610e-01
4.060532596759120483e-01
4.629947115602321001e-02
4.132973746838564111e-01
3.829131123384422186e-01
2.793482542930639800e-01
2.644821430620332703e-01
2.536766942267126290e-01
5.341485663128540118e-01
4.287665799330925842e-01
2.066982030752870236e-01
1.154832173975320203e-01
1.667014276784370697e-01
3.832586201939159332e-01
1.521436762847300506e-01
2.662514955077301959e-01
1.467210491142031115e-01
1.138548110067975488e-01
-5.712142387390155979e-02
4.241929762063096354e-01
4.308036945256353833e-01
1.069840317428965432e-01
1.635744444380646812e-01
3.922736704714616662e-01
4.556824987149839939e-02
1.875812949027655663e-01
2.653132108576322090e-01
3.733730241752533097e-01
4.084383356202705984e-01
3.460545041880891404e-01
1.464342748031867703e-01
2.896045832497268213e-01
3.909864155450820666e-01
3.075020770814990700e-01
3.623795904015819636e-01
-5.517489556203752921e-02
1.334369058657147722e-01
2.666786682180902757e-01
3.317842691571858960e-01
3.331203954287119129e-01
3.695425839365614751e-01
4.436960913369190074e-01
3.450750708050933091e-01
4.369441167046650976e-01
1.385409154907189522e-01
4.017058924478835169e-01
4.262187122254039173e-01
1.884490130382571182e-01
3.218884696243309307e-01
2.160435183049891905e-01
1.175841505287773398e-01
3.927741544317463473e-01
1.176610033458916071e-01
3.216226822575076749e-01
1.707926976033526945e-01
3.035456495784722430e-01
4.235807990464413031e-01
1.753681814249455628e-01
2.355984658330825821e-02
4.660307166960640513e-01
4.176251793328640827e-01
4.035435002352958378e-01
3.280251535216253123e-01
3.884730832936454936e-01
5.271969234500446522e-01
2.146321749843074500e-01
1.794125183805136414e-01
4.347179497660422220e-01
3.837646541308452619e-01
3.989149229047220802e-01
4.169817780436857468e-01
1.914433152738895527e-01
5.549042716031329370e-01
1.528416625617035896e-01
2.743001861190331181e-01
4.182082559344934003e-01
4.899562900920299557e-01
3.113503051946035494e-01
4.182783282198820340e-01
2.604518520685744631e-01
4.155989989322502187e-01
1.348827529633498112e-01
3.988838520891109241e-01
2.076979295490715416e-01
2.463302892317197346e-01
3.869142860315571975e-01
3.942312439254118672e-01
4.312866391498176299e-01
4.550766415570740575e-01
3.975699002064574383e-01
4.177053099927106605e-01
3.407440790568064259e-01
3.958819806119805440e-01
1.244081512106404719e-01
4.784626628242576452e-01
8.235164725876492620e-02
3.904242506000391577e-01
4.428457649341958069e-01
3.022511109443924981e-01
4.154206364927399697e-01
3.531939431582226674e-01
4.362012875685446905e-02
4.737538385726778878e-01
4.178540092604232092e-01
4.470740277079012226e-01
3.750359082650899789e-01
2.435051319369872513e-01
4.388207863330137459e-01
2.489342923249496242e-01
4.687735743051679171e-01
3.970331035957801458e-01
3.827144748779987005e-01
3.031372735010218200e-01
1.878216341872045447e-01
4.701700405333745225e-01
4.971147041530484256e-01
3.885828589724499849e-01
1.906201878416330375e-01
4.039197636278581416e-01
3.843116818895236930e-01
7.012184777353820675e-02
2.213512071861097608e-01
9.073286378954681375e-02
4.276000766186050517e-01
2.347108918698154190e-01
3.811811125037734560e-01
2.567359323913248614e-01
4.277885376177741339e-01
3.759936937538072566e-01
3.149861909718294495e-01
1.173495663377003562e-01
1.032812821687929677e-01
3.622569955399583264e-01
4.173721013604844154e-01
3.118495475421345642e-01
3.192161717717906244e-01
1.114530273961010925e-01
4.036062377775717636e-01
3.544809405009913261e-01
3.120084936419018073e-01
3.897033929066349711e-01
4.205819993617513908e-01
4.064846810221335871e-01
1.498544387873909089e-01
4.343087043439048389e-01
-1.040281090944607419e-02
2.175467012354648233e-01
3.052315971314121246e-01
4.418053327812824782e-01
4.224225777421152239e-01
4.158631546595893957e-01
4.868396465277083363e-01
4.197194959095794653e-01
2.050535607638436231e-01
2.370781651944688651e-01
3.039379686781292292e-02
4.526223959487625237e-01
4.304637955242458514e-01
2.186309451740012788e-01
1.301645538799034441e-01
3.838630139762008175e-01
3.413239660696242850e-01
4.989053631366502928e-01
1.721979190188308584e-01
4.564894877461805334e-01
4.107809792288659168e-01
2.864428734659369979e-01
4.335392487389876370e-01
4.100451786985871983e-01
4.406231849967274794e-01
1.649298862621736278e-02
2.459884760289274830e-01
1.729353099453415366e-01
2.165631421165198356e-01
1.594070423482172871e-01
5.245281618951839198e-01
2.031226276707992218e-01
3.796843583704119784e-01
3.379413496268291461e-01
3.599038817882590502e-01
1.817636948611440761e-01
4.597779964648268103e-01
4.036217929641929686e-02
3.746946104784729115e-01
4.655594113201105833e-01
3.613241635465373469e-01
3.437351908997158811e-01
2.997164892913317669e-01
2.346890773428400856e-01
3.914048914062113749e-01
3.205054750853651435e-01
2.626551683161233441e-01
5.604921606717063742e-01
4.348435397840029193e-01
3.403846645285569239e-01
-3.867786083637943934e-02
3.797370635123504812e-01
5.727132648014217065e-01
2.398586227444506058e-01
4.632915434703207547e-01
3.944025243300861572e-01
1.792103943300525637e-01
3.233220288883289495e-01
2.867595092814927971e-01
2.725458447233963244e-01
3.884974908345034672e-01
3.658860351862820437e-01
4.184715972528254557e-01
5.000750811842258337e-01
3.670226379728109833e-01
3.508470584031089801e-01
2.380873855568167441e-01
3.492092641934476105e-01
1.199223592430012364e-01
4.476941409574147768e-01
1.777270240884252783e-01
1.503216597743778637e-01
2.922822403184976436e-01
2.363096511047434178e-01
2.236671670329524741e-01
3.969748571698138995e-01
2.170308020910396429e-01
3.962609372635936822e-01
3.486898213034919647e-01
5.262898578049692855e-01
4.458733722421547863e-01
5.697341420897629183e-01
2.382553359630566192e-01
1.998987233532252550e-01
4.688778333048225222e-01
1.147905960056615354e-01
4.086677453184154318e-01
5.472487180610439150e-01
2.934790899946905784e-01
1.547461403490782150e-01
1.213611949047877780e-01
1.450243877551831428e-01
1.036926844465299070e-02
4.189701971350485166e-01
1.932043310226983501e-01
-2.938212987608294913e-02
1.889963546180443710e-01
3.585203125822487569e-01
1.752476654317282334e-01
3.497806368397538557e-01
4.109441162073447229e-01
2.382697186551585855e-01
3.166307467305324308e-01
4.735660145618456607e-01
1.805901809406521008e-01
1.917466301828788799e-01
3.865925153066331332e-01
4.218976832120416298e-01
9.180036664496048215e-02
3.276093124155372571e-01
1.270813772230689476e-01
3.702616558054462881e-01
3.761904423230933436e-01
2.980122550446863139e-01
5.080134166573301302e-01
4.253465204262615873e-01
4.224871382859264335e-01
4.620858746673678352e-01
4.221502410796268978e-01
3.934037214727932885e-01
4.284364643788081684e-01
1.063308866783479745e-01
2.726095219811395243e-01
4.083580088682614018e-01
1.042317600502997987e-01
3.008376919138985861e-01
4.366643353447197673e-01
4.355393046512851529e-01
3.816259593169190056e-01
2.601939838003383132e-01
4.123962310371324241e-03
3.159690596604770585e-01
2.767444458812616803e-01
3.249029849797127056e-01
4.204392977093412420e-01
2.063894625625385948e-01
3.987771008186483668e-01
2.409968895343838902e-01
3.648743724838087732e-01
1.821292172754182537e-01
2.761505771570146317e-01
3.800867162524261267e-01
2.955341510863471188e-01
3.862229697510741189e-01
4.412395975979359619e-01
1.865548724270279235e-01
3.859110460808060084e-01
4.179002938155177982e-01
4.024938937615983869e-01
2.124124384817407674e-01
1.471329194784752048e-01
1.604277173495992082e-01
7.651145114298765759e-02
4.467646362654348891e-01
1.171956953155412068e-01
3.225566849949955128e-01
3.455662654074544426e-01
4.090810441555879917e-01
-1.115215725997699241e-02
4.616282557235640849e-01
5.371040559149221627e-01
4.045639492649407143e-01
3.783504866193571070e-01
2.197491383669123166e-01
2.604497148673139417e-01
2.195405650999855407e-01
2.793290961800610761e-01
4.808019337804313453e-01
3.881812613936070910e-01
3.456314017800918292e-01
3.337961120092172163e-01
9.246487601482543395e-02
4.016698218630170292e-01
3.948669113164616773e-01
3.855714298073039115e-01
4.089806939291406596e-01
4.600304445025444333e-01
2.251893350435615060e-01
3.756128027770718192e-01
3.891929832639651754e-01
1.948712167245518212e-01
3.656667808298790789e-01
3.506318022978541782e-01
4.527096977894483065e-01
3.965793311453833514e-01
3.038462426895532573e-02
2.517334305475000811e-01
3.968770026995197542e-01
4.567413577144929238e-01
3.419958857814001663e-01
1.629849129770297722e-01
3.635879465716925218e-01
3.276821742633854173e-01
3.980640104660901901e-01
2.727071083910408422e-01
2.498616701887203528e-01
3.013912313763039696e-01
3.694199488067525516e-01
3.932080722809808138e-01
1.637479165440112738e-01
1.795743933320738395e-01
3.043231061746236657e-02
3.525575609394586141e-01
2.266233223152174792e-01
4.695056851825759048e-01
1.852636867002664944e-01
4.077061154523936581e-01
3.531840562295573416e-01
2.173100191829245298e-01
3.582501347799521563e-01
2.580684192829735824e-01
4.497146038566047221e-01
3.738134449941055149e-01
6.996455671485890537e-02
4.365251997813927032e-01
2.674264770905106503e-01
4.737722367144471258e-01
2.364239154933096831e-01
4.058453633128237814e-01
4.013371643302625635e-01
4.322718133113645500e-01
4.248633324088026408e-01
1.785487455158104864e-01
2.541835275732168276e-01
2.483824182974296579e-01
2.360452361341050520e-01
1.382018657517890270e-01
4.564856692185199627e-01
4.086127451181210124e-01
3.347908286311404580e-01
1.039360472601946750e-01
2.434318145462162630e-01
1.801280416959587516e-01
9.084467964008954843e-02
3.392714147999785768e-01
3.972990782584184810e-01
1.394482921821119104e-01
4.382147239624358259e-01
5.611951695879202617e-02
3.319493351082925536e-01
3.698752135658077700e-01
4.994131825869074226e-01
4.423984206222243976e-01
4.788546002708298222e-01
3.952559684571211873e-01
7.898241578650135042e-02
1.956445327642569731e-01
2.386681945264379767e-01
4.828800932923740796e-01
4.138423214424665209e-01
1.399257634035144249e-01
7.283966581176574973e-02
3.107613274055571195e-01
3.150271551473977638e-01
4.134060252600199603e-01
1.999645357220591335e-01
2.862112342878669335e-01
2.475570247969025375e-02
3.513381040277067102e-01
3.992105210518637759e-01
3.804805171139415965e-01
5.467305625704905747e-01
2.872601026982152250e-01
1.759530171560465261e-01
3.782161492561516569e-01
3.457647833703464402e-01
2.071760986374739100e-01
2.027627575373886215e-01
4.441750254904986428e-01
3.276143929934558201e-03
5.425764187339795486e-01
4.404259202021682529e-01
4.041288872888891825e-01
3.657831888095054995e-01
3.658762589588206438e-01
4.526174836113636829e-02
2.506131266201690466e-01
2.065172079345996559e-01
3.926021943847479712e-01
1.718539279316707302e-01
2.243147242229132365e-01
2.665777106702328925e-01
3.934387735070022929e-01
3.248238855671384817e-01
4.490619068197032604e-01
4.550825769755605932e-01
7.521508361547940558e-02
1.915321669573630814e-01
3.526745199148262344e-01
4.070330635013174603e-01
3.524467458809094622e-01
4.314819786853014150e-01
4.018018484838129512e-01
1.690487384288367756e-01
3.417898701769970793e-01
4.245732462936838703e-01
4.914627817821174416e-01
3.099677746214781759e-01
5.519236931452282946e-02
4.001636137306610608e-01
4.055792421827004723e-01
2.815972988719482872e-01
2.013070111464110579e-01
2.872097009960579705e-01
3.937722822938422018e-01
2.910661604651209461e-02
3.971628667545346048e-01
2.274982199299892816e-01
1.863281016175853122e-01
2.008827146549813925e-01
3.819664474246404762e-01
1.689315244838671126e-01
2.987414935826850915e-01
4.258123815477096175e-01
3.374489042834292185e-01
4.200972193713566338e-01
1.025444971944495659e-01
1.203125781861573013e-01
3.997564336245383321e-01
3.700579444914147698e-01
5.458700712828181700e-01
4.200604337928071086e-01
3.637435495822344822e-01
3.996039822166938538e-01
4.162074785557288159e-01
4.977966740653178013e-01
4.184396692497435177e-01
3.992961800916621784e-01
4.577609021103301590e-01
3.337967589556833925e-01
4.219069740221922937e-01
8.706744435844220031e-02
3.219616029556788828e-01
2.200010206169174809e-01
3.151522640217450100e-01
5.583788668880036443e-01
4.366089052436855078e-01
5.646210643017820496e-01
3.916128497586544577e-01
4.472181648246484897e-01
1.799758731819705027e-01
1.242206245951902877e-01
2.572535435923146707e-01
5.132177997314503470e-02
4.825760845507265362e-01
3.404546726669960832e-01
3.065391289666203334e-01
2.060639549095623912e-01
3.769121163341460079e-01
3.849487620071820881e-01
1.396810050332343289e-01
3.110231326824463016e-01
1.783966371655200389e-01
1.203762431414616280e-01
4.927129834222384597e-01
1.854742242030091304e-01
4.215250244133289526e-01
2.347541162917792801e-01
2.643023428968606647e-01
3.273332886726950108e-01
5.898031572600305472e-02
1.268783581027535246e-01
3.881084310383428049e-01
5.555794722280643638e-01
4.239805230862427887e-01
2.102007866783394130e-01
1.882592386188864930e-01
4.099152809598645697e-01
3.921792675717638010e-01
2.447260372586443355e-01
1.523945323495119186e-01
5.469255701683313209e-01
4.340101094222300060e-01
4.391133704448648700e-01
4.397209389824978665e-01
3.721971403652131194e-01
4.311312406336098579e-01
1.087748546414557399e-01
2.357110561693510353e-01
3.063496834404021429e-01
5.657726755658544215e-01
5.954422975940393270e-02
3.922907271079928981e-01
3.059948979485529463e-01
1.891470184586969416e-01
3.477646125692337997e-01
3.872552764024246863e-01
3.297910671763252810e-01
4.739867350683013014e-01
3.036030219296401156e-01
4.046436647330342584e-01
2.851928316952832554e-01
3.857374856794463791e-01
5.242025727670759361e-01
3.801194427315083280e-01
3.777468484723703335e-01
3.873043829668833538e-01
3.971527480296639934e-01
3.839731462805105466e-01
2.173828630387151517e-01
1.260038482248611487e-02
6.649247560868067064e-02
4.104952881341091264e-01
3.407732894034208315e-01
3.249414373831365221e-01
4.466919404279004469e-01
1.611847280884415312e-01
3.837153778217743949e-01
4.674374800656244111e-01
5.807583967170339145e-02
4.033818797139390178e-01
3.684116939628371834e-01
2.888549342809825227e-01
1.996178603744702129e-01
4.042332352063399137e-01
2.389125584977464245e-01
1.115578624112967959e-01
4.353550513766630270e-01
3.955488299028730448e-01
3.394494597618794018e-01
3.074562994366775159e-01
2.689154480330037122e-01
3.214074890751822955e-01
2.398162397921915073e-02
4.123216360157803129e-01
2.301627375531673514e-01
4.251266158040160614e-01
4.650537014165590510e-01
5.721914165045900447e-01
3.258936561945964261e-01
2.585737475567795873e-01
2.695417234973983556e-01
7.356109078660177936e-02
3.805959317494252425e-01
2.408685803662362068e-01
1.667713156295168309e-01
3.921422027506721308e-01
7.990769877106104757e-02
3.535738306874633419e-01
3.148134314530179889e-01
3.389068982241874584e-01
2.404874945421043297e-01
4.457955250643387268e-01
3.938935109831116499e-01
2.897322419860630660e-01
3.512633286008389200e-01
3.615689128715166567e-01
1.995184723522654691e-01
3.843675326385360691e-01
4.598957418834551114e-01
1.972703450000731773e-01
4.224367684912751497e-01
2.833567093962481853e-01
4.324655843999929972e-01
2.485442440184881530e-01
4.086191692732946690e-01
4.363701314601552972e-01
2.038576767357463959e-01
8.361588845044949647e-02
1.714769756855148153e-01
3.509347265992220910e-01
4.111936440236481638e-01
1.549810006707819654e-01
4.141043036421193646e-01
3.578737641922772328e-01
2.959392814982704789e-01
1.808486401201311045e-01
2.526197183016726244e-01
2.617688690219311387e-01
2.649096347644682714e-01
3.991970313964980366e-01
1.513219351070550778e-01
4.245204741833258355e-01
5.621058964351797194e-01
3.655350054858788611e-01
3.607035004008259937e-01
1.227139617290095436e-01
2.045089709211841689e-01
1.417420629777740027e-01
4.501475170965626993e-01
4.583178845959374748e-01
3.654309385121507492e-01
1.962846652974959416e-01
4.261784892665924085e-01
3.080185978621451381e-01
1.161898623509074052e-01
4.218264062004699055e-01
4.273651860905757771e-01
4.710536819406209719e-01
3.667410475527113634e-01
7.779387513189560399e-02
4.031059675021447797e-01
3.543561750991202075e-01
5.495128338121940681e-01
2.259042656584124009e-01
7.248844109799734703e-02
-1.902564670215094178e-02
4.079994508221152505e-01
1.750206593926003085e-01
3.477804629236243006e-01
3.197805553880392893e-01
2.944358034492975951e-01
3.528635871151158954e-01
4.194623950189355632e-01
2.534302360867471959e-01
4.089472051552613396e-01
2.786686488141178475e-01
2.770499163103201656e-01
4.056127497940410498e-01
1.123278595724784973e-01
1.563400155365116673e-01
1.502507351561064020e-01
2.043268020697373011e-01
4.697287927956153020e-01
3.877357393363112803e-01
3.804784281681159452e-01
3.950923194648280345e-01
1.485201478250255946e-01
2.439038391688037877e-01
3.778085248100016003e-01
3.969086200919523244e-01
1.732684279585912368e-01
4.094348663643972430e-01
1.664282231390485089e-01
3.238090706188385681e-01
3.483488031535930118e-01
6.338128192105831060e-02
9.271111408013357758e-02
5.406113238219923955e-01
3.251177514561980342e-01
4.126549407439541461e-01
4.027683426885317886e-01
3.867478307554457762e-01
4.498845249766310062e-01
4.246173207249669956e-01
2.858959442927385686e-01
3.315629667455257112e-01
2.203462546860739946e-01
2.856792579719106273e-01
5.055305380042036667e-01
3.719464131129828210e-01
1.933641889551709070e-01
2.981719358054418789e-01
2.167852803679111706e-01
3.544221096158201578e-01
2.961416603731108488e-01
3.980560844590508296e-01
4.801179854783175216e-01
4.800741719500217775e-01
3.700725632326731240e-01
4.135617508177905077e-01
4.040772231033990525e-01
4.036664091929140774e-01
3.864010012280082451e-01
8.810789277630004523e-02
2.017696568994217440e-02
3.687979797353692635e-01
1.428068897830290229e-01
1.405500898389864806e-01
2.857593405007989862e-01
2.673181970397410234e-01
4.221963692091071918e-01
2.668096699814134776e-01
1.371253269987748880e-01
4.317312248110225514e-01
4.145738053726513161e-01
4.278939197284438167e-01
2.109790124907064690e-01
4.138528219578648804e-01
1.297060783710119736e-01
1.395222111268763776e-01
2.820312086716948996e-01
3.704532144259536919e-01
2.524248611130763265e-01
2.057888900256537035e-01
2.382550423642113835e-01
2.523543222893304128e-01
5.154596883493550719e-01
-6.129544463178810635e-04
3.341524557823313812e-01
5.806926352980349426e-01
3.426726000004914341e-01
4.499051834477801881e-01
4.126549407439541461e-01
2.200811047225096351e-01
3.789685722692706649e-01
4.684269794576439438e-01
4.357415828867814422e-01
1.988970909194273107e-01
3.475087061976904756e-01
4.655536049008905386e-01
4.447708831851024947e-01
4.566726834674720847e-01
4.353861018196013566e-01
1.787633432849887183e-01
5.108677843790681433e-02
3.475892664263393050e-01
1.739156024659418431e-01
6.233621961145508622e-02
4.259691623352472312e-01
2.689804738704059672e-01
3.043342579853899887e-01
4.807527776327872315e-01
5.529685648733524417e-01
3.840744308699307052e-01
2.909322279335835315e-01
1.705571441128659604e-01
2.927072438993452153e-01
8.837476350460565788e-02
4.022686925556063220e-01
3.470415025959375233e-01
5.129108831252859879e-01
4.730706299106170465e-01
4.610525183462056975e-01
4.115675800769188486e-01
1.792105190815545535e-01
4.345196887228858773e-01
5.819876773985347418e-01
2.053561884789275593e-01
3.802275846132340265e-01
2.076213445641429678e-01
-2.839875630250061293e-03
4.199924448310503045e-01
4.585163414823031913e-01
5.343239527239338482e-01
4.020056164554509648e-01
5.023366384015159891e-01
3.474677016502062954e-01
2.041518137608084593e-01
1.146910202467870676e-01
3.061303001262248857e-01
4.007040411167696048e-01
1.127359084423973368e-01
4.054714458480611072e-01
7.604818813896351004e-02
1.503397917229035430e-01
1.538831260708063420e-01
1.298002938919103899e-01
1.220964796039692574e-01
4.164250702572241392e-01
3.514382398224366599e-01
1.832121347237085085e-01
1.644208275875579939e-01
3.138302007033862973e-01
3.203956983277632675e-01
2.226062607587583897e-01
8.994745636623746599e-02
5.525986516553615946e-01
4.128974384944089082e-01
2.454120886554258252e-01
3.110871220445582952e-01
5.277611544579619007e-01
1.677645380341401815e-01
3.735660301268685646e-01
1.549482429065769107e-01
3.975408203943211483e-01
5.784775388117434636e-01
4.002070128555556550e-01
2.751238650656834261e-01
3.646367886967286642e-01
3.017817528598755183e-01
4.121652993608090343e-01
2.265337003133915950e-01
3.334993696315279310e-01
4.006781379063845683e-01
4.024176861690237916e-01
2.605922689734417874e-01
4.173327434311705497e-01
1.416204980097395816e-01
1.721927537371682748e-01
3.573333698754563859e-01
4.708848506548610202e-01
1.325921009967294950e-01
4.129603631665310637e-01
4.080219038311468371e-01
3.683573192367926574e-01
1.360179265923568970e-01
4.088943400193788547e-01
3.426345292423726985e-01
1.800787869369020466e-01
3.842669814238458548e-01
1.515186277448483110e-01
2.020814689478775961e-01
3.048425646371226150e-01
4.080548515466680959e-01
1.894384602901340864e-01
7.989785999928659954e-02
3.681953033777030648e-01
4.249459271247575942e-01
8.378070710801215071e-02
8.283936153643149669e-02
4.734323936445504200e-01
2.528682628356930806e-01
2.834995392336402964e-01
3.271000885371126432e-01
3.921582728062900647e-01
1.787392083479200644e-01
3.825903817328391021e-01
3.917319979457620782e-01
3.003837388894240457e-01
4.343216570486407857e-01
1.924427839980942800e-01
4.154329093269447659e-01
1.455569836120039762e-01
3.035800779018500983e-01
1.821161592790246364e-01
1.872011243396324576e-01
1.815027509624384805e-01
1.166267638216459124e-01
3.184530546821351948e-01
1.652821007128561781e-01
2.878067967765780000e-01
4.094756018349295368e-01
3.992477100176339277e-01
4.043118366294652377e-01
5.820157175819732354e-01
4.138357814410554836e-01
3.166438212563834065e-01
4.766833620414314687e-01
1.178806337305922658e-01
3.322825067294715717e-01
3.112953680624612751e-01
3.694166568981626098e-01
4.030217628056368961e-01
9.989659949715462561e-02
2.290651104697563611e-01
4.238463562974936205e-01
3.633686337112800313e-01
4.499015836670263724e-01
-3.215976845081811031e-02
4.015647492427072418e-01
1.016239322315111576e-01
4.956364392368469707e-01
5.755476899611153829e-01
2.578909356224404759e-01
3.926826595547542875e-01
1.745911047806985583e-01
1.696391838801716845e-01
3.664325599764468588e-01
1.772796551300838686e-01
3.235813081197549401e-01
3.399223446008687310e-01
2.596271629734381858e-01
2.165398841587039547e-01
4.255908229631734652e-01
3.821715593495565999e-01
3.971722000734497215e-01
4.276432774729962416e-01
2.097445618933823364e-01
4.451489812385098221e-01
4.392101398110040411e-01
3.994022886271174078e-01
1.153565460926992692e-01
3.948405293275187855e-01
3.954065841668155112e-01
3.464820997455141383e-01
2.630290924455714885e-01
3.695941048702125475e-01
2.455683318492045131e-01
3.665485320182175211e-01
1.422688302326045318e-01
2.056465130082583970e-01
3.970372389579209238e-01
3.885454598071673704e-01
1.765236905497752085e-01
3.843011505869088906e-01
1.071143241347305847e-01
1.182176221108266062e-01
3.804110721906981962e-01
2.661032192115592721e-01
3.963692836603996406e-01
4.500373794397584670e-01
3.568154975277124663e-01
2.543781681725010846e-01
4.153100624831579379e-01
1.805114153743623273e-01
4.330494003927221058e-01
4.068614719051028561e-01
4.086330714026740196e-01
5.666992238137248394e-01
2.519932851668975626e-01
3.700206953619468164e-01
3.504312843276787270e-01
3.942520244666292695e-01
3.044750128235240161e-01
4.362695273014110531e-01
8.107232049701931786e-02
4.706790250017741095e-01
3.947751197702012438e-01
1.882689451394428393e-01
2.377768380585243146e-01
7.394366642985981952e-02
4.505629854366776654e-01
3.479561946198709427e-02
3.377765093933197127e-01
3.370817522965013913e-02
2.127226909134012356e-01
2.058639109204084827e-01
2.814043464504644709e-01
2.808955002911449617e-01
4.088113054860469386e-01
3.605188811831052526e-02
3.297700049030333758e-01
3.771873225975580501e-01
9.928123805947711156e-02
2.986631595353311797e-01
3.863838741999506277e-01
4.037469057310276721e-01
1.145944956846595975e-01
3.855077298118321782e-01
4.183273926697522738e-01
2.391223430881168621e-01
5.609479213456002311e-01
2.878027820167186612e-01
1.474173397499657645e-01
4.226279877262886786e-01
3.660998576321106146e-01
2.417939259210415970e-01
4.062340632055950196e-01
3.711882920997764956e-01
1.036988310940542002e-01
1.962256863681360319e-01
4.108927559937511909e-01
4.007510889209820459e-01
4.023975794612216217e-01
2.970844023648633869e-01
3.147883608667181310e-01
2.602687956573624395e-01
4.018085729595691213e-01
6.402303655057416110e-02
7.985130455714269104e-02
2.296185858681966396e-01
5.138750704256243029e-01
1.206181911616873575e-01
4.091361136063731974e-01
1.139020536791525290e-01
2.742921426060681567e-01
3.505820436004036256e-01
1.938280265847472650e-01
3.396892964927268888e-01
3.190876835855228077e-01
1.595974724014846136e-01
4.343116513277914814e-01
2.024197145678673926e-01
1.825927562026081474e-01
4.367740740124770871e-01
4.268894344721327339e-01
4.435094603099757338e-01
8.853665241829294930e-02
3.973854357572560447e-01
3.087799701215802051e-01
4.217295132705431437e-01
3.975191909225817555e-01
4.983391452329864468e-01
4.027357765353311581e-01
3.985298158220141884e-01
1.434431671094978655e-01
2.522110293937397940e-01
3.980416999412917933e-01
1.697357848294492322e-01
3.169978723361974726e-01
4.040764267020091061e-01
2.615436483146025837e-01
4.971516253696173226e-01
2.046723410858572179e-01
4.335226790757248372e-01
3.372862921813483683e-01
4.425782987927430745e-01
4.140034470447976345e-01
2.635227949768615963e-01
4.168438483268312456e-01
-6.510129733124855010e-03
1.410647095868185208e-01
2.877795459408545864e-01
3.858033473358337129e-01
3.040758212946863548e-01
3.440896232928973286e-01
2.901097620712023498e-02
1.175426988638813425e-03
1.793105078019760490e-01
3.962472652292392539e-01
3.590849585122198317e-01
3.350527420367168108e-01
4.179540160143944694e-01
4.063865552343085552e-01
4.518462373610516170e-01
4.848257924654981732e-01
3.912641965035680292e-01
4.239419203150666671e-01
3.939462321410414636e-01
4.138666715581122424e-01
4.359428429035577812e-01
4.059109493779829991e-01
3.846161432281474668e-01
5.090244760423910941e-01
4.524903806138464435e-01
4.174266299188803542e-01
3.307273450144181948e-01
4.352290992147338500e-01
4.703960596959572138e-01
2.544135640941082577e-01
1.879736810460466423e-01
2.525155469750479664e-01
1.282703752306949552e-01
1.850111485362922747e-01
4.331544575779314732e-01
4.737617067395829551e-01
5.310740849285464638e-01
3.358731287428395884e-01
2.752215374941129888e-01
1.431245482414110759e-01
4.265244150108125076e-01
3.719711129871737798e-01
3.262188591962412176e-01
2.919809386113130789e-01
4.017590694391816042e-01
4.591194238826911689e-01
4.500299829562441345e-01
4.317865078636810017e-01
2.536552708052651761e-01
3.945065518862191922e-01
3.717699845836728301e-01
1.374694107380296237e-01
5.052976637484023481e-01
4.241970177960662780e-01
2.399394895641914771e-01
4.904140622665481564e-01
2.113074897667538976e-01
1.160733867597323610e-01
2.455246507640283238e-01
4.818546214030615671e-01
3.594894324137236086e-01
3.063872332223901984e-01
3.932475296256187636e-01
3.353543326956195947e-01
4.052282952592470289e-01
3.985887844613071884e-01
3.440215106843684811e-01
2.197155539949917913e-01
4.163730187627429080e-01
2.456808490839868797e-01
2.418171132591239170e-01
1.080818940922985416e-01
3.909246864501116359e-01
3.003906532335119395e-01
1.492392825131093892e-01
1.571325861171049831e-01
1.946252380270194482e-01
4.902826492739774666e-01
4.168930125239632134e-01
3.188026997876449720e-01
3.734823162001658647e-01
-3.262785894327436403e-02
2.300714683522803450e-01
4.920992307203477245e-01
4.622372596425498026e-01
3.756513140371889325e-01
4.001993379385971328e-01
3.513641028776251507e-01
4.186749883092698576e-01
4.425397546085609868e-01
4.067663977445064027e-01
3.052380729443814333e-01
9.722868778564433545e-02
2.658732987028740724e-01
1.866171301534408911e-01
3.858768830585893594e-01
2.260121510093918706e-01
3.269429966410191679e-01
3.792961270076238289e-01
2.534104298914289788e-01
5.018528182995801029e-02
2.816070118652886922e-01
3.324075193419023244e-01
4.372862757864813821e-01
3.470315353383626178e-01
4.591415240420083088e-01
7.823334579999086102e-02
5.348386468932228022e-01
4.148700781415601835e-01
4.076520621457180860e-01
4.675358044014319564e-02
4.139849991953663544e-01
4.014605896583767208e-01
4.836910806032446719e-01
5.386883634977027713e-01
1.055006794310884982e-01
2.066733582480766163e-01
3.017906255530726778e-01
4.481043848894745163e-01
2.293812012437023429e-01
3.967794707896302175e-01
4.228272074053580076e-01
3.801386962765835320e-01
3.654009445022534663e-01
2.096905381913952982e-01
2.242020200242534622e-01
5.232701446172898230e-01
4.908227550540021911e-01
4.308038464700914560e-01
5.492761911928084606e-01
1.727629583778932665e-01
3.113529811099124966e-01
1.555796847314314946e-01
3.099517337763728619e-01
4.495944432596860052e-01
9.753052565510675342e-02
1.917507830547303393e-01
2.142522777199580564e-01
7.815154568570145677e-02
2.449975832456670610e-01
2.672031361668004146e-01
2.106220000292104433e-01
1.228926543634901863e-01
3.539885496783492513e-01
3.076401901939013195e-01
4.059314257813350646e-01
4.280661613830400447e-01
4.689401543898330527e-01
3.634522746946856619e-01
3.386568969818207209e-01
4.234293176433740480e-01
1.236414033662999040e-01
4.551855789273611674e-01
5.610908910791493343e-01
1.438914344570700332e-01
2.967800054636345330e-01
2.370412726230812506e-01
9.319623386575770496e-02
3.055880547591378615e-01
4.129213684184908084e-01
1.428768684620023710e-01
3.438979245739585133e-01
3.493334199088529712e-01
1.942820289278944512e-01
2.581848990181825898e-01
4.028041283879161827e-01
3.762270347969190465e-01
2.917385594040891039e-01
4.254757508043529590e-01
5.094092226408186708e-01
3.678373261394476956e-01
4.174398199590310665e-01
7.351590677076252911e-02
4.455213995898923418e-01
3.423037990225578642e-01
4.049572664725643034e-01
3.625919846857015849e-01
5.881304226431589566e-01
1.359320993846500902e-01
1.916512814268672982e-01
3.039805286361364489e-01
4.478633630582571357e-01
4.031823204626608925e-01
3.433886227939182967e-01
3.046575741289954120e-01
2.434096485802614285e-01
1.139584717925811730e-01
4.110377593017778275e-01
3.120020723081981529e-01
1.849461963060623215e-01
3.711073253512455206e-01
3.906226358708583812e-01
2.924532778692939816e-01
1.219503020250383429e-01
4.348292487896748271e-01
1.842032455900003696e-01
3.376448776330961965e-01
3.202934220331424831e-01
9.409782828639413899e-02
3.922042326848775851e-01
4.256840922128360960e-01
1.639027013075171901e-01
2.879897022184007560e-01
3.744652499485914277e-01
4.247479184579404099e-01
3.456994354704460704e-01
4.314147391972502077e-01
3.900371227639451432e-01
3.689478070931614950e-01
1.368493116373581120e-01
7.954592101276225513e-02
2.996838824757698805e-01
3.664296741935631485e-01
2.054124086122982584e-01
4.729171477534067081e-01
2.314085386129708377e-01
2.018885333462965559e-01
3.590464065275031369e-01
3.132616769119010436e-01
3.459896642565130076e-01
-2.240265503253511051e-02
3.627504898892945362e-01
3.952682198606019548e-01
4.309445098594048007e-01
3.877267861482356914e-01
3.053427674462236840e-01
1.677045968434858481e-01
1.531140687651281473e-01
-1.563712033264295573e-02
3.287759272688526441e-02
2.067351155370005800e-01
3.396994477267404333e-01
4.260077787158666474e-01
4.166587146705955091e-01
4.303566587497031359e-01
2.941631842248906836e-01
3.522674244528025134e-01
4.284569836851005453e-01
2.260579670345033709e-01
4.283868287472387681e-01
3.760453586861571273e-01
4.138282481162477988e-01
4.104172244499654787e-01
3.725660577702750165e-01
1.598000972628645655e-01
1.213336522958761710e-01
2.953525440186149376e-01
1.714460364416868776e-01
3.181192831666508347e-01
3.719715287390716330e-01
3.848395359756222045e-01
2.556027658284626414e-01
1.507911630816136384e-01
4.066731970399670160e-01
2.068926362965288202e-01
2.374379481475694664e-01
4.274247985229273072e-01
2.269075700880507085e-01
2.792953006128152116e-01
2.226410333014720022e-01
3.481938305548734069e-01
3.912856324349154313e-01
2.017575793819939289e-01
3.963734430050351865e-01
1.472332597467932713e-01
2.750406199179170619e-01
1.044189405170266455e-01
3.845548604855764108e-01
1.731793631400317390e-01
3.806003379726827229e-01
1.541862961460662707e-01
4.069200860349930782e-01
8.985706260939163581e-02
3.524229454954927454e-01
4.296240311283693880e-01
1.391629553529911689e-01
3.639231669949885006e-01
2.989914402213095790e-01
4.225512719579287424e-01
1.970096770245333140e-01
2.950208207243566472e-01
5.581311278914380392e-02
3.097351655008692140e-01
1.751297721089473403e-01
4.436509533774277703e-01
3.230985012496945252e-01
3.344266895514338422e-01
2.051624799190525927e-01
3.482158471281427969e-01
4.661537254216900905e-01
5.475071243379611152e-01
3.510621816088299596e-01
3.052359886664289257e-01
1.576347214256713092e-01
2.350153018410889583e-01
4.899297652454239760e-01
2.368023857317992087e-01
1.761926776280055840e-01
4.187146607495004780e-01
4.182296621781678159e-01
5.148858350500582493e-01
3.850965278662425439e-01
2.246211542266458305e-01
1.504456267002487746e-01
1.914707999181902709e-01
3.624466877788297126e-01
2.913073582984936905e-01
3.895702673232874780e-01
1.928781635347396606e-01
4.568504543318642752e-01
2.512845992119398519e-01
3.764449550129503885e-01
4.416504895967514055e-01
2.769731941521606511e-01
4.454893928346045362e-01
1.555661447460206515e-01
1.160241537685239022e-01
1.965322028416246203e-01
9.597305639254366527e-02
7.141383911814566665e-02
-1.061056409719656618e-01
3.197780764777213847e-01
4.010802192843421210e-01
4.211043540294574505e-01
3.438970874272228584e-01
4.313055503841985439e-01
4.319327025788927132e-01
3.962681855784426221e-01
3.213597002616740972e-01
2.395192549262742665e-01
1.934143674292632120e-01
3.992241862192582591e-01
4.694693843989539705e-01
4.023967319621807870e-01
1.483736064657773142e-02
4.313941360352107623e-01
4.065124498465489400e-01
3.147905339794823676e-01
3.655130914605950743e-01
1.805817449114243134e-01
9.009368283854590764e-02
3.125036480943750306e-01
2.547398054641251131e-01
4.808019337804313453e-01
1.790027987854532210e-01
2.155151472623174080e-01
1.849066601262341625e-01
1.445431082961869673e-01
1.528305451401957005e-01
4.411470806019567314e-01
4.552906400128378661e-01
3.699413629291471994e-01
2.196154406060527309e-01
2.393440851511852152e-01
4.207916725118379664e-02
4.024031287947371638e-01
4.098762653412450496e-01
2.613445629043098517e-01
2.505419564510261710e-01
2.153221471818492216e-01
3.371233859825157886e-01
9.111293819968051266e-02
3.843294168198822525e-01
1.221067484268928416e-01
3.595938395820436062e-01
4.166022566416652806e-01
1.526326210967313968e-01
4.022171174953733108e-01
2.181583128565738605e-01
3.832936067326787044e-01
2.938055005024961530e-01
3.893913184122003712e-01
4.437416050498221853e-01
3.924446571113219817e-01
3.332827091188517166e-01
1.860754626897903052e-01
3.655939833571875686e-01
4.404319276718693943e-01
2.904229574179201245e-01
1.753768826723501040e-01
4.303942658946651734e-01
3.391397399500997722e-01
4.643491714868604459e-01
4.242095783164770428e-01
8.204816599196468330e-02
4.439427156946592068e-01
4.768430174919418008e-01
3.628477569129449631e-01
9.082451476021548287e-02
4.028399983994619404e-01
3.198265986244673842e-01
1.890262530713926747e-01
2.882950096660765738e-01
6.349016194911760724e-02
3.075146396142818261e-01
4.540813978181736932e-01
5.787188439517391148e-01
3.946809873166979843e-01
1.929748882552658751e-01
3.847876003066322825e-01
3.192925813276748515e-01
1.145944956846595975e-01
4.274375577910018431e-01
4.357850557640710609e-01
7.121562487819696474e-02
1.555979852005492936e-01
3.419338390843437159e-01
3.380047430778875817e-01
4.197045070163569203e-01
4.359051103069128130e-01
4.489362061005385818e-01
3.814993823653612948e-01
3.236000059182314037e-01
4.877236352739857533e-02
3.977376806606240933e-01
3.391220667601427818e-01
2.533777328458799993e-01
1.533463997219922936e-01
3.379590080455609491e-01
2.855354564441204279e-01
1.576629796506489878e-01
4.151665031038783149e-01
3.220758773438666123e-01
3.757591661373523295e-01
3.329498244785111805e-01
3.229322375016031033e-01
1.317958265158794828e-01
4.363546680620721263e-01
5.372332342695677887e-02
2.593483075120557313e-01
3.956828695595048795e-01
4.345254087553342970e-01
4.186818513689919419e-01
4.566994139909401063e-01
1.873257784334761145e-01
4.122934540949683146e-01
2.969200939784424342e-01
4.547878573013910963e-01
3.843290267931517290e-01
1.617445371890477435e-01
4.027442768774772697e-01
2.965680487148205646e-01
3.302886336744273454e-01
2.670223127208589120e-01
2.260520634405383533e-01
4.321061632537367414e-01
1.720142484036892017e-01
1.234675189108162957e-01
4.831805654873888578e-01
1.398575346427431421e-01
1.960600509209510234e-01
4.254119678244704938e-01
4.044004497068252602e-01
4.742590394498538697e-01
2.102507128383308554e-01
3.355210677121796548e-01
2.852394174422966944e-01
1.425069438751472295e-01
5.721930053241182090e-01
4.511182030928215791e-01
-2.507738816893263995e-04
1.188378656873572276e-01
3.680945941606947880e-01
2.403540211710913921e-01
3.306073974799740300e-01
4.173619568482081488e-01
2.179714700534143290e-01
4.794214374041666504e-01
3.880866682936398027e-01
2.317334765468481161e-01
3.670333024239127995e-01
2.507784728926151785e-01
4.191177323389392861e-01
2.367445765506931976e-01
1.918082779790593606e-01
3.181095257766506923e-01
1.091730503573644373e-01
1.781473002392939542e-01
4.107586198262496158e-01
2.243390745875122050e-01
1.996824546099522091e-01
4.033587594272605714e-01
1.873506849595959201e-01
3.987987096272694321e-01
4.219903874623436857e-01
1.136059734340766070e-01
2.880644450323951444e-01
4.252465963247634151e-01
3.471610934218920530e-01
3.265151677729232760e-01
3.313244665615976969e-01
3.232588092066265850e-01
5.055305380042036667e-01
2.365951538663799703e-01
3.180670327792831653e-01
5.362001992770104586e-01
4.646711450256843512e-01
1.873562298949376648e-01
4.055567166038016591e-01
4.724889937523895078e-01
4.270659094519666521e-01
3.735616323680209794e-01
1.959912727774479613e-01
2.100650201991042798e-01
3.544432018464843681e-01
3.971710353042604558e-01
5.562479079638316115e-01
3.491189620513912573e-01
4.015179979003021815e-01
3.463632974789228047e-01
4.105255839998005474e-01
4.283770251349218183e-01
4.067448971475569608e-01
2.713229267237735609e-01
2.826620195660745627e-01
4.950226865349562355e-01
3.119729259503442251e-02
2.567960268593723616e-01
1.678541787904428706e-01
3.077547024517159335e-01
1.862174373157778895e-01
3.163233694026993947e-01
3.715952993286255057e-01
3.568059467766748760e-02
5.608748791311353177e-01
3.447389280930562849e-01
1.649353512653750076e-01
5.428896212355094342e-01
3.925847133037018710e-01
1.382319715209414934e-01
3.968568720922073245e-01
3.803134136465978199e-01
2.108566176474453990e-01
1.938864366741243489e-02
5.383553480946769998e-01
3.047565711286566725e-01
2.136948387785994330e-01
2.819098866249633573e-01
4.480418650153079607e-01
3.263237390022726281e-01
1.767955095555092948e-01
4.337959152062412782e-01
4.393534315655590050e-01
3.116256319928721319e-01
1.265956125474360615e-02
3.121829978249648918e-01
3.394770605843551725e-01
2.813011423641988973e-01
4.114877216059394938e-01
1.418263240777485334e-01
1.568454183977433802e-01
5.032689807869135112e-01
4.138809011439763541e-01
4.337020948156146138e-01
2.484582239601973164e-01
1.586778765875467012e-01
3.703987672960108446e-01
3.732289698562018532e-01
4.119073799949219405e-01
2.417562894203442725e-01
3.184568581066329895e-01
3.376358769571915497e-01
4.446353518836874130e-01
2.791515344363840190e-01
3.797510834795931323e-01
4.641152995924731073e-01
3.413754491831301197e-01
3.020437158071451189e-01
4.840979112620137359e-01
3.127251556642446917e-01
4.167430739670605622e-01
4.634241221034169911e-01
3.800251163849293623e-01
2.563806803403723689e-01
5.312111137251457338e-01
2.970546867261719126e-01
3.050962472339189824e-01
3.708581500527189379e-01
4.317472121726751433e-01
3.190822503264518217e-01
2.533999983101433151e-01
3.544116538705113784e-01
3.238985631649837216e-01
3.600810103740580970e-01
3.664251826000931023e-01
9.866444890094530629e-02
2.042612240333198104e-01
4.298609594838272985e-01
1.735022172834898568e-01
4.054051622159451362e-01
3.649779092493905530e-01
3.116682085970334803e-01
2.140712895758938306e-01
3.858960064841085447e-01
3.167944309082157406e-01
4.734068757722766918e-01
4.416741915211647718e-01
2.224410048563355280e-01
2.569558169105968792e-01
4.035468576185858858e-01
3.263003837037429244e-01
3.998389654383099345e-01
8.720815538080731177e-02
3.579287388956114424e-01
3.451336768025112800e-01
1.440360815960057272e-01
1.933205574946723349e-01
4.039231062191769306e-01
3.562976353040666622e-01
2.442636385009524513e-01
2.649284581183581899e-01
4.130757200033726151e-01
2.478694507225368826e-01
3.790373593128517626e-01
4.474975800573736118e-01
4.541885096144088196e-01
3.622064097368858926e-01
5.348097437134047283e-01
1.560799028926485310e-01
1.861357768383191391e-01
1.868350510333474934e-01
3.053413847599718012e-01
1.557950580729125789e-01
3.086875061733855286e-01
3.832356963935760197e-01
2.268192276799059492e-01
1.687263952359552011e-01
2.749853975268629069e-01
4.158688225778278680e-01
1.201458484028016666e-01
3.339596202599497410e-01
4.150581324341321987e-01
2.485117940434625750e-01
5.387965369135045979e-01
4.118026278604064450e-01
7.318869284938431252e-02
4.063284060245795359e-01
4.174067361672290088e-02
3.865196676076270155e-01
4.118073018743574343e-01
3.923887443729547897e-01
3.301900085071645119e-01
3.610897544940592230e-01
2.309082525705058175e-01
3.064721053625137359e-01
2.453413640088381587e-01
4.106610155539539009e-01
4.215241012117593722e-01
4.322795243887800898e-01
3.822136896013186291e-01
4.230772021749407141e-01
3.060528882846276222e-01
1.071147040373629789e-01
2.077850708149225067e-01
4.802637289243036345e-01
2.251560026952964255e-01
3.661369030348501918e-01
4.269512811767592897e-01
2.915666430068908355e-01
1.424449395001402829e-01
2.763427483062038670e-01
5.464250122274445509e-01
2.816026015965411577e-01
4.081596909807836959e-01
2.662833391156664842e-01
2.172060361219952385e-01
2.212137308960755999e-01
2.960605504142330147e-01
2.627599963035767150e-01
3.894062098895044455e-02
3.774922054140040228e-01
3.969300179542012974e-01
4.024160637408092378e-01
4.420966839107586810e-01
2.199261336590016269e-01
4.557693673692658765e-01
4.253428632202955195e-01
4.828641702514196304e-02
1.133320556696102988e-01
4.512925634639008421e-01
2.844462284618744508e-01
3.127377513492995420e-01
2.264734196905646979e-01
1.927258727276626171e-01
3.906362746907024452e-01
3.606406159761430530e-01
4.256886873086124234e-01
4.644218490263323229e-01
3.551373467750844060e-01
3.334571196125150627e-01
4.631121296805645882e-01
1.567549795803624968e-01
3.882342465249475350e-01
3.970893891831048239e-01
4.609249196075984600e-01
5.660784750281014910e-01
-3.965753402616949141e-03
2.769563725482267480e-01
2.908217068058173149e-01
7.349344799431435649e-02
2.991970030627676413e-01
3.646254142932467968e-01
4.527706163964250186e-01
4.026648009646314752e-01
3.695385183435639931e-01
2.970255704008948894e-01
-9.748109882009458119e-03
2.651499778921227457e-01
1.861545217719409173e-01
1.580451600391586386e-01
1.363078289799902754e-01
3.989865777858081497e-01
7.915641326675240674e-02
1.808255768437428412e-01
4.099395138185379373e-01
3.758829792931100977e-01
3.668630169608311231e-01
3.577730889158929894e-01
4.049210303337983374e-01
4.023842573928734234e-01
1.563490049965545262e-02
2.841396086157427225e-01
3.046975747725705341e-01
4.085451270551880287e-01
2.966166258802308553e-01
2.970652792712818457e-01
4.416463374717596313e-01
1.726199759892215746e-01
2.692771139283168247e-01
4.925256929181829335e-01
3.858951623666824204e-01
3.465115273868081269e-01
3.335767320144163994e-01
3.782713619795219917e-01
3.955470696582983336e-01
4.241378313641873121e-01
2.444039478113447239e-01
1.233182602451909221e-01
2.160578089621931208e-01
3.130329761080850037e-01
1.135449103512407715e-01
3.328111324461134335e-01
2.146750080517902115e-01
4.047212821270169680e-01
3.962789704814166369e-01
3.765410376830906070e-01
2.168141986145862843e-01
4.110805105466315834e-01
3.925759434281896332e-01
1.965992084381140981e-01
3.471974625846684370e-01
1.446493351725984811e-01
2.512841487725582801e-01
3.305224570436804954e-01
4.028529333455340145e-01
3.337970822629476864e-01
1.093001922667905385e-01
3.102830131455258100e-01
3.366974814399207871e-01
3.776309484610682610e-01
2.635755100769294201e-01
1.457402814041207639e-01
2.182478150548432527e-01
4.129780780561543851e-01
2.437220439754124168e-01
5.296862421291133050e-01
2.992257262908909476e-01
1.300055942536772480e-01
4.083020812756846807e-01
1.830748887154141635e-01
2.838834082719242646e-01
2.979097517047176735e-01
2.076778919672835344e-01
2.690867486028898359e-01
4.452345146814025711e-01
1.899049302111520121e-01
4.046585179674913046e-01
4.145550032627705606e-01
3.613857219633209161e-01
2.880119497165392062e-01
3.347228351882254316e-01
1.058805905019692128e-01
4.305112200361909114e-01
4.950655581979697406e-02
4.071704675326759948e-01
4.510985569484990965e-01
3.375871190595144261e-02
4.211896629165347017e-01
1.433176499518497848e-01
3.025533447324785796e-01
2.648724323552235638e-01
3.824846254039691584e-01
1.759219265486534067e-01
1.789177150428621077e-02
2.050488275249560399e-01
4.169902277653413369e-01
1.738906220836964889e-01
4.173110840850433045e-01
2.146503406608095688e-01
3.841780872990327445e-01
4.215047205345668901e-01
2.500263108239758059e-01
4.406437271237328424e-01
2.837091424200888778e-01
2.039515934297816968e-01
3.806721253798727167e-01
3.132844199514482342e-01
1.325714158046000235e-01
4.535315346481488818e-01
4.331780346108066726e-01
2.125393640508080606e-01
1.804330840914265821e-01
1.753934143287528280e-01
2.457779408445618097e-01
1.731810660371920774e-01
2.575675033836444250e-01
4.162170887313842993e-01
3.885494310261437545e-01
2.715376975932460857e-01
1.540121241755320614e-01
4.015563976916096123e-01
3.177323901764392278e-01
2.859655394385115512e-01
4.051764347741332872e-01
4.082351677918911181e-01
1.294378060360088234e-01
2.716736810559692294e-01
3.427439697471421631e-01
3.814703558292166785e-01
9.854864910887876917e-02
4.374513122781222285e-01
2.124235447003532118e-01
4.005529740133730310e-01
1.416971368515507201e-01
3.968902987107630342e-01
3.581068028401962478e-01
3.103807740923890113e-01
3.004205172483297992e-01
4.119908159653408175e-01
4.147005539359704951e-01
3.267039772236331463e-01
3.239782843797476830e-01
3.895463177733924365e-01
4.394488993212155581e-01
9.702197032502776763e-02
2.520170479396300900e-01
3.221198987066191122e-01
1.740241374448212586e-01
1.489079424149273578e-01
1.862082112749597618e-01
4.708888973896511176e-01
1.336504156677759125e-01
2.600229998989635471e-01
1.135374197634046178e-01
3.062735912169045616e-01
2.026869687671350451e-01
3.075118246222869334e-01
3.974547335283931115e-01
4.300061524319785944e-01
-8.381018925450438306e-02
2.921515469252448094e-01
1.024466230827827395e-01
4.875717866571211423e-01
8.961790267346558814e-02
4.363297288400945217e-01
4.578558871456694379e-01
3.073383303750622519e-01
3.971783873911151064e-01
4.355493187950521539e-01
2.617757378698158388e-01
1.882324066054841261e-01
3.374300131312756856e-01
3.921054971690945412e-01
4.549352269928745862e-01
1.344893087766115165e-02
-3.123246626883000032e-02
