4.863961576299680734e-01
2.628601375700913012e-01
2.370561670800443166e-01
3.763689315835293536e-01
4.184721398878873400e-01
4.514648669833752903e-01
2.569157343614083544e-01
4.122817278998231472e-01
5.344250465529398753e-01
4.231986846305382244e-01
1.156908474636462181e-01
3.321036551590982877e-01
6.482932562382562672e-03
1.679500585636988508e-01
5.710478016261170964e-02
1.805977835574427703e-01
3.021939666343853581e-01
4.418141620736327768e-01
4.055796047415909933e-01
1.807601927626393545e-01
4.802066612918920452e-01
4.296889710769065673e-01
3.401672158506935939e-01
4.281607450227845058e-01
2.066153686173694271e-01
2.382528703302444761e-01
2.884471395352620204e-01
3.844759466261445935e-01
2.986832370326207298e-01
2.438454758437354208e-01
3.401667775062898746e-01
3.496437227691025496e-01
4.201053685234765189e-01
3.640485141383250633e-01
4.591496852268677209e-01
4.212067250922753026e-01
5.339965868580995867e-01
3.486115781033217731e-01
1.352559889601314402e-01
3.856866673540549906e-01
2.667168567310879146e-01
3.112773287037919334e-01
6.971799384856708359e-02
3.783494713880760085e-01
2.635885913245176737e-01
2.109659127375946297e-01
1.548816485808270915e-01
4.116426298502485759e-01
4.168532010018601852e-01
4.079183319009210273e-01
2.050196781485441686e-03
1.178072650295228230e-01
5.130132993316233181e-01
4.204667034769595246e-01
1.793311858833788186e-01
1.991961927669347321e-01
3.861304646218656211e-01
4.828800932923740796e-01
4.183002883844982311e-01
3.614511435948702944e-01
9.305170107934000734e-02
4.030711308954660899e-01
3.420088236734188381e-01
3.367329981038455489e-01
2.706442768673689714e-01
4.394818946697885975e-01
4.049310928574768043e-01
1.751328597929024677e-01
3.587945047761614270e-01
2.805558410576507455e-01
1.621506613185436652e-01
4.385854833724630586e-01
2.373234246246210544e-01
2.160844431666929244e-01
2.515795044807439540e-01
2.366711046429494092e-01
4.143230629965121703e-01
2.163749903172651756e-01
2.641541812851453952e-01
4.256239719988751946e-01
4.106097099648486903e-01
2.885635917818850094e-01
1.556464737386089314e-01
8.740331685767825654e-02
3.451452831681673383e-01
3.585777945973154246e-01
1.709889610717061637e-01
2.850648244659140795e-01
4.367273559468207722e-01
4.062500107762226920e-01
5.984631295801378092e-01
3.930554228723323051e-01
3.969602367481211980e-01
3.971291255213316718e-01
3.823241636769240115e-01
1.817042470698634338e-01
1.719038107582401831e-01
5.573334810636750847e-01
4.631000897213624068e-01
3.777797561064212273e-01
3.321083895027158173e-01
1.149967785487664429e-01
1.405349738706984930e-01
3.175134929849401377e-01
4.433651943184385713e-01
1.863551749237215005e-01
3.879733206338590312e-01
4.268186042901206956e-01
5.961039638350076192e-02
2.625531676127306202e-01
4.056104760211865501e-01
4.207337263986744569e-01
3.677843543271052118e-01
2.998969306770462029e-01
4.079200422096265766e-01
4.251945411167298294e-01
3.938920425739634856e-01
4.498795483185340505e-01
2.846108387455817401e-01
3.523490004521310781e-01
8.839915386769059413e-02
4.294763882522056875e-01
5.244340807260464699e-01
2.062884585019189587e-01
3.023428764335479579e-01
1.356069537667253522e-01
3.528697413220013290e-01
4.606832973011849020e-01
4.707363595120506727e-01
2.188984317296190363e-01
1.532152122395578353e-01
4.417355534308637366e-01
3.665146611011266820e-01
4.420148646841222106e-01
2.673471236626551173e-01
4.934225465224177931e-01
3.008376919138985861e-01
4.718687133307805093e-01
4.371395012591917095e-01
3.791305824024359117e-01
2.560841661698126104e-01
1.975862698051976674e-01
2.869298429377710180e-01
2.008888687788824567e-01
6.820328448716909964e-02
4.079079246600003650e-01
2.650868227463593074e-01
1.113960126040130644e-01
1.128313754511942324e-01
3.958523745127112692e-01
3.263879314272377652e-01
4.159838890107240283e-01
4.131997652665272414e-01
3.052409071524539441e-01
3.949040499106945545e-01
4.488680978901835039e-01
1.232753453810117861e-01
2.012909242657038578e-01
4.629311709700335564e-01
1.270363272270530475e-01
3.802062163764196590e-01
1.929970769589492430e-01
4.136090601473734196e-01
2.185990632687594692e-01
1.661826462105407687e-01
5.136587739863041069e-01
4.008585221988243963e-01
4.869039519774409075e-01
3.247946438524168533e-01
1.571624327051965864e-01
3.302821376340079329e-01
3.914934574314104521e-01
4.706340019756917181e-01
1.028122477234779258e-01
3.442409003883453167e-01
3.291828133949205037e-01
5.167157810190826234e-02
1.333802207084523461e-01
4.153747368815807195e-01
3.051497070360888464e-01
3.037721689710829454e-01
3.557270601379476371e-01
3.529746048630882371e-01
1.128360399219379556e-01
1.325736465085453342e-01
3.964421422303636144e-01
-1.097827388329072375e-02
4.574294230391927063e-01
4.012864371217542137e-01
4.442769759883228309e-01
2.463845375517605685e-01
3.315520103967590781e-01
2.598693951737784946e-01
4.443610473288826523e-01
3.774298469860086214e-01
2.485438295943408760e-01
3.988676023722437236e-01
3.044032098152647525e-01
8.069494507186078525e-02
5.621058964351797194e-01
1.082524291880473249e-01
3.758127875101699433e-01
3.961380716653299938e-01
4.146130052166627222e-01
1.939321686178749338e-01
3.435505050481066358e-01
2.614226374594113556e-01
4.562861519573537250e-01
4.026733719265111477e-01
3.706569523779811304e-01
3.977154004251356456e-01
3.802135637331628959e-01
3.530783603340845178e-01
2.926571270411778558e-01
3.365944318965606308e-01
2.567516977489325836e-01
3.002522855249375455e-01
1.782487420997320715e-01
2.493733021806120165e-01
2.252734490121757749e-01
3.959786862460922818e-01
3.829568263891756086e-01
3.019198447282686049e-01
4.419453400128600107e-01
4.940022712177281616e-01
3.994546779096425637e-01
2.566335146705220338e-01
-2.837984665260330150e-02
3.987416503762833409e-01
3.134258153462487484e-01
3.640568635110819629e-01
1.630645878864925291e-01
5.754143473735338077e-01
3.029156356663734173e-01
3.128477179752331416e-01
1.495490124230545448e-01
1.386925667628750303e-01
4.599715220855682407e-01
1.336510149811903081e-01
5.705786063907264394e-01
1.941405168310797458e-01
5.369852378398004555e-01
4.020325217440880450e-01
4.067263788443609140e-01
2.434156354075904249e-01
3.221292888076172645e-01
4.098598697792759649e-01
1.571001327397185399e-01
3.421942396011277698e-01
1.188814855300383000e-01
1.697728603633097064e-02
4.149396186628447891e-01
2.280872201818783807e-01
3.874995370737013278e-01
4.192794053064436977e-01
3.960487178691196597e-01
3.982481704662346189e-01
4.795190337099589084e-01
4.159948402144571511e-01
1.351380489638060178e-01
