1.059389073246484042e-01
3.948908875043525835e-01
1.051253840672371487e-01
2.051630987182439803e-01
2.348259906666317343e-01
2.465046380679658811e-01
2.942343345815054967e-01
4.061319492284816146e-01
4.189856474215947757e-01
3.036891360974392495e-01
4.241643988647804120e-01
4.473865001125853502e-01
1.615877358473088721e-01
2.173634356412993962e-01
4.688301558149012838e-01
2.400732562799098579e-01
9.409783085891088028e-02
3.737199535951752916e-01
1.653740545766240744e-01
1.859613657845110291e-01
3.502889627438697806e-01
1.337296470929880687e-01
4.091621580977175543e-01
1.880618155523098578e-01
4.290448187788109546e-01
4.247075807109427226e-01
1.742264518615205815e-01
3.244393504129894912e-01
1.363495239992640329e-01
2.833585897140787346e-01
4.218652317847888522e-01
3.663050642214933372e-01
4.261018715858059802e-01
1.305459833684128601e-01
2.403726987213716249e-01
1.603283575991459042e-01
4.348344197142773315e-01
3.181681496364631156e-01
4.307620713060297812e-02
2.158024758884514449e-01
3.663738875162956404e-02
1.617051578912480914e-01
2.051778430304753709e-01
2.006878784614410105e-01
1.344561289459136055e-01
3.218223883289544895e-01
6.081334899777287445e-02
1.350720009866704652e-01
2.285879777417652581e-01
4.276347257634998678e-01
5.673007203016322379e-03
3.610135741618635818e-01
1.301862431004185416e-01
4.018032315849869307e-01
1.586634940614135569e-01
2.714698859691750399e-01
1.324752783076969254e-01
3.067921165897227742e-01
1.829896316935936129e-01
4.205386181407434476e-01
1.689909920669297183e-01
4.113532453683226842e-01
2.559335952717001206e-01
3.546250153794304749e-01
1.854398066676047341e-01
4.002464571508950186e-01
2.257255353853149793e-01
3.863987934277602898e-01
1.921202473529916854e-01
3.863065602592119507e-01
3.807330405015041941e-01
1.223795708230699109e-01
2.068483334921472905e-01
3.177984295854344166e-01
3.199309399031652346e-01
4.561441423119447780e-01
2.397949229356937662e-01
1.963203836394714630e-01
4.319098768038880376e-01
2.180963153692729861e-01
4.132239496623046904e-01
3.685358120655583547e-01
3.659725812879391360e-01
1.500923154264565407e-01
1.335653005078055178e-01
1.822319659328646424e-01
1.838719431096890178e-01
1.621194761919066973e-01
3.662156229597141044e-01
1.530583912045810069e-01
3.572780223439107616e-01
3.176353640150409996e-01
3.084905916975162476e-01
9.517410815397936430e-02
3.112791019146807781e-01
-2.875359051397868501e-02
4.123634860499333366e-01
9.871315300657144964e-02
2.259189783535833218e-01
4.048281330202646577e-01
2.131476712326811351e-01
2.384023130812255031e-01
7.062455906133995043e-02
3.634842860971004286e-01
3.779921842481804295e-01
1.676492029392142313e-01
3.594499144282274905e-01
1.120672595611710426e-01
2.345358209862113408e-01
2.715633445114651323e-01
2.098168359833952890e-01
4.151042361661957392e-01
3.468874309382193322e-01
1.024496572158602875e-01
1.069078694857428374e-01
3.512552424338867829e-01
4.092629798415867715e-01
1.698328826478861520e-01
2.471723187130202004e-01
2.890425671164784660e-01
3.380767620115835981e-01
3.616555324973617092e-01
2.958327348051265071e-01
3.010833866802695713e-01
3.051369839518106898e-03
1.904366448305825077e-01
4.098598697792759649e-01
3.145673688997385198e-01
3.837432723675719970e-01
4.442675639872200460e-02
1.917099348083838306e-01
4.166022566416652806e-01
1.365681300243984375e-01
1.132672133107401752e-01
4.082220662961066893e-01
4.146942487804418653e-01
1.066920126511521211e-01
4.186147492616327237e-01
2.021029339445148398e-01
4.063365215680129761e-01
4.277305796456196685e-01
1.274046314032521443e-01
3.421970744523293861e-01
3.443450799511727500e-01
1.230454270299213004e-01
3.893454357506070385e-01
2.073718399004901292e-01
1.818364750938242513e-01
2.588053579392591286e-01
4.107490608519755448e-01
3.564693339501711633e-01
4.259922042846419621e-01
6.669700119427637679e-03
9.967638038992496230e-02
2.890440851295581481e-01
3.384446699112887424e-01
3.766376463914106187e-01
3.795994073950982317e-01
1.922261338584694279e-01
2.760287233721116507e-01
3.639419227995681072e-01
2.922072052334086512e-01
4.426893670367293976e-01
1.487421730464629777e-01
-1.643196213950666104e-02
2.217275476296974301e-01
2.240630429040991189e-01
2.778957863672018025e-01
-1.081657850999539691e-02
1.864421532081897703e-01
2.198097378158453130e-01
4.098814022422391234e-01
2.084564828280734694e-01
1.046678450374209507e-01
4.315660287403598194e-01
3.553111250312683267e-01
4.125166495470064532e-01
1.530731849184694404e-01
2.607668460998018856e-01
1.665965993382999000e-01
2.623771576023298940e-02
2.488833199804919016e-01
3.438020345106356235e-01
2.862061695003257911e-01
4.097088775693100704e-01
2.914096261287046352e-01
4.392137814573930932e-01
2.705922725287792097e-01
4.507158923459527178e-01
2.189232365998356744e-01
1.953216054856003470e-01
3.874030126775426797e-01
3.777645711210361190e-01
1.329830020717419070e-01
3.184233396450806830e-01
1.598309358258561685e-01
3.614165558999316019e-01
4.320397856625217137e-01
2.739790318230582167e-01
3.750844316643819204e-02
2.795637887902707175e-01
3.932213144353414735e-01
2.287474500456810611e-01
4.173292918605743251e-01
3.291120964451369479e-01
3.749178903256568107e-01
2.046754440389438878e-01
4.318819191899382903e-01
4.523397086407215939e-01
5.353251150354852994e-01
1.719939598511104895e-01
3.453129997243377103e-01
4.380060161777792338e-01
2.097246260297358222e-01
4.396132470422472460e-01
4.801609514116216698e-02
2.144505068971007122e-01
3.069556154502505602e-02
3.485184037048405514e-01
4.972842437522463355e-01
3.276535529816106962e-01
1.737917785222106715e-01
2.474245199291676411e-01
1.507517194294034635e-01
2.049661882204399099e-01
2.478119763835282263e-01
2.412290673850102096e-01
9.383517607060889998e-02
2.654390454513974595e-01
4.351480890861021411e-01
3.490458033268136195e-01
3.878955383913444410e-01
3.139574444346844295e-01
1.769288289074558707e-01
2.229099558193333441e-01
3.775087446219880793e-01
3.017565622988638285e-01
4.140579088007428910e-01
2.443824233200714846e-01
3.470046673304720830e-01
2.045241608026495128e-01
2.730436579963898547e-01
2.302281843134335870e-01
5.782191384759915315e-02
6.194665016653583267e-02
9.613102344223291296e-02
2.471444303651207930e-01
4.053177197166831225e-01
4.122616742190595152e-01
1.942708362135933675e-01
4.253065970411728514e-01
1.826322828132964371e-01
4.194287841749880230e-01
1.488557205171452125e-01
4.798644622530820469e-01
3.944185259650574427e-01
3.824071012429719474e-01
3.104530643851081684e-01
4.407378088737611277e-01
3.063783931420664963e-01
1.959595775197054968e-01
9.425219599618424315e-02
2.068029835074865486e-01
1.673075464939738910e-01
3.818496751641969889e-01
3.112875077375830690e-01
6.821391683886353363e-02
2.553099260986937957e-01
5.790731283422240194e-01
3.116131617439406587e-01
4.103306937004243538e-01
2.185200658103136212e-02
4.489083811786616085e-01
1.877136362834314898e-01
1.441569944466078723e-01
2.122937794047501381e-01
3.185369719206441741e-01
2.266708171149584006e-01
2.684247701745682835e-01
4.613662106217278347e-01
4.457213889493713554e-01
6.202971194468707983e-02
