4.207150593044299836e-01
3.027877041602790587e-01
1.669514307464608494e-01
4.769410064384735359e-01
4.096584614693575821e-01
1.297086386267984615e-01
4.288903310165111393e-01
1.538056936490752036e-01
2.229950346736239986e-01
4.237566435107223972e-01
2.510949878828689363e-01
1.712992453175150864e-01
3.200522355193619606e-01
4.110385961165757829e-01
3.911889560943007105e-01
4.279518604813330462e-01
4.291694251825510786e-01
3.425151553376678537e-01
4.436500934099791849e-01
2.225943919134111826e-01
4.328266906484400378e-01
3.872728999469579048e-01
2.346162895585785224e-01
1.932146829960015022e-01
2.123985761848785903e-01
2.786637367178924074e-01
1.684411133373278635e-01
1.712702879903690578e-01
1.766542139909548781e-01
3.956790746824013771e-01
2.603011352631217079e-01
4.331148287045165080e-01
3.554942755053099313e-01
2.578222165638378582e-01
2.937491638797588567e-01
2.709342434019518797e-01
2.733599133284224103e-01
2.671342282356789499e-01
1.926176111564839866e-01
3.581344945720940087e-01
3.972049594143585716e-01
1.732691075438634598e-01
3.213868036418793955e-02
3.634700969246443258e-01
3.567122943802080171e-01
3.497214554284317489e-01
3.267746460839506817e-01
2.271566062787722384e-01
1.267246486771747283e-01
1.863176144367444109e-01
2.304366508779676914e-01
3.115240750486159005e-01
3.114678042325163543e-01
2.613087153167078375e-02
3.929476345041963414e-01
2.163828539459602684e-01
3.355151697819006573e-01
3.216355958765861889e-01
4.150912891043996855e-01
2.351854942371539858e-01
2.858792896534391170e-01
4.113429743878044276e-01
4.173947924517905084e-01
9.286564886866167934e-02
5.520367252490073762e-01
3.564319656550893334e-01
1.723093951311960026e-01
4.684576597901103368e-01
3.324782715393143628e-01
2.204792506477718794e-01
2.995963012265731029e-01
4.170777096821984276e-01
3.953918233147537542e-01
4.262502217381025083e-01
2.098436029370196187e-01
1.236532981027832628e-01
8.337890621736292196e-02
6.744193479949378567e-02
4.888293623749656591e-01
4.314240493012764244e-01
3.028963307539478955e-01
4.190791376587432171e-01
1.527132091925826607e-01
2.740119587717306793e-01
4.024160637408092378e-01
1.301803882183026617e-01
3.161640736896096371e-01
3.919423443405932739e-01
1.957190206501415453e-01
3.566505559909836087e-01
5.008342294199605860e-01
2.643766675524092946e-01
4.210119005995368591e-01
4.225199440981052823e-01
3.408691630358304248e-01
4.654391075335911343e-01
2.147982888625530329e-01
1.649584651622538201e-01
3.500069113453684322e-01
4.672545649146255808e-01
4.128248009534229990e-01
2.688823446387278993e-01
3.719664303635901725e-01
4.182244964815832189e-01
4.113323817597100973e-01
2.355264483023417621e-01
1.880095039224470577e-01
2.766375002198169231e-01
1.796113803319410868e-02
2.950402948005034776e-01
2.056753415435989552e-01
1.148311704605043532e-01
-4.745128725155397381e-02
4.467604287068567270e-01
3.824323009115226935e-01
4.118041165177508955e-01
2.624229174599616576e-01
3.852332046014791400e-01
4.595482943711107215e-01
2.736799930800086211e-01
8.354505262549753730e-02
3.548382462293949158e-01
4.863790911390381000e-01
3.022800498075071118e-01
4.271741601262548649e-01
2.785200445635556132e-01
2.100686271165174424e-01
4.193141472694019156e-01
1.466940871679596192e-01
4.119487568519649145e-01
4.169352755715285408e-01
1.975518662941586623e-01
4.271712878698300520e-01
3.009614925390103335e-01
4.604886937959322690e-01
5.583886215395181818e-01
4.390975637402744214e-01
1.366212439216117069e-01
3.178953429295262034e-01
1.700922521663510434e-01
4.591194238826911689e-01
4.315702204489155203e-01
2.488443200459259930e-01
1.539196921296568099e-01
1.470642316220110157e-01
1.249093324941151634e-01
3.547018701466784218e-01
4.095928132488746432e-01
2.564017011214588804e-01
4.380708178742880876e-01
4.040790600463153859e-01
3.975618724605305410e-01
1.043734494018158515e-01
4.009589238756063878e-01
1.895180189384373937e-01
3.490311915977379886e-01
4.347841151453729069e-01
8.982768718085162862e-02
1.077936516988851207e-01
3.273349311909166948e-02
2.435044366365422264e-01
4.072929467762693156e-01
4.262132888622239268e-01
4.544199529700155837e-01
3.940940930172522338e-01
3.291038967555109385e-01
3.517076997473420619e-01
3.110983548143971267e-01
4.154693039244430341e-01
4.365251997813927032e-01
4.696507133029413916e-01
2.021721856800500483e-01
1.939999313641280754e-01
4.090868069250079841e-01
3.839498873891200592e-01
4.446822691949139927e-01
5.629679478712663609e-01
3.797669076109098096e-01
3.866126435903821101e-01
3.645023819170636892e-01
1.461355931628027516e-01
3.077275994993989849e-01
2.114251755610830896e-01
1.378156931492471038e-01
3.372026693300364530e-01
1.858654293536486368e-01
8.997834396782927735e-02
3.825210065372467994e-01
3.015120107049892306e-01
2.350872144717547907e-01
3.980065686569705385e-01
3.557000196677054804e-01
3.740109029141346353e-01
1.504742042077468200e-01
4.054483777585770055e-01
1.443838245328523950e-01
3.295957485944052134e-01
4.154700208267674832e-01
2.542963279508086982e-01
3.440994502238337027e-01
3.293169270529006654e-01
3.220317422924714457e-01
3.932789746594301805e-01
3.884235627614537889e-01
2.662130496600748630e-01
3.473565909182017020e-01
3.353552468933805875e-01
3.702949264755480696e-01
4.073023324790936983e-01
1.979993257314404120e-01
-7.361434164180519907e-03
4.180782720579523937e-01
2.134216139754550878e-01
2.492751288842117996e-01
2.262794446470007548e-01
3.982436935402592360e-01
4.283942366826017922e-01
4.022966946492002593e-01
5.568989244834310348e-01
2.951279356739993642e-01
4.684210129614955753e-01
1.953154022349281316e-01
3.953548130351660639e-01
3.892225731812743450e-01
3.165026570561512154e-01
2.153561776209101108e-01
4.227269922775313549e-01
2.279906641686592350e-01
4.138770441945336387e-01
4.231458074696959476e-02
2.761243843906810783e-02
4.744109917894521189e-01
4.681379326470651303e-02
2.852502473228213375e-01
1.660270642365469229e-01
1.448156083549800854e-01
4.126912038526536208e-01
3.759640385277668306e-01
3.990272298570076703e-01
4.891650894258690180e-02
3.404777545318923848e-01
5.677332246748051370e-01
3.968354602055929603e-01
2.318928047638942336e-01
2.837520831390984988e-01
3.934457997970602916e-01
1.314019876889960803e-01
2.031597175116907628e-01
4.650619166242698777e-01
-7.044159196209999474e-02
2.654039128185795571e-01
3.027366623578695015e-01
4.937822176384653594e-01
4.318649252273832895e-01
3.146539222625315824e-01
2.643123625175987645e-01
3.358342048219938869e-01
3.316059001411610363e-01
3.073097319140005168e-01
2.000958893340973876e-01
3.851569886482251737e-01
3.653711083701975948e-01
3.547010990555337639e-01
4.270923735124917964e-01
4.429593845338905544e-01
3.469242150023033600e-01
1.036144560305510970e-01
3.957939553132018839e-01
-9.265310902988557751e-02
4.688441649111860787e-01
1.787378611789959826e-01
3.255179592951141232e-01
2.238523377417276083e-01
4.433843378261851931e-01
3.231713219787671898e-01
1.685950936499559516e-01
3.725344325773078391e-01
3.742638632976042490e-01
2.133950583831248915e-01
3.780176140117560979e-01
4.349637110029262455e-01
3.682060277020572370e-01
5.722965933610995454e-02
3.863285492816569411e-01
2.578166035812792800e-01
4.547878573013910963e-01
4.410723270829733367e-01
4.144361075142404260e-01
4.798644622530820469e-01
4.363701314601552972e-01
3.679488481421919754e-01
2.650286543257391880e-01
6.918834003806047239e-02
5.165580051576960097e-01
4.327732982296116360e-01
1.889793913597213604e-01
3.823704531903371340e-01
2.521668172705731070e-01
4.686628205720983487e-01
4.208348237337717901e-01
1.190869836436559831e-01
2.636273226385459911e-01
4.316346827391844276e-01
3.559379724864601968e-01
9.358475370829023865e-02
3.584715867087743812e-01
2.406476038343570156e-01
4.043344021653578202e-01
2.435575960921969874e-01
1.486904536348474803e-01
4.064853145251252631e-01
3.947270747008326253e-01
3.150082301376047056e-01
2.005571897568073358e-01
4.073992820043886298e-01
2.319831044164182843e-01
3.211645889177602853e-01
3.583115316260879757e-01
3.938866627775990947e-01
2.858635012884034876e-01
4.503994244908443023e-01
3.545431556564015430e-01
2.066594441274499094e-01
3.887293210219409656e-01
3.843468764909503399e-01
3.841987586120195197e-01
2.675600976758682470e-01
4.105456917864000466e-01
1.274423305312469556e-01
5.386261163518022421e-01
4.365980949474818074e-01
2.027054188000936563e-01
4.846331189701784670e-01
2.097010377109807533e-01
2.201601040558845146e-01
3.826540892798922511e-01
4.334327555085503159e-01
1.365866611642454764e-01
7.014106582721826855e-02
4.788260264146458334e-01
3.550931530952030069e-01
3.264725564397860658e-01
1.877718754067695950e-01
3.182815356972799048e-01
2.991265383648466503e-01
3.892367194507901362e-01
3.860559987683421235e-01
1.662080630907866730e-01
4.391999245130253637e-01
4.410053540163728636e-01
2.308381588751391711e-01
4.583154565550633941e-01
3.039501438111567033e-01
1.780478960921809128e-01
3.748508940234213105e-01
4.142659256571956106e-01
3.642586787765506040e-01
8.235027303692293854e-02
2.019229351146629159e-01
3.891761565979822701e-01
4.323511974434520733e-01
3.221323276552466308e-01
4.154762760256808241e-01
1.742208387129931813e-01
3.849073714162191684e-01
4.199802555828932027e-01
1.729677697125275859e-01
3.758602993839533779e-01
3.254251557539645789e-01
1.981295460876194015e-01
3.003462710960337345e-01
3.298903850767029300e-01
3.161571800916244124e-01
3.316952904505121036e-01
1.327344065074953505e-01
4.338303454382605451e-01
4.260924318601301830e-01
4.699256656340564664e-01
4.251992298189214980e-01
3.298327485031712913e-01
1.905674912470887994e-01
5.121900714882297034e-01
2.789029774547019391e-01
3.523556345578638949e-01
4.154206364927399697e-01
2.886987606073939672e-01
1.309375586450838846e-01
2.575585381628293091e-01
3.955154999611558697e-01
2.833317470371795599e-01
2.343405192760592837e-01
3.371674478831528932e-01
1.474126648231862680e-01
2.465792470281057414e-01
1.398056153372417565e-01
3.732698846767918965e-01
1.895377401836516040e-01
1.076516154154803645e-01
5.246447755931644696e-01
1.516852591398119565e-01
1.012859162864376827e-01
4.104952881341091264e-01
3.093454051503130020e-01
7.982361730640315234e-02
3.966187234717354904e-01
4.277305886909203991e-01
4.591194238826911689e-01
4.501861760481848385e-01
4.634934083604670407e-01
3.420378905192409391e-01
5.435813082488475390e-01
2.721878381916439937e-01
3.851635870706613951e-01
2.084685026220638171e-01
1.622754414916398880e-01
4.071585824016381583e-01
3.369126471544061641e-01
1.860155265352524123e-01
4.166274071419526770e-01
2.968122320031341688e-01
1.987941316631060551e-01
2.294503207020868185e-01
1.198307340804843080e-01
4.184094103950992682e-01
2.226503952707549194e-01
3.609294894400675302e-01
3.772115438591599479e-01
3.950572903343164133e-01
4.088070606674683583e-01
3.508877770070597535e-01
1.994600515760522608e-01
4.824891670964245524e-03
4.633732426185148690e-01
1.765041802509331181e-01
4.365497639138337660e-01
6.182151936692934502e-01
5.516738723861751570e-01
2.361708531219992580e-01
5.420991682096173436e-01
4.128791758246901922e-01
2.708616310467346078e-01
3.841004244088468966e-01
4.372709958669303565e-01
3.045607765481565532e-01
4.365273440985664166e-01
1.791884948529732513e-01
3.357379226651099891e-02
1.155594382468662362e-01
2.700890587340646909e-01
-8.098915362948490293e-02
3.447111911346547042e-01
3.156349928034748453e-01
4.953290760241435553e-02
1.535493693835988938e-01
3.499725714833724632e-01
1.877588232037251115e-01
4.988501836485365049e-01
3.974547335283931115e-01
2.857603699224143257e-01
3.857714720278525578e-01
1.582023356665225866e-01
4.156954551982076640e-01
2.325935238004981087e-01
5.547342215253323605e-01
4.314070636371625245e-01
3.938840329186381051e-01
3.494372047770767375e-01
4.229385329010176275e-01
4.611332831729192394e-01
5.582959493004525653e-01
4.102538460698357259e-01
3.891562286386008873e-01
4.137058610475887188e-01
4.930135669823323963e-01
4.384180700413295440e-01
4.192156817848914918e-01
2.843075830874616794e-01
3.794462843114331796e-01
1.774443006821656843e-01
2.049881101551753737e-01
1.651397822824548778e-01
5.688622065257348259e-01
4.986434167032784970e-01
3.286525127624243536e-01
1.321338780923843048e-01
4.494548909486481558e-01
3.470482397683085085e-01
4.909075218869084489e-01
3.235992651993810365e-01
5.318050339619657674e-01
4.283241834006432103e-01
2.908047692104233084e-01
4.053583899614685571e-01
3.503924008202410900e-01
3.728119026554450044e-01
2.923574039879311415e-01
1.085439008108879388e-01
4.322781464326396206e-01
4.870747277331674008e-01
2.801969165264140416e-01
1.960859422230731564e-01
4.082183397981576367e-01
1.300983970790862421e-01
3.625807998808521782e-01
2.513535373493868130e-01
4.108197320358565885e-01
4.650855029513991101e-01
3.665133221061670499e-01
4.551012444432349091e-01
2.976005980125881467e-01
4.118689562418659800e-01
4.204580773304467112e-01
2.275171786055205092e-01
1.394667865857976141e-01
3.752370476225331264e-01
4.502594265535207474e-01
2.755704633892944733e-01
4.012408732032825553e-01
1.913823643029926302e-01
2.271040542430715348e-01
2.878217721433415366e-01
3.602786847796687897e-01
2.273572434975459633e-01
4.114317111949208350e-01
1.700126492873567929e-01
3.258595931685947522e-01
3.244062872661528374e-01
3.838584373859481036e-01
1.282001459958529155e-01
1.809969777002893854e-01
3.076593295524273630e-01
3.381100371213513478e-01
3.277712617211294699e-01
2.952600018783592684e-01
4.312469859619703083e-01
4.074925217945854494e-01
3.636508049392704889e-01
2.354347380808038404e-01
2.427113940146879423e-01
1.510447240232638266e-01
3.933925452153381741e-01
2.560736127103601656e-01
4.114004317150088408e-01
3.667299284715152541e-01
7.735672033568370687e-02
3.119824194421383923e-01
2.246256718564747512e-01
1.129753056878054912e-01
4.317219455771971193e-01
4.633959612606453060e-01
4.205054785237722914e-01
4.205374661926456481e-01
4.520261682266711323e-01
4.387049411744071703e-01
4.962085402373263565e-01
1.261058893338821152e-01
1.530242573098925252e-01
4.114953859631317323e-01
2.011719505118276519e-01
4.538285648157746044e-01
3.558736691943222841e-01
4.025644120674486959e-01
4.132633146452934780e-01
4.218161307387934822e-01
2.557980809250374743e-01
4.349465761328417668e-01
2.270991793238621437e-01
3.611849168878303873e-01
4.404272300903457893e-01
4.011367700068591002e-01
2.898749457545756747e-01
3.948259770152812709e-01
3.125966591795358296e-01
4.338425140232993193e-01
3.931222752795995312e-01
3.286390692878831676e-01
4.598392494159944666e-01
9.990677114533320913e-02
4.310054942730192629e-01
1.928016412211940381e-02
3.894813860403119610e-01
1.562735926565544387e-01
2.802145446765820780e-01
4.324620611308658824e-01
4.389044221713859217e-01
8.097150505996530967e-02
4.540062114525038606e-01
3.811281165922394271e-02
2.657776261416917585e-01
2.585286458407297094e-01
4.382190701049799020e-01
3.891114085094027897e-01
2.841545927788537984e-01
3.376765658734693920e-01
3.623271139646794259e-01
3.147753938056790934e-01
3.450989035959224349e-01
4.043395746251719491e-01
3.232646874903463141e-01
4.236838552285543402e-01
3.629128718756043925e-01
1.714758280111141620e-01
4.188974596393398309e-01
5.449884563133899906e-01
1.458958804106649243e-01
2.224573692991505813e-01
1.169620218368799675e-01
2.413554311496167448e-01
2.595699561606101824e-01
4.561330865478541163e-01
3.171286165988941308e-01
1.738952985871797530e-01
4.339995820198825349e-01
3.766981329815449753e-01
4.346985668482706289e-01
2.274627541925600960e-01
2.593460880110058930e-01
4.370535344717060844e-01
4.127345554897191571e-01
4.267287898474462771e-01
1.633166289116080860e-01
4.167229475089686552e-01
4.285008252621271274e-01
3.090815468391019949e-01
2.661587241904646572e-01
3.439142456159267613e-01
1.481266805349086835e-01
1.974898251985499342e-01
6.234049920050176163e-02
4.038613923518459270e-01
3.705803092832189449e-01
4.466807066622486833e-01
1.696880455576342539e-01
4.276573950299058513e-01
4.008943722941115673e-01
4.783790091442371994e-01
3.828610080866219345e-01
1.301336849238714233e-01
4.515452490859864221e-01
3.208170618804177532e-01
4.593487149546208181e-01
3.830107684759946896e-01
2.643773048726838493e-01
8.930954424169035288e-02
3.222466124164857781e-01
2.408200097565943443e-01
1.468053923739308098e-01
1.045124755657569349e-01
4.061754472500477275e-01
1.046468854158451450e-01
3.764658369611177391e-01
4.688272736003472052e-01
1.369668971450269113e-01
3.246344347299179867e-01
1.589214719390899880e-02
9.469206579336257590e-02
1.647729008169262765e-01
3.686417189281493978e-01
1.906619457630901460e-01
4.131582582899281930e-01
1.715320155108653322e-01
3.366397781469228634e-01
3.386135670866707859e-01
3.493719458364646924e-01
2.135214560883554324e-01
1.253306633249791913e-01
2.582228700368194643e-02
1.596751029070042072e-01
3.968888400522830873e-01
4.317308291413520793e-01
2.997269307425758367e-01
1.156760801647330472e-01
1.855429746297190263e-01
1.874664594984689625e-01
2.517690366426870163e-01
3.324071902257292876e-01
5.457925173719097023e-01
4.220075001755904665e-01
2.356827148354859736e-01
2.669111112039089240e-01
7.924427641399248157e-02
2.401832477181823078e-01
3.643487292683814105e-01
2.034699702493562301e-01
4.346956814803089042e-01
2.109088738177891942e-01
6.130646701202833171e-01
4.726015904862373995e-01
9.550466981170986636e-02
4.164842319804948345e-01
4.078632982994013223e-01
1.628187929838703918e-01
3.855886286583690148e-01
1.224267911259396685e-01
4.918676631370780261e-01
4.053571749867108109e-01
4.144332085368354068e-01
4.429177953197405149e-01
4.892262444476522254e-01
3.885403663277662289e-01
5.679370038908307938e-01
5.589860963591140874e-02
3.623945353130667568e-01
4.084300907041407691e-01
3.678073943678584756e-01
2.879688610985635111e-01
2.726343360626257706e-01
5.534157917623826473e-01
1.556213964305718234e-01
3.209933324696480073e-01
2.613524563814601520e-01
1.349139224059331676e-01
2.565059851409133285e-01
4.229099007897773044e-01
2.179160919006211949e-01
5.619471670906933669e-01
4.214325709834083611e-01
4.252536571363363382e-01
3.236775439791174103e-01
3.115180112947381619e-01
4.076181073313879799e-01
3.646022240507101331e-01
8.428313008203833223e-02
4.149815096912967127e-01
5.427795490119131649e-01
1.206336986504252390e-01
2.887813173164887615e-01
8.876598155932102774e-02
2.386173426753446514e-01
4.077296729009479148e-01
2.308734579798716047e-01
1.883735395205934915e-01
3.551929641719337449e-01
3.965773342915075439e-01
4.413198130678503417e-01
3.060891628451757329e-01
3.899977492335620077e-01
4.324274426902030566e-01
4.188654288185729713e-01
5.051840407541265121e-02
1.183821839523840902e-01
3.359249297696230152e-01
2.853733914582596287e-01
1.738109221959260875e-01
2.484142881336262321e-01
4.738699004865653541e-01
8.917366664632923878e-02
1.917264783315572874e-01
4.988439060516119961e-02
3.753528268085332131e-01
1.514400618390507602e-01
1.981684047827182160e-01
3.394342730338216763e-01
3.574670141113710509e-01
5.066062816005939551e-01
4.117474741804443839e-01
3.909137498308886682e-01
3.979285209058337491e-01
2.837408699328344830e-01
4.499900511897299005e-01
2.629425325425695514e-01
4.566804350412800306e-01
2.537951378761729715e-01
1.740134419160576096e-01
2.191925887539240836e-01
6.111694721554047915e-02
5.435813082488475390e-01
1.946444245673695506e-01
4.423037904282254851e-01
3.510569908509532655e-01
7.931055929924876735e-02
3.720473424746664759e-02
3.131675233803574154e-01
3.225228805484176564e-01
3.896256688776844612e-01
3.143366362433714922e-01
4.105078065814236621e-01
2.382307807099475205e-01
4.479619862131479779e-01
2.575565998207428320e-02
3.977786535495554943e-01
3.475793153507244493e-01
4.344976097245935032e-01
4.090362885882614652e-01
5.615991654914384013e-01
3.832901410547326915e-01
4.437814476080948478e-01
2.511552150637353376e-01
2.537026589700382972e-01
2.588977223683991968e-01
1.761638972806750525e-01
3.957858330480311104e-01
3.967813750329036715e-01
1.343068875410456664e-01
4.255247894460714719e-01
1.869052406016412093e-01
2.309381423934754318e-01
4.270180237126666722e-01
4.219069740221922937e-01
4.177799106129172491e-01
2.741310438077016465e-01
4.663985417150889323e-01
3.377214386977683280e-01
4.033945667025917725e-01
4.633291692660290728e-01
4.664367508912048432e-01
1.027897388659378686e-01
4.317545320615784332e-01
2.559735185115660783e-01
3.741334674864483234e-01
4.566595206539878632e-02
2.291951415644270518e-01
3.529042550363378217e-01
3.941490137599732990e-01
8.795242488512487744e-02
3.916506509834071226e-01
8.718684432025199105e-02
4.565696543460567858e-02
1.988871881148069065e-01
6.286293498546932645e-02
2.181123043906138259e-01
4.928797459066384667e-01
1.389641406326597717e-01
3.731616699969918516e-01
1.081376297989849744e-01
4.311662244546332068e-01
1.684052708143681798e-01
4.144639381620417451e-01
1.836790731487768780e-01
4.012120169511487755e-01
5.414249954710896873e-01
2.363580727573680040e-01
2.199378586353132325e-01
4.238459111691143533e-01
4.387787693342262707e-01
3.367981512393339316e-01
4.015595333431473679e-03
1.500750209021456047e-02
4.801102467670932405e-01
1.821870314511485067e-01
3.332541677173521399e-02
3.099955330728421665e-01
1.626792131790599782e-01
3.645375941941698117e-01
2.451183034064674526e-01
4.110542870579131924e-01
1.990257714998648619e-01
3.991697328447384452e-01
4.079113396344714593e-01
1.511941211068863200e-01
4.305483035287749893e-01
7.312568029677117554e-02
2.873528319683171239e-01
4.138270446348308873e-01
4.397209389824978665e-01
3.976012493102900613e-01
2.760301928548706263e-01
3.106330883592365311e-01
2.958230140112514950e-01
2.368775404855950617e-01
3.368729343007675348e-01
2.876505288326988152e-01
4.057574279691463781e-01
3.519073152620506018e-01
1.645303423063233239e-01
4.108749192415206419e-01
1.857790113384295283e-01
6.117891847976754394e-02
4.225879396156306256e-01
2.944231560442087670e-01
1.933388679219194273e-01
2.529129984867610759e-01
3.943899450551985875e-01
2.380510266011229004e-01
4.188622678593831306e-01
4.859513837601195374e-01
4.591496852268677209e-01
2.788616842459449852e-01
1.342012850082214825e-01
5.351522102939549885e-01
-3.248869394641409891e-02
4.397209389824978665e-01
2.393074192102233599e-01
4.612343656538070436e-01
4.017243767274711330e-01
3.884996924939049801e-01
4.882773709245044613e-01
3.115061114132213205e-01
3.185276850522529846e-01
1.851554562689880223e-01
4.136976087458462681e-01
8.892505622268663534e-02
4.369874108335339846e-01
3.737369561881089819e-01
2.358433837175529790e-01
1.761372812756938355e-01
3.327941929213318883e-01
4.170932898393475141e-01
4.452367515261942965e-01
3.914542046433450162e-01
2.210077035078861496e-01
4.281366606232220318e-01
3.220332698695044793e-01
5.646210643017820496e-01
3.706901340887945873e-01
4.766730301503557254e-01
4.326087512630097942e-01
4.305601180193331379e-01
5.643886063865492103e-02
1.593033685961194879e-01
4.144353687040315815e-01
4.912724204399421812e-01
3.909612217269322620e-01
3.103262755743497747e-01
3.039682627933681935e-01
3.405328665536802579e-01
4.060161108745967140e-01
2.965099349809270923e-01
9.112594269446858825e-03
2.005213107414530460e-01
2.420418462463244380e-01
1.809045624846899181e-01
5.305112256399725779e-02
3.827593459596250192e-01
2.276630921695486365e-01
3.236418690639213391e-01
4.380958796642403508e-01
4.385498310290267265e-01
3.254783568937261728e-01
4.418144506934134075e-01
3.654774207776039230e-01
5.413736991140001287e-01
3.749958768342984694e-01
3.188242568139937894e-01
4.513497600540866683e-01
1.773588368631935641e-01
4.099971453300205182e-01
2.349175770131905483e-01
3.797858037006357490e-01
3.393942459182195392e-01
3.192603146652125967e-01
2.031895330636127317e-01
4.172391990674401696e-01
2.662922658317150026e-01
4.047275306041930309e-01
3.470181590811942107e-01
4.426708089840006299e-01
5.549780865684307285e-01
4.341017873628321699e-01
3.889498842707084791e-01
1.884296393888069132e-01
3.510560992871902819e-01
4.763735128154632514e-01
4.252866429002098991e-01
4.264860066721108400e-01
4.050326907545397370e-01
1.811174219379240169e-01
3.656834444522409910e-01
1.795848793511329589e-01
1.256020334680355566e-01
4.427156163335995154e-01
4.405648944230547426e-01
1.779096365952781145e-01
1.887416447572273781e-01
4.459201327958294270e-01
2.501526062094279190e-01
4.050832222858075649e-01
3.007699894143276431e-01
4.336106669485342291e-01
3.393240386171945677e-01
3.751091630856152603e-01
2.326384477431940878e-01
3.800187777451909943e-01
2.822400645835246857e-01
3.178729634628353617e-02
4.063014072954959643e-01
3.501361092143169262e-01
3.784179728822997246e-01
5.757638358044760984e-01
1.404462868542285248e-01
4.195708183837825178e-01
1.333801766852224513e-01
1.985406087283159704e-01
5.029106236460257895e-01
4.318523676944112655e-01
4.037070219295029183e-01
4.421478122659086019e-01
5.940201223804610076e-02
8.311267695855240056e-02
3.327337357491711445e-01
4.273313540101891794e-01
3.105112541327218478e-01
4.593562774069566701e-01
1.702444318002503398e-01
1.606055518371017898e-01
2.057769388027192448e-01
5.157962963990686198e-03
1.286645708231197449e-01
3.094992451363025587e-01
3.913272704438989780e-01
4.408679285127981018e-01
4.377759346793371753e-01
1.858167128237002766e-02
5.047784088388831414e-01
3.006118742374652153e-01
4.411971922321061834e-01
1.341092636107028280e-01
4.031308092174397673e-01
4.587382617958857822e-01
4.000113543487430756e-01
4.212449335215315283e-01
1.869771146186234023e-01
1.510447240232638266e-01
1.753323236950926067e-01
1.653920442276314295e-01
4.377287937251236882e-01
2.259422144864991766e-01
1.553637041100325578e-01
4.460807825655493386e-01
3.119092609665140015e-01
3.994938075488425056e-01
2.748619671859716881e-02
3.924113406130793624e-01
5.705863597486992012e-01
3.912365723832189612e-01
1.398458964681252026e-01
2.692439248111446748e-01
3.321232262855134398e-01
4.253219281621052894e-01
3.418459152754994013e-01
1.926983958994560875e-01
1.692767858134025527e-01
4.020260547689584740e-01
3.784331776802128955e-01
2.854583162104995520e-01
1.987071333534621564e-01
4.028529333455340145e-01
3.135985814208287481e-01
3.870705523987325591e-01
3.043630357342712034e-01
3.254632407439097541e-01
4.357027846873180454e-01
4.247928391434982465e-01
1.256083650540990027e-01
2.390817178779338359e-01
2.082672701561118223e-01
3.197271998557814632e-01
2.151694878980557890e-01
4.207205583493925927e-01
9.125676727829507007e-02
3.128047738331166117e-01
4.079680642923133593e-01
2.125084416528155162e-01
1.431829661702216927e-01
4.323960860347890733e-01
7.543691787422807105e-02
3.097751349423059075e-01
1.731423308488290735e-01
1.750399609026649650e-01
3.947910261390689679e-01
4.400878355511891882e-01
3.598309545072029825e-01
2.235833837157228110e-01
1.644126030285414097e-01
4.169352755715285408e-01
3.883259189055941474e-01
3.270258844579128632e-01
3.925715696518367603e-01
2.771978523704070607e-01
1.300149929020697204e-01
2.403699866248595607e-01
1.304301178786256565e-01
1.759150704518420288e-02
4.757364885255671583e-01
4.455284160048054720e-01
3.942218212945246547e-01
9.388672070149577109e-02
3.191048238288478611e-01
1.372696633610923644e-01
1.833753382556847777e-01
2.748055001869453284e-01
3.728589670150473934e-01
1.733565310396953940e-01
3.755075709096777903e-01
7.619980376931514976e-02
3.894367879773970031e-01
5.467372247664463725e-01
7.777617184453017307e-02
4.614911170970972254e-01
3.718854863527877308e-01
3.029333914258190430e-01
3.139886645807427046e-01
2.134753821476953195e-01
9.223174016622880111e-02
1.449471980628534440e-01
3.938971895990556749e-01
1.680898195805297091e-01
5.743355348061729426e-01
2.911266248076534446e-01
2.210973483304249920e-01
3.380775404883408219e-01
4.657400019117955425e-01
1.538970903295767134e-01
3.976831137634304070e-01
5.320574465653400420e-01
2.685898411047396017e-01
-6.492323664380185780e-03
2.879977817466000123e-01
2.967225745047266106e-01
4.275888823535327621e-01
4.462212284527221073e-01
4.394602869399648615e-01
3.487040682123518920e-01
4.332984199295096817e-01
1.109981326437872728e-01
3.495427758847419186e-01
2.974263637985593567e-01
1.930959342387954802e-01
4.012044365741802010e-01
4.559441478489245081e-01
4.550733474908894016e-01
2.722929612094237006e-01
4.132162574223504081e-01
2.955448942559423323e-02
5.771739932156899622e-01
1.682776849175984801e-01
4.610551388279283125e-01
4.566726834674720847e-01
4.009307807085142339e-01
3.250711428469794662e-01
4.692823425161931072e-01
-3.435518244561520246e-02
4.274057268796804254e-01
2.309929470410059249e-01
4.205375397168335527e-01
4.147557574895633925e-01
1.765009603079801051e-02
8.090219939234291960e-03
4.075329176929089470e-01
1.305015673058702586e-01
2.914501026256370864e-01
2.842305441778062991e-01
4.264774742979821620e-01
4.167229475089686552e-01
2.977526826293371287e-01
3.868935517956409997e-01
3.989721695345076480e-01
4.273910954003150020e-01
1.117333371229762007e-01
4.125280298631275877e-01
2.403330018007398539e-01
3.304639344870874962e-01
2.435655947105957453e-01
4.407378088737611277e-01
2.518285528131221085e-01
-6.833676690348280958e-02
3.342750827796680535e-01
4.289178257849099452e-01
3.027100617879887046e-01
3.980803294334481768e-01
5.106076916540568389e-01
4.021728837340215468e-01
1.519512182584328575e-01
1.225227502997171397e-01
5.637371594190314639e-01
4.795007227018209806e-01
2.535356603120053065e-01
1.376704242340542894e-01
1.447905298851612232e-01
3.942640123946059005e-01
3.466837589587984381e-01
4.307464771893468325e-01
4.203678785039817178e-01
1.615894264627764088e-01
3.420687958924630012e-02
3.375002664886486148e-01
3.918838390032655106e-01
2.918544137739653155e-01
4.531778870385398950e-01
5.724070249409067834e-01
5.604233524878466932e-01
3.862969043487730625e-01
2.852602679393723695e-01
3.095204532961885469e-01
2.198911417884904240e-01
8.672288431460239977e-02
3.276446348129564701e-01
3.450822050578696842e-01
1.461815822933950626e-01
1.635973767650527877e-01
4.191516380679903842e-01
2.480780517062568247e-01
8.210815979473541637e-02
1.996772820256614567e-01
3.459585047513128453e-01
4.492500055089350131e-01
4.055113296495859165e-01
2.717375073537141583e-01
7.676252935703709035e-02
2.703544136483774785e-01
3.560583526601296955e-01
9.637678783252452697e-02
5.653087483131145063e-01
2.533275720059749436e-01
2.376843367725313405e-01
1.775119929746541148e-01
3.152339938741711145e-01
1.743958870300240660e-01
4.252542840835595306e-01
3.942907524612811465e-01
2.950170311582554494e-01
3.033152567225211316e-01
1.363601075820575770e-01
3.981729381272012813e-01
3.038206887942654366e-01
2.945677267545021571e-01
4.777846001914761165e-01
1.512410009921436038e-01
2.889218177244193830e-01
2.412867844171146248e-01
4.138680401370142814e-01
3.219328735867091895e-01
2.930726772246679546e-01
4.921874649738726681e-01
3.708051648383940968e-01
2.037835795456541532e-01
2.758016163409558463e-01
2.598995840725644713e-01
2.970762638347481110e-01
1.394458246406583279e-01
1.032193358828735336e-01
4.005783223484956634e-01
3.014557785596250761e-01
3.545012720135621853e-01
3.239657575717537208e-01
4.834955934799863853e-01
2.056373240614718934e-01
2.314528171859044359e-01
3.941183742143448132e-01
4.030053104823309029e-01
3.806000385649287443e-01
3.129049623644395983e-01
1.604277173495992082e-01
2.994672589741408930e-01
4.340220887276077105e-02
4.435566075710044576e-01
1.619628364778673557e-01
1.651761959248754241e-01
1.760349779281551452e-01
3.694724257000693290e-01
2.090454407008613125e-01
3.108248082392001121e-01
2.781056698749898581e-01
3.771580298474237480e-01
9.262714943159339187e-02
4.561792902761326318e-01
3.208403886323101806e-01
1.192665225739035356e-01
3.856258865012001102e-01
4.358899174380087005e-01
3.409618150889381361e-01
4.559848557349200499e-02
3.331259734748335810e-01
1.391812547381250931e-01
3.734004278475152039e-01
2.298564433378633698e-01
1.993704831821557222e-01
6.921591223091451417e-02
3.991392547452810580e-01
1.493087880720244398e-01
4.210866046598114032e-01
4.030538288117939683e-01
5.716020924215976518e-01
4.277709125587754180e-01
3.076906399855245389e-01
4.261874220405029723e-01
3.961749137147710376e-01
3.149197128242546828e-01
4.741779396980585481e-01
2.058260502995638286e-01
3.298408339440097592e-01
3.928476827688894280e-01
3.934094790971798261e-01
6.526927228272114134e-02
7.460432078485611240e-02
4.098355694750227540e-01
5.760054530514338751e-03
2.514790220030784784e-01
3.957224021710034068e-01
3.740339432868255432e-01
4.471253282557034470e-01
2.580857183999529791e-01
4.337852009230007688e-01
2.201762010399437308e-01
1.828700545600668859e-01
3.389190150269539847e-01
3.646745983029068272e-01
4.043408994297973402e-01
3.824673843968233733e-01
3.915630045914479385e-01
4.797204621228507992e-01
1.022693157433763878e-01
4.326885241770616619e-01
3.599493591954824878e-01
1.777853947420544034e-01
2.520328693117151464e-01
2.462572920777898466e-01
3.362547592766436111e-01
4.753891304496714598e-01
3.176638925202445174e-01
1.933300251031101480e-01
2.641536172401055538e-01
7.959115301952354726e-02
4.161712398444461503e-01
4.109475910965603718e-01
3.164203663950772571e-01
3.438162418566776957e-01
3.552032117715942516e-01
2.874726053859079089e-01
3.911299127690380240e-01
1.528539676560980998e-01
2.946245305976248272e-02
5.470803428653852468e-02
3.417430265559272540e-01
3.789100496089471415e-01
2.142652101764978279e-01
4.276109422654106873e-01
1.810380601701352121e-01
4.179883754607113810e-01
8.750557001520804790e-02
4.124598038978936621e-01
5.043447243833039106e-01
1.808413660386225807e-01
3.434299124343455634e-01
1.456279404489729257e-01
2.418737547665863186e-01
4.526111651705495564e-01
5.085544382325657420e-01
1.908092323041941096e-01
4.112918096854825678e-01
1.518630440856213182e-01
4.742590394498538697e-01
3.755940016630039957e-01
2.408062373318489990e-01
1.019261941668720695e-01
1.577049879360733209e-01
4.226974576485858504e-01
4.143312905689001679e-01
4.142539106348088751e-01
4.678690613228054240e-01
4.039875262496346875e-01
4.182517267371727576e-01
4.234805560358526622e-01
1.983789484314937845e-01
4.175622690170449625e-01
4.909075218869084489e-01
6.658715542735721415e-02
1.687766504291352554e-01
1.531881003197380076e-01
3.364345214557021846e-01
4.653593205536816213e-01
4.145451208567556001e-01
4.510362474398137977e-01
3.326052289536492457e-01
4.454652720048857262e-01
1.764381331243877471e-01
4.543414617164753116e-02
1.482981035068006992e-01
4.854528737500133917e-01
1.699700653468548886e-02
2.311506979163051589e-01
4.417250061952420759e-01
2.635677147703370249e-01
4.239419203150666671e-01
2.921924705214362650e-01
3.154880050892340249e-01
1.131789295414546564e-01
3.270741236278181807e-01
2.231981155343410184e-01
4.054670439399929993e-01
5.709600468487376901e-01
3.973852583988241594e-01
2.418891626480986767e-01
3.358846066486277371e-01
2.540094976460611775e-01
1.977456987912510622e-01
2.452135090143705010e-01
3.339467107900917497e-01
3.425000407230630595e-01
4.027476032245976834e-01
1.877337789234834742e-01
5.741274006927479245e-01
2.394239094066547002e-01
3.283600023407299839e-01
1.837523299038762159e-01
4.932398860713216315e-01
3.859278523326238886e-01
3.439936983761219258e-01
3.515384892228249902e-01
2.482952233199188230e-01
-5.091282560326874929e-02
3.506165214862207447e-01
1.706479683098503508e-01
1.842526329322128065e-01
1.892336978333176989e-01
4.148148306892139314e-01
7.130468188066226010e-02
4.024255854758289619e-01
4.476619531716349298e-01
4.304052974065618042e-01
4.417520713948386857e-01
1.709504288113465886e-01
4.044539176414673753e-01
4.272215886214515979e-01
4.480464756291691053e-01
3.202922355220376160e-01
4.024357401122033440e-01
2.268515084289719208e-01
4.633868007152733837e-01
1.640614672481287006e-01
2.854406814423247618e-01
1.646350223014532155e-01
3.734311623688018056e-01
3.079029423229170948e-01
4.312293017532395356e-02
4.017950099874764702e-01
5.679370038908307938e-01
2.999836476436050225e-01
3.417040208954369995e-01
3.011682668906270344e-01
3.420046034804641311e-01
3.004205172483297992e-01
3.151597997738466717e-01
2.602773930990489454e-02
2.843879581363979447e-01
3.253770938802527657e-01
4.420354065621742712e-01
3.437930803267471025e-01
1.499619671653679431e-01
3.976580927188237968e-01
2.927167152835736808e-01
3.554037278953665613e-01
3.848364143095509005e-01
3.842515563853065585e-01
3.177523145674909788e-01
3.216442200314731381e-01
2.482359985077498554e-01
1.985984194601931596e-01
2.185684530996123698e-01
5.713406477949575235e-01
3.121631114407732999e-01
4.746934547906307422e-01
3.589819852522792565e-01
4.074875167558200117e-01
1.692892217586532411e-01
5.287196789643491268e-01
4.217356432874728722e-01
1.036669158705714744e-01
3.672408530739459387e-01
3.570540392868302160e-01
4.146673168538089205e-01
2.217291929875419565e-01
2.624916901887319187e-01
1.288858995408381503e-01
1.295031092073118117e-01
3.772633100324909172e-01
4.408313290682818741e-01
4.089809810552018643e-01
3.173717023353911926e-01
3.937260803912207008e-01
3.819628102179173923e-01
3.108181095715957243e-01
3.860335771481638867e-01
3.967420696327217944e-01
2.811046566272877856e-01
1.309364193780413466e-01
1.234974777768156479e-01
3.784631971248321181e-01
2.228994270321835169e-01
2.522306319505005501e-01
2.976479272584296454e-01
2.171334227709650622e-01
1.291326077128331640e-01
3.031693629087827135e-01
5.420009993113908964e-01
2.205621894170937958e-01
4.223520602453628703e-01
4.065726282325817786e-01
1.798256167766218439e-02
3.420369936029835078e-01
3.144147228934508487e-01
1.931774878064005385e-01
3.692740123805192676e-01
2.952169475329451953e-01
1.457662675574243893e-01
3.072331908278251866e-01
4.618901531961335793e-01
3.764765951431114921e-01
1.040407715534403393e-01
2.616741782337527744e-01
1.086246477959531692e-01
2.571283890506089187e-01
5.806760098692481664e-01
9.104309638793310622e-02
4.121170457516161734e-01
2.534929607664394569e-01
2.456003028382112707e-01
3.922368005807508329e-01
4.320553339536570281e-01
4.655594113201105833e-01
3.905800650756057757e-01
1.640165745283172771e-01
3.933955520724772281e-01
2.918630985904565600e-01
2.045659780838929298e-01
4.166335691493727733e-01
2.822926367844372231e-01
1.791740142133339542e-01
3.733252160886156856e-01
3.765821411065001789e-01
4.781283624491236561e-01
3.993358352711353643e-01
3.870624780155668132e-01
2.225737117003463716e-01
3.718998366809695422e-01
1.088598422388272202e-01
4.712845803168562719e-01
3.932069674265361026e-01
1.638643250007980334e-01
1.733948001046232423e-01
3.279267037211684999e-01
2.280782613508628709e-01
2.377292044258642045e-01
3.159220362329352438e-01
3.342470846485797176e-01
1.348153016005384230e-01
3.460508775203862131e-01
9.430984955558747995e-02
1.959154903918075008e-01
6.927124547358187723e-02
4.990905505667842523e-01
2.550076199067093374e-01
2.588258091983346998e-01
1.960807526736569606e-01
2.758638225755419282e-01
3.606350258557896038e-01
3.751503081671990203e-01
1.810019651048675182e-01
4.014675101848032557e-01
2.942139668669854213e-01
4.006113080708770258e-01
4.132777297013156548e-01
2.266515166836911011e-01
3.542789381886607969e-01
1.506697617847698456e-01
3.866527291685016299e-01
4.018896799310081591e-01
1.494769851079330580e-01
3.565394677685003733e-01
4.045920489274555942e-01
1.219546361763350767e-01
2.589873659306122788e-01
1.608149310486257089e-01
2.452802165567892212e-01
3.920061049146849053e-01
1.553305707583844675e-01
1.968814030677084048e-01
4.453944552663482437e-01
4.052705151134265993e-01
3.497307135012324153e-01
3.891891778478415165e-01
3.770597788776151038e-01
4.176397089903575166e-01
9.253284154904582726e-02
5.075176329211038978e-02
3.016152186655894907e-01
3.771452642725340310e-01
2.696522724508748081e-01
3.883842776924525397e-01
4.651159402225263917e-01
4.564539186361081802e-01
8.440630077248809093e-02
4.069344441637094967e-01
2.455671557967286506e-03
3.272781031267191776e-01
3.310839267245840878e-01
3.658830296568935658e-01
3.775914311187013039e-01
1.886703137072446856e-01
3.438311640511800271e-01
3.160363505651504756e-02
4.202065317481959439e-01
4.114588503336273906e-01
2.087345413538538030e-01
3.199534088452037350e-01
3.950394774815961796e-01
1.231907558598586694e-01
4.381789368523164030e-01
3.102054298166437296e-01
4.023736590388547474e-01
4.370595796370758124e-01
3.344629713316257247e-01
4.052671135409378067e-01
4.630071877607017661e-01
1.731963384310943044e-01
5.524978046634854145e-01
2.260386389901733739e-01
2.185923362879114429e-01
2.574419763508514758e-01
1.617642858191175037e-01
1.575446818877827559e-01
3.266413434948550742e-01
3.392299657464982743e-01
3.016659988181519259e-01
4.266046985279436932e-01
4.525213893156261324e-01
3.293393624484911020e-01
3.111567108627699696e-01
3.859171968853306600e-01
4.685587021065433233e-01
2.754306489979279071e-01
3.540215276831804037e-01
4.682268886912149819e-01
9.787789124109164129e-02
2.876587036270015774e-01
5.410271627289935381e-01
5.718814127201568009e-01
2.803483897140246484e-01
3.691100129943315072e-02
3.069550922257610059e-01
1.083767696267509961e-01
1.998730961904825187e-01
4.400144262136911344e-01
2.348017597165998616e-01
3.084432339050374727e-01
5.487421453493785961e-01
4.333665628273484782e-01
1.029888257958826298e-01
3.952457854400783233e-01
3.211490132988211732e-01
3.632328951977912834e-01
2.456410413791667580e-01
1.829281557633143096e-01
2.697561902549381330e-01
1.773579900332145076e-01
5.379046223754286871e-01
3.853294468506412440e-01
3.846684352736893242e-01
4.217770469899727037e-01
2.254833060479368156e-01
4.384778830470019151e-01
6.664470984632223094e-02
1.075079952345602829e-01
4.065471904402643832e-01
3.704216484838558365e-01
2.775503614339006053e-01
3.418466272817435869e-01
1.804817203987891527e-01
1.991856840360796965e-01
1.096935605565054206e-01
1.603528276687573584e-01
3.450822050578696842e-01
2.748134298452987179e-01
3.029110263802628489e-01
3.330009832681937731e-01
2.093739111721870660e-01
3.742901111837393935e-01
3.262563127578050337e-01
2.566196508799404308e-01
3.744740526029459171e-01
4.679710043520327045e-01
4.196527352000860578e-01
2.079053168857842859e-01
4.286846812073906166e-01
1.663425935172236914e-01
4.198573070417109809e-01
4.626425799850432119e-01
3.031675972157628351e-02
4.436990049195803643e-01
3.763157789066636227e-01
2.852062323083762729e-01
4.149794365747474512e-01
4.103661679593152423e-01
4.058555834446443411e-01
2.273157849838428335e-01
4.234220981656078298e-01
1.968522350172108581e-01
3.403523513118402732e-01
4.618501423454759447e-01
3.613701120147684298e-01
3.523466288821485159e-01
1.686170655153740594e-01
3.773052618885159304e-01
2.696762063737680459e-01
4.338366029607373942e-01
3.892312115679877893e-01
3.224852712666070875e-01
3.920777709156819668e-01
3.710917734087960662e-01
4.237463936912288509e-01
4.155795865550128143e-01
3.640935463549309636e-01
5.550792575107004190e-01
1.971467673540730769e-01
5.287677318135062254e-01
4.412989766781244549e-01
4.051028329128022465e-01
1.713043665344555766e-01
3.256891060119027070e-01
4.220505415339442234e-01
4.044838172565974888e-01
2.226732010724492561e-01
3.579094088181634103e-01
2.343405192760592837e-01
4.282065058632628651e-01
4.859617942374322985e-01
2.011188047226680209e-01
2.977927183001133696e-02
3.850594371540146943e-01
5.358883981124786811e-01
2.704599241774227614e-01
4.443559266928330254e-01
1.997750609801418054e-01
3.860335771481638867e-01
1.584491992683189632e-01
3.519357781888235448e-01
4.983391452329864468e-01
3.435395806275920449e-01
4.427006229592188036e-01
1.168561559685878520e-01
3.983777053348751540e-01
4.303039877143574055e-01
3.555176425253876449e-01
1.019700552867273957e-01
4.406158565189377541e-01
8.207089415136971378e-02
3.770153040465500927e-01
1.248459994557077207e-01
3.909746622970190488e-01
2.197086181579415154e-01
4.249009794485201219e-01
4.733681645404757554e-01
2.973151108935130349e-01
5.720323348082956283e-01
3.049449778560211488e-01
3.182093967681259850e-01
3.828980851064219815e-01
1.526207567584750013e-01
3.698518673955633052e-01
1.707770755390761730e-01
3.803576122225594269e-01
4.176157913064761917e-01
2.474176272647570507e-01
3.306954453920046832e-01
1.801612632522556906e-02
4.300221266820943300e-01
4.560746210430434711e-01
4.336430833978578980e-01
3.366942443010418895e-01
3.122518403643707030e-01
4.017243767274711330e-01
3.949270883747439953e-01
4.025143025948939579e-01
2.637420148947340892e-01
5.810211731527022971e-01
4.553731391307516141e-01
3.098817510726555868e-01
4.197971841722489272e-01
1.082063288168523957e-01
3.109563179501014796e-01
3.922731931451310383e-01
2.883083689944251904e-01
4.591071236843768943e-01
3.164321969846111138e-01
2.676068605531063960e-01
1.122713847806973142e-01
4.427952139015914335e-01
3.044973802963742426e-01
2.215921321174680048e-01
3.216283147414027432e-01
1.088122866685649892e-01
2.978498837633654084e-01
-3.340730166497323655e-02
3.943808161891254604e-01
3.991184747019700940e-01
4.401804305525145455e-01
3.881610297942667542e-01
2.560881066015726071e-01
3.141379800077050422e-01
2.242435903179578749e-01
4.952777698256215499e-01
3.323659958514055823e-01
2.215134544887209789e-01
2.445713325180430275e-01
3.528077302252571323e-01
3.126219838641013937e-01
2.892296086465556137e-01
4.332460333647240036e-01
3.949480795303959013e-01
1.242477314529610577e-01
1.543217107713998337e-01
5.171641176508580129e-01
3.327188926180661421e-01
4.485807941593726866e-01
2.083847330128215380e-01
4.011821379161525924e-01
3.650529390027311694e-01
2.274393832929611781e-01
2.421089872111339691e-01
4.013273959863202234e-01
3.616119883883284758e-01
5.667969454259773610e-01
3.072091191248775277e-01
4.063173361531389749e-01
2.727059820643798482e-01
4.338916646939723343e-01
1.573589175500252901e-01
4.104145826412493037e-01
4.088664194164762788e-01
2.623146142357953292e-01
2.938428721169543678e-01
7.915334143281975432e-02
1.683820654479226131e-01
4.003639965192314354e-01
2.400787986427348752e-01
1.300687632319046383e-01
4.122377074913914363e-01
2.103391165045303268e-01
3.074463957036690509e-01
1.204351899817872051e-01
1.538953949839977631e-01
3.793669248257156568e-01
9.934705723562593793e-03
3.643092404519056582e-01
1.249005054993957003e-01
4.880399537493750328e-01
2.061903660738270416e-01
3.358153566557651737e-01
3.486528605241052681e-01
3.548174778039014376e-01
1.182384247258972815e-01
1.325634737815694075e-01
3.955036378375459405e-01
1.212368267752235440e-01
4.260575253805776730e-01
3.426893184548027715e-01
1.836239139088592653e-01
9.259415756836562872e-02
1.059340919623133065e-01
3.594008256431788229e-01
2.302563112726330463e-01
4.250879915398775855e-01
3.864050280465397558e-01
1.689207087936767104e-01
3.197415040031386657e-01
2.647660247646980713e-01
2.267785218555543880e-01
1.227161540734109796e-01
4.383648135509660149e-01
4.881004136600213816e-01
3.634811464026658778e-01
4.461967599183222499e-01
1.252982223952543717e-01
4.129088620039157997e-01
4.435178791614305394e-01
5.392372626793202617e-01
2.725770976742294960e-01
3.002396113988684556e-01
-5.273029734010991135e-03
4.362139878269233884e-01
3.351591194209167512e-01
3.454062405103474620e-01
2.797024663626348495e-01
4.547294239115474146e-01
3.181484213998123090e-01
1.255362732185981434e-01
3.202950355820250450e-01
5.790884803337357223e-01
1.810696579782468396e-01
3.550614311631590247e-01
3.270007405133938949e-01
3.862054592520544061e-01
4.194433544948427128e-01
2.618425448016260537e-01
3.558300035442464870e-01
3.566833265970262290e-01
3.133414357186030674e-01
1.649532722467824675e-01
3.509842699521267262e-01
3.216903444266550061e-01
1.885122615622287501e-01
4.098036011207710771e-01
2.264529911692176878e-01
4.274848888625003562e-01
2.552334092439664803e-01
1.539583786321033210e-01
9.982756534674440407e-02
2.051432798003783031e-01
4.651252809478001460e-01
3.272411875323441022e-01
4.258259259312942580e-01
4.560797047510303237e-01
5.053443672502945239e-01
2.630669566295592565e-01
2.136162914872425378e-01
4.948693707822354737e-01
4.274848888625003562e-01
7.278210882028399165e-02
4.314040434195333673e-01
4.491021787393170706e-01
3.319896178158798228e-01
1.966394276366945082e-01
4.061657667865963273e-01
3.222053881055358393e-01
4.125215277026078597e-01
4.034481687400416905e-01
3.665254967905600680e-01
4.413467055768881542e-01
2.186166706105864832e-01
3.583237580305150272e-01
1.923998233835721994e-01
3.903021274218062553e-01
2.379228169312836982e-01
3.908204061519893885e-02
2.870736198814295426e-01
3.432633562284445605e-01
1.111916465637268064e-01
2.296752372508039097e-01
4.060016514296945628e-02
4.218795545621462639e-01
3.937787434185708313e-01
3.651531449192882417e-01
2.197515689803031247e-01
2.130614996656023663e-01
4.654099178915871993e-01
4.353634449178725441e-01
4.591194238826911689e-01
1.141277850517987275e-01
4.321919551723228947e-01
1.182625136896023749e-01
3.482177313721732115e-01
1.725698723255755518e-01
3.682911528823951675e-01
3.519004792552464789e-01
4.357649781008126610e-01
2.095101725133960979e-01
3.559811416408064644e-01
2.744094760070970862e-01
3.372240381892338545e-01
4.048137042718146783e-01
2.474709073849315766e-01
3.912650389405598061e-01
1.466611996576283605e-01
4.401122737132947549e-01
3.585626584275099504e-01
6.851545604743167206e-02
1.954286949175367272e-01
2.467755491671946300e-01
2.224538363208473923e-01
4.587047082111816998e-01
1.428206395530302319e-01
3.929362307034869883e-01
3.762001262718899786e-01
1.471190770148871618e-01
1.526747643407402322e-01
3.589955520209086592e-01
4.003901254057215531e-01
2.382250060737567954e-01
4.003019855884560330e-01
3.912061053206881689e-01
4.569749257199680614e-01
3.039975365400724439e-01
2.714604055603918598e-01
3.068570524512777009e-01
2.848726331515130661e-01
3.238299077813567850e-01
5.166427395022054059e-01
3.839666953836105567e-01
3.674246350593532995e-01
3.326043988605885682e-01
5.852014218102242760e-01
2.148135865148353141e-01
2.213955265873734368e-01
4.321437426404133864e-01
2.602969471228956944e-01
2.504305889652547190e-01
3.653814786208172127e-01
4.060273678758834492e-01
3.679353234259126748e-01
4.170658555250918997e-01
6.210667799402981581e-02
3.706902946636293494e-01
4.508946576955232821e-01
3.755311239600583328e-01
3.341823686749672007e-01
2.219041175436972657e-01
4.660564071344199255e-01
3.141853805371553898e-01
3.726966652746627195e-01
3.791122972854341078e-01
3.155967412223250612e-01
2.492355950642528017e-01
5.819876773985347418e-01
3.490495916481486938e-01
3.943679716130766844e-01
4.139671305771220888e-01
4.399834107486819135e-01
4.355556414602914650e-01
2.911805750476908483e-01
4.037307856358100522e-01
4.082307227526755233e-01
3.420613615602774993e-01
4.176251793328640827e-01
3.420464705056752708e-01
4.514648669833752903e-01
4.000183139193348447e-01
1.241831769670118241e-01
2.893975107558684479e-01
4.636614549456389844e-01
2.439756460773303270e-01
4.293315101676548617e-01
9.427197400273541750e-02
3.843863019695745731e-01
1.601288454000286965e-01
2.527627830316259150e-01
1.165241168538151337e-02
1.558724397911687432e-01
2.384634396212029495e-01
3.708674623143398130e-01
2.476591045766589061e-01
1.947851432450465603e-01
3.796194488771535425e-01
4.137245267310982189e-01
4.115162527666441084e-01
5.165602975372112632e-02
3.140590631608344285e-01
1.514167888610565560e-01
4.083611305758249044e-01
4.949519356860408448e-01
2.492479791235006625e-01
3.810215903262267889e-01
1.114077784242143293e-01
4.692536505731926266e-01
1.641432778703190987e-01
3.759032103737978137e-01
3.161474254401098194e-01
1.403178582974463906e-01
3.341542125830530008e-01
3.236507981865177630e-01
5.040017776212405570e-02
1.935425255242911313e-01
3.974146815174677272e-01
4.180780591199544372e-01
2.149816565016110514e-01
4.002139864297667438e-01
1.278912925413214774e-01
1.716717605946893599e-01
4.475293005164442950e-01
4.381312452135531776e-01
4.151904562221030437e-01
2.222415859991208331e-01
5.641085793019838812e-01
4.327987459800583525e-01
4.110384260815181379e-01
3.166974140825637440e-01
2.328630101144460729e-01
1.525410665539480293e-01
2.220475512015946118e-01
1.272147247326634034e-01
5.754777395798260642e-01
4.022072059618302386e-01
2.790089942716371674e-01
3.973291966412013654e-01
3.214219006458592376e-01
2.298958565347948013e-01
2.478078664146171339e-01
2.000099422969014717e-01
2.855651444490031055e-01
4.487449696877520156e-01
3.327190822374446744e-01
4.179770183802252181e-01
1.990704674014001085e-01
4.088560511782286522e-01
4.018367522248799673e-01
3.504641100561161626e-01
3.035182104511208734e-01
1.809443218925829988e-01
4.188168992862144058e-01
4.055339579216930002e-01
4.829313686336615952e-01
3.876522767693887372e-01
3.363109209682430545e-01
2.741130895676983578e-02
2.955311273003883299e-01
4.539898247698667677e-01
4.006525777950457057e-01
3.690451476409998266e-01
4.563124719569417453e-01
3.386318939448312304e-01
3.838716797062776132e-01
8.800244564734456543e-02
2.132351417236221791e-01
3.470234006462763476e-01
4.028739400192707376e-01
4.166943183021827313e-01
4.473597309183819370e-01
1.303176395375992835e-01
1.566969608636193667e-01
6.109811589514712454e-02
3.911084159893714607e-01
4.300546715083014004e-01
3.065119850563101656e-01
3.731566611409435352e-01
2.701192117369064505e-01
3.869987860695828785e-01
2.335402285675631517e-01
4.151379339778057398e-01
1.928391543889041715e-01
3.279993258685462432e-01
2.956299497008493815e-01
3.345010483135752999e-01
1.882290340360469050e-01
2.346378365438135938e-01
2.474303650191230775e-01
3.796410005925000553e-01
2.129116632365767314e-01
2.281403350178528022e-01
5.710610517392014085e-01
2.916278404414876513e-01
3.208210482855412549e-01
5.740842845654400284e-01
1.712492840551179119e-01
2.708979100884409408e-01
3.924896971699546877e-01
3.954574587556374254e-01
3.080628720369049667e-01
4.051258980148475519e-01
4.116010535816665983e-01
3.806358095760724591e-01
3.738143626357195437e-01
4.008863946707686976e-01
2.094704213209596932e-01
3.918738303364696085e-01
9.889026690931633501e-02
1.076981661845646254e-01
1.167185442739279572e-01
3.242649276376333156e-01
3.243404262736407917e-01
8.199805939793165799e-02
4.006914905129959070e-01
3.001839294401475455e-01
4.248791069569338719e-01
3.986779558785287780e-01
4.639495589781070239e-01
4.315775113762593818e-01
4.316590726873473227e-01
3.254044465871201719e-02
4.216418936825485630e-01
4.221131217377773193e-01
5.890171047859301678e-01
3.410805049323990534e-01
2.775796249735222876e-01
3.272849252751267590e-01
1.806844490736669306e-01
1.318757699369627889e-01
3.373752804312293296e-01
4.633149201788284155e-01
3.125486465570718186e-01
4.138316910979574770e-01
2.598052859406851378e-01
3.919404627728100832e-01
5.783444553014922551e-01
3.423392473903125732e-01
1.553797401835342873e-01
1.399396151872890903e-01
8.916759034105936621e-02
5.545079339081808723e-01
3.354610859992002703e-01
1.209458220797295785e-01
1.184873442664699239e-01
5.774233781743303151e-01
2.850986076684827730e-01
3.074600069726887153e-01
2.631732126075663203e-01
4.044453460157124147e-01
4.870887331651718027e-02
1.445846741087332132e-01
1.827024131047882416e-01
4.255720262887716099e-01
4.795536617768134113e-01
1.590620722784039931e-01
5.249433901613985709e-01
4.105270544005745759e-01
2.042419589534114621e-01
3.222652298860526066e-01
3.958659370698818791e-01
3.035108250045331357e-01
3.436186391288517661e-01
2.614978229122526532e-01
4.718901512744999027e-01
2.183063502406262513e-01
2.818276674134670978e-01
2.732981100246426598e-01
4.028824762936666914e-01
3.898926560331184010e-01
4.077456572751617103e-01
3.777634371390632406e-01
2.564672958169968431e-01
3.194568778473250714e-01
1.602718025614395247e-01
1.714120337453517995e-01
4.187712110570954160e-01
2.952168979497598045e-01
2.249676268951845415e-01
3.022537864707120492e-01
4.237474539830449749e-01
1.064297835158254935e-01
4.427061765249392655e-01
4.102404707254958538e-01
4.356025678998031725e-01
5.155083487144169335e-02
4.338494491134899378e-01
5.424943265301238604e-01
4.168602739291570325e-01
4.502326960300527259e-01
2.757633143882687321e-01
3.883575844289849366e-01
5.664523723691445856e-01
4.492989210017879764e-01
4.385913002477188627e-01
4.202968567939496802e-01
2.035367653973800539e-01
2.950016952242272006e-01
5.164817904077159127e-01
3.167864936152965383e-01
2.801248777594438910e-01
2.593968360486013647e-01
3.980816645696326761e-01
2.755784955748873388e-01
3.819252163712071879e-01
3.515854218031830847e-01
1.095655781550346347e-01
4.127699497516380545e-01
1.536357988091744953e-01
3.599913399715746753e-01
3.958109976556683507e-01
1.526206174847011265e-01
3.327263964004235630e-01
5.393574700794465659e-01
4.387631649871214790e-01
1.626058536322083359e-01
4.314119313367281716e-01
3.210327209372250690e-01
1.674543302818051055e-02
1.627120840510168642e-01
4.297623837337810615e-01
1.831661992840299402e-01
3.932078449866797665e-01
1.450822068114340224e-01
2.554570660685822614e-01
3.126687406004931002e-01
4.389255547324737439e-01
4.404116361992767570e-01
9.169195354424783395e-02
5.265951443613196004e-01
3.502401221029553535e-01
1.126399160592959914e-01
3.438345571177667259e-01
1.927286459836853871e-01
4.956364392368469707e-01
4.226117690040989139e-01
1.274030789049632462e-01
4.125852913471226846e-01
3.900355454792500121e-01
1.248350156131685096e-01
3.796530929563575740e-01
1.528035235903991984e-01
4.152876576880689674e-01
2.858226296404531297e-01
8.086810565432944742e-02
1.576078306696791775e-01
4.060871973539613156e-01
-2.064562538284479831e-02
1.781368410501321387e-01
3.922014456534426152e-01
4.027905810998771985e-01
1.473403927870375052e-01
2.717221264421352811e-01
2.630812734320391311e-01
2.745630228091634484e-01
5.641840559471225092e-01
3.115727277298400155e-01
1.170959926994353251e-01
4.277380956474315932e-01
1.580650736422369584e-01
3.264589918494973930e-01
2.334183679312597792e-01
4.366304822692772536e-01
2.305060868803869567e-01
3.967191999589638196e-01
3.989214914527704492e-01
3.031777612890206863e-01
2.384510927026654292e-01
1.958470899103577634e-01
2.613586053603277337e-01
4.170389951310210508e-01
1.778776757796414476e-02
1.976235576054010123e-01
4.015988398402794424e-01
7.528438348197284691e-02
3.541586696290237035e-01
3.990151674920145997e-01
2.940644809900434531e-01
5.713934169593690715e-01
3.999715176408713546e-01
2.420878037598562516e-01
4.647158797639238115e-01
4.198445385623668646e-01
1.032251322039280800e-01
5.524060894836289037e-01
5.674284233490505258e-01
3.089316209788141587e-01
2.609236034857356779e-01
4.023013626882736005e-01
1.816802351986759045e-01
3.188779676854983647e-01
3.026905360540462220e-01
2.651036414458388113e-01
4.420828948268928915e-01
3.237240692719875468e-01
3.332448205944989472e-01
3.078609589950542791e-01
1.574177328341272164e-01
4.373751423812162198e-01
3.515252170073615012e-01
3.040071821500712757e-01
3.058612554553108986e-01
1.793666491001565388e-01
1.558750764548514356e-01
3.645597212404360077e-01
3.016498048253165587e-01
1.489741218186234339e-01
4.014472668846609804e-01
4.836080797615835425e-01
1.698308645500011815e-01
3.133328996931603050e-01
3.796059281648720973e-01
2.159196630709486475e-01
4.211104361228899529e-01
3.186991252019180099e-01
4.600961069963460104e-01
3.967080734921551444e-01
4.102881292534791835e-01
1.366103977761425614e-01
4.106467624005170625e-01
4.114081719199525478e-01
4.013598155890514829e-01
1.846843180028917009e-01
2.562273431569275228e-01
1.815665677169761572e-01
3.823073325712750825e-01
4.105503141218092011e-01
1.297254875948417596e-01
4.763510352222999344e-01
4.741027022139917002e-01
2.656405906648474646e-01
3.461092541488929308e-01
1.896134366544943162e-01
5.015240363177426719e-01
1.579384361120593772e-01
3.947910409517862984e-01
3.317881304218179839e-01
4.299861960089443325e-01
2.958472367536064962e-02
1.025824297005400315e-01
2.285831445637144799e-01
3.937877775579390893e-01
3.686193511441075987e-01
3.057656392820357061e-01
4.520962957381851610e-01
2.972974241770970916e-01
3.847887085634378312e-01
3.506386363960168895e-01
2.985039200856719477e-01
2.378785220934055977e-01
3.997302586402080582e-01
2.833947733237126565e-01
2.073731357850483736e-01
3.279598396453333176e-01
3.454411408490535851e-01
3.300847404793135209e-01
4.301621300963889838e-01
2.458404072767678139e-01
3.157634887695311421e-01
1.944123532635400886e-01
4.854218884498374686e-01
3.021791843723456439e-01
2.119928005069233734e-01
2.857656515067285574e-01
2.018556467902860030e-01
2.936747959893322157e-01
4.292625295421895748e-01
4.024437891851238014e-01
4.813863801227444283e-01
4.497029441397523697e-02
4.055525117422168480e-01
2.071092485952623630e-01
3.367740932288140199e-01
3.850432680150103204e-01
4.368937167451805159e-01
3.975042719852175388e-01
2.079578939827770589e-01
4.103774277820719241e-01
2.587518267290037643e-01
3.855336608634870599e-01
4.676917016046763242e-01
2.976919725206924050e-01
1.114675198558323921e-01
3.426759612840487579e-01
2.022382301510942670e-01
4.300403779414565530e-01
1.347673786582898048e-01
4.018805368746007911e-01
4.007583385635816176e-01
3.128344246194910694e-01
3.343292979681828925e-01
4.412875197673922223e-01
2.765432234564234037e-01
4.037690088777836084e-01
4.007842118995788017e-01
3.120973303000104671e-01
4.370707646493862675e-01
6.510266771765479965e-02
4.253166546687711103e-01
7.912818589641593126e-02
1.701357975720156623e-01
3.261992262879322424e-01
2.185705409873867633e-01
6.651680970833512285e-02
4.421225574542169134e-01
2.655093289943498136e-01
9.243030161295207048e-02
3.942726776267761468e-01
1.108104785020438687e-01
2.381411601188566096e-01
2.506965400603203831e-01
2.626223284803360647e-01
4.584262139394470470e-01
3.544969816365420856e-01
1.097238994651733718e-01
2.553946327679022521e-01
3.444079721141519723e-01
3.776468448718066639e-01
3.647426545857669344e-01
3.634102859935822161e-01
2.433139291328870468e-01
2.879789163196138091e-01
3.612335294668380103e-01
2.112467589534987034e-01
3.206409814914569778e-01
4.094518678785336041e-01
3.771873225975580501e-01
2.806882877196012482e-01
3.088880821289179957e-01
4.374149823669721271e-01
3.206947592898888311e-01
4.956412120022467005e-01
4.276981088415069410e-01
2.876813052611128518e-01
9.965480765358993021e-02
1.575073647940823940e-01
4.416961086168718076e-01
3.752245200469334074e-01
2.856719520243883870e-01
3.604329938765322705e-01
4.360704163734119843e-01
5.064978276559916059e-01
3.720922203532346928e-01
4.250252136671780478e-01
4.515129429229446933e-01
1.591004910472088307e-01
4.004813391315299453e-01
1.990591115656801524e-01
7.278338561842775944e-02
8.749090716773537391e-02
1.310401802637704560e-01
4.808120569657140519e-01
3.748596496256149102e-01
2.195874770431580358e-01
5.729098869024658036e-01
2.376059961694089728e-01
5.055305380042036667e-01
1.631261214079529065e-01
2.728787535329465497e-01
8.945840837868093698e-02
2.280872201818783807e-01
4.386233462546328954e-01
1.502395588156668904e-01
4.139729051303283613e-01
3.761014533470987686e-01
4.591194238826911689e-01
3.228603690186437891e-01
3.852944015381695175e-01
1.779834649288458345e-02
1.034856960910842255e-01
1.475984414426365077e-01
1.563288023509937785e-01
1.104652480089968018e-02
3.598745759265878363e-01
5.057594486341021600e-01
1.263012081855015289e-01
4.743505488076255605e-01
3.216791948071957563e-01
2.152373088993652928e-01
1.759394600499144534e-01
-8.286313918411968016e-02
2.411295718150091583e-01
4.386174710413363598e-01
2.133769819978487414e-01
1.525557179495720117e-01
5.549102323733569042e-01
3.761077697677611131e-01
9.518875288491786268e-02
4.440210685794743761e-01
4.384250049655513681e-01
4.067508138530588346e-01
1.578906789985960735e-01
4.123436533566555151e-01
3.314370449558908249e-01
3.940900622154689392e-01
3.222918939597537169e-01
4.822056307722840662e-01
2.321213352084947404e-02
4.803035808598146716e-01
1.292898025355286307e-01
1.659901851968048070e-01
1.681636210401146747e-01
5.527750269294260388e-01
4.040749583758453389e-01
3.287491737509230516e-01
2.319223940173281151e-01
1.708497360252516639e-01
1.521688695219889642e-01
4.063077456447888869e-01
3.085920703459809622e-01
4.062238616830285420e-01
5.610328009958129858e-01
3.942068007012572428e-01
4.512642292666950716e-01
1.924434548440707715e-01
1.558224001914878254e-01
4.801179854783175216e-01
2.736075224051131571e-01
3.094925688952351872e-01
3.136999365884902136e-01
3.703892361007682932e-01
4.311039207548566510e-01
4.268357922702279983e-01
3.748945432425837554e-01
4.836730987112797253e-01
2.992427101293478331e-01
5.101462306772581723e-01
4.369499910051331537e-01
4.423182142805952011e-01
3.542765172014616382e-01
4.331238135926369637e-01
3.858285411539835175e-01
2.426515618396167251e-01
2.351161566127536462e-01
2.132025434295219402e-01
3.256288192482294508e-01
4.333725766246109834e-01
3.389683201316153749e-01
3.366862560764405932e-01
5.320336921117946316e-01
4.015838678551306162e-01
4.213520129538463888e-01
4.871286244275137567e-01
2.880475915624475802e-01
4.149930414539674817e-01
1.061359025236032205e-01
3.151353575247589078e-01
2.565651368438163771e-01
3.968610841734358519e-01
4.392183158500729268e-01
3.999787258949960567e-01
4.079932210994159925e-01
4.149530020566725153e-01
5.726484928963163634e-01
3.073360366029647683e-01
1.045483451623806098e-01
3.836954384312904476e-01
1.604899249689876461e-01
5.529920117866715668e-01
4.627561616608622530e-01
3.152414326382427245e-01
4.775905987588695556e-01
2.157572438246383728e-01
2.905293359639018469e-01
4.412352331158370666e-01
2.198083208570317804e-01
4.171821375136366972e-01
2.792006877884907756e-01
1.649520078392485156e-01
2.954000857045479544e-01
3.947318323215774361e-01
3.468441323904305484e-01
3.998805934891642155e-01
2.372368167566297481e-01
-9.239588077632405680e-03
4.193212503200399177e-01
3.076129709752383756e-01
3.813628159164065279e-01
2.360334457920104378e-01
2.668678676125462168e-01
3.817101668348968357e-01
4.184888243185902468e-01
2.430964854133422226e-01
4.311350584144106879e-01
1.886348302111515995e-01
1.075126364437363757e-01
4.170745014218945057e-01
1.914367343611640127e-01
2.825721771576537589e-01
1.196976512600409909e-01
3.521034682522207748e-01
5.190839022654787360e-01
2.279122527798345121e-01
4.198996390493216491e-01
3.798983350842601303e-01
3.424318065423724300e-01
3.930027726660736409e-01
3.092549754612173296e-01
1.100762184943663013e-01
2.843856787206034964e-01
1.290197328152404843e-01
5.661374772345886264e-01
4.157496540595396750e-01
3.649722940055067921e-01
3.517795134605902763e-01
3.859973056372928424e-01
2.403629253983646241e-01
1.101328477201358874e-01
2.738617540008383422e-01
1.237657823927545697e-01
2.107591810607111760e-01
7.000097143867005378e-04
1.888612331195821947e-01
2.456557203256151123e-01
4.208156449576506142e-01
5.271037158759520058e-02
3.467797278573115372e-01
4.285113784726263253e-01
4.376385311666312616e-01
3.438469086004468100e-01
-1.457855735408674421e-04
3.058244304591662965e-01
4.201644074583451433e-02
5.683707673475690836e-01
2.275629159199184237e-01
4.373136399789098738e-01
3.271101301487195911e-01
1.699616971910953012e-01
2.971839871431060098e-01
4.195163334751866868e-01
2.124824294424069171e-01
4.188462297112711674e-01
4.040260768236164091e-01
2.793287600102131729e-01
7.084816144299579954e-02
7.387912148711782423e-02
4.016761084300376483e-01
2.938695878691972574e-01
2.373119986411413862e-01
3.783447379572869584e-01
4.215820082314856720e-01
2.481436909073715669e-01
4.693711584074529708e-01
4.048213468041069185e-01
4.057781134517212673e-01
4.035520292900480754e-01
5.948386904028309941e-01
4.200650760237287784e-01
3.962763065158628195e-01
4.562565483476167527e-01
3.859891393903843726e-01
2.933100823255656020e-01
3.137146733750728611e-01
4.122677849836059449e-01
3.205080012967971292e-01
3.936429388494911419e-01
2.583585487937526404e-01
2.789977761070546736e-01
1.430450864099824804e-01
3.586349148911154028e-02
3.026831333052088513e-01
3.047109249726339675e-01
8.924560556230717867e-02
1.728620819287809418e-01
4.197920650299187262e-01
3.910841638783148499e-01
4.176366486912579390e-01
3.696536861004256491e-01
3.840621138257810374e-01
2.061664529955805070e-01
1.985406050510692966e-01
3.247820644115603783e-01
3.676598563424977040e-01
2.975300503095102966e-01
3.605928773682033350e-01
3.910298892522158232e-01
1.715035264647491453e-01
3.928617934380929655e-01
3.161720928881422976e-01
3.314418995439195603e-01
2.144304708920165281e-01
2.971605917631059413e-01
3.028003617724503993e-01
4.186189095190967491e-01
2.160844431666929244e-01
4.382334327978388844e-01
8.438736060248046289e-02
3.009034807099733033e-01
4.088120057085048442e-01
3.522544895067304394e-01
3.569869488180346107e-01
5.128314003247340658e-01
4.625359495813748945e-01
7.569663982748540965e-02
3.158444450412802307e-01
1.081337536801433574e-01
2.401572747593999912e-01
3.757933424163285574e-01
4.113766546067193497e-01
3.182026337046188758e-01
3.426955785083041217e-01
1.979841308449778181e-01
2.313125055675082364e-01
3.119128326155525821e-01
3.887065228392528327e-01
3.928479298134802122e-01
2.865775232239566872e-01
4.904411090850977484e-01
2.011620641640532170e-01
3.428581482468432973e-01
4.777051954792547739e-01
4.269623434966184350e-01
3.920303771909533497e-01
2.934987379231778770e-01
4.042908132758619710e-01
3.856013399614541814e-01
