2.182583480741980275e-01
2.944067867882979028e-01
2.113593892960329290e-01
3.856354808268331325e-01
3.516051513468383960e-01
4.147826782340469642e-01
3.100815174530228702e-01
4.244840118472090196e-02
3.957929584629677477e-01
3.668988276385231617e-01
2.979452426434751056e-01
1.108168027439869613e-01
8.019440866542854041e-02
3.956436488864064072e-01
1.516495336611771161e-01
4.306366103936593581e-01
3.794258611840728435e-01
3.168697225811028528e-01
1.135801968423427594e-01
3.198480827905035295e-01
2.868609375584201815e-01
3.289125230865090344e-01
3.635837878079478669e-01
4.909075218869084489e-01
1.911472113782565763e-01
3.223038348148233867e-01
2.941042666210103018e-01
2.400402684829182065e-01
4.330959246067949131e-01
3.994500289569836715e-01
3.804989073099535046e-01
3.401087112394793888e-01
2.174075167943197995e-01
5.693432180903069684e-01
3.778579582085620503e-01
3.176038479050817820e-01
4.325413980448236662e-01
5.209091424089969946e-01
1.168824690804698141e-01
5.646024614374715034e-01
5.306152397448512525e-01
4.164285882775872749e-01
5.236461683923659960e-01
4.556096941600916161e-01
2.555526642964786599e-01
5.181017390480531226e-01
3.852824543555385950e-01
1.376171834847961517e-01
2.787026340007422442e-01
3.490103730496604273e-01
3.490569384240009843e-01
2.486892603550672765e-01
1.659736237489986277e-01
1.694359376730162625e-01
3.847730987808541392e-01
4.081425748651760776e-01
2.427347194388297380e-01
1.121052569610707095e-01
4.337330960073051411e-01
3.555195606478037673e-01
4.412950503537143576e-01
2.245811292427057348e-01
3.924233416940851038e-01
1.967641347835092647e-01
4.853072770204654440e-01
3.498332065511340905e-01
4.201882901980097951e-01
2.173592975406730410e-01
2.167995536658136879e-01
3.974129745281386739e-01
3.226271159390074472e-01
1.123838676599336478e-01
1.220314643885715561e-01
1.399111018008079299e-01
4.213531616240600020e-01
2.439449350821241702e-01
3.495826145427472498e-01
3.238087510458728113e-01
1.527162737809389381e-01
2.218709992381601437e-01
2.427153395914813383e-01
1.852758178541495659e-01
1.919827591132023670e-01
4.199567003749180016e-01
4.963943743442271739e-01
1.724907678509522424e-01
3.389419293463249439e-01
3.527360936837258265e-01
1.168566355354975633e-01
3.703936762853958786e-01
3.954740507417067175e-01
3.982276238165789461e-01
4.388965341712067203e-01
1.303710511258265314e-01
2.924293660358135982e-01
3.767204998527582394e-01
2.014697487001748666e-01
2.819245689737725491e-01
7.871264442110247062e-02
2.020659024831562844e-01
1.744351079468892673e-01
1.053639461575355402e-01
1.466821953203710505e-01
2.700279316495020621e-01
3.927266234508023368e-01
3.170641379606963239e-01
4.080637207545200207e-01
2.980356535780939731e-01
3.194314261136266819e-01
2.121049911358111328e-01
4.116450930765128136e-01
4.601421959571844744e-01
1.038808351177152312e-01
3.798427870623781732e-01
5.005070620943290471e-01
1.541917076424755562e-01
3.603557081712393528e-01
5.937913042263151531e-02
4.541577336839012213e-01
3.223750947730986693e-01
3.616421912596146093e-01
4.024160637408092378e-01
2.301439212114601285e-01
1.050407333554541633e-01
4.124005576757467373e-01
1.846324776414975388e-01
3.033045446798597333e-01
4.113039502217905596e-01
4.197685019384245209e-01
1.923735106295605124e-01
3.063460082268189000e-01
4.615025024752674176e-01
4.269228356144743053e-01
4.645667166133551906e-01
1.046435838188252421e-01
2.563362879180137166e-01
1.812801742421668305e-01
4.264027121486200222e-01
4.489707346690846035e-01
2.142501880065266207e-01
4.054670439399929993e-01
4.475027825160521888e-01
3.850653834849512291e-01
1.368876963255027390e-01
4.949313805719752213e-01
4.868981477573077754e-01
1.971000534376372848e-01
2.568162981252609667e-01
2.844947604837653188e-01
4.045755595931023740e-01
4.096016308404230588e-01
3.505486517523160317e-01
2.166123263128947596e-01
4.316000853765619150e-01
3.140586476578898223e-01
4.265982169890500386e-01
2.384192604635934354e-01
4.020774676776528445e-01
4.343667809837666871e-01
3.091281829991449071e-01
1.624664308857682871e-01
4.437379968876428715e-01
4.042694683576670833e-01
4.057998169870472016e-01
8.655644447359138460e-02
4.764164088266215624e-01
3.062739941892031470e-01
3.246383700166444730e-01
3.995880970295969670e-01
1.540960963237883452e-01
3.991791794581203145e-01
2.339475171965490208e-01
4.446822691949139927e-01
4.275595724256254782e-01
3.054006023524969970e-01
4.515854088106769360e-01
4.179712478102706741e-01
1.692907683131837093e-01
2.433408576571590987e-01
4.650093304819763462e-01
8.345075536495454027e-02
3.713521718924620019e-01
2.996565508132303934e-01
1.512019476156171716e-01
1.195316399245944516e-01
1.470600753477987188e-01
2.025878597385192548e-01
3.719725589075466576e-01
4.218059987156709822e-01
4.542385649811277459e-01
4.247026111065206888e-01
4.523900974388029850e-01
3.448078149461373809e-01
4.000445092970840721e-01
2.755931390869922892e-01
-2.290841973173032495e-02
4.083464707987754516e-01
4.182082559344934003e-01
1.769269123824896706e-01
4.582874878212025993e-01
1.776200554402987408e-01
1.209992980223673631e-01
2.496742196959074456e-01
4.720436397385254779e-01
2.595663632416298494e-01
2.720225755934164713e-01
1.178271587993269809e-01
3.389788626371255664e-01
1.679869565031405221e-01
3.094057061458127533e-01
4.460744734267690359e-01
2.547860754917612991e-01
3.874058455993568129e-01
3.581797526930120545e-01
3.742124770269057432e-01
2.323280261581853468e-01
4.014091170838909872e-01
3.070685029536939226e-01
5.214122592649533816e-02
3.423206997313812394e-01
4.167147385250886682e-01
4.639298320069684678e-01
1.559554451139880671e-01
3.918238273329138210e-01
8.767086840564922157e-02
4.412950503537143576e-01
1.347660795632721897e-01
3.991892010912304056e-01
4.128144343748635370e-01
2.048633701206013236e-01
4.457213889493713554e-01
1.454857299605439025e-01
2.594052969731523994e-01
2.249256706409857309e-01
4.613226506289597878e-02
2.420496322016110480e-01
3.980399893006486556e-01
4.090362885882614652e-01
4.579590697130400123e-01
4.135186014967183743e-01
4.505593232516469371e-01
3.800957062855800372e-01
1.925664416410663160e-01
2.176785102711357722e-01
4.344564445607823067e-01
6.805167866453751269e-02
3.894463481341988720e-01
1.130808743889227252e-01
5.504899447519784328e-01
3.677168297253647911e-01
3.743978013813173966e-01
3.839498873891200592e-01
3.797146526593995208e-01
4.295460335828010789e-01
-8.768679231016024422e-02
1.044749598281233399e-01
4.080329273143017965e-01
1.221170158235218572e-01
4.379151806949149739e-01
2.733823232892909072e-01
2.039119084589050557e-01
1.429795401773403807e-01
4.085078044430243138e-01
5.819876773985347418e-01
3.344347238531292232e-01
2.647760987402252297e-01
2.605652264285893693e-01
2.065001869191267769e-01
3.816858939777375004e-01
2.898125747129497998e-01
4.531381071334973365e-01
1.992767231626879076e-01
3.498343263427727279e-01
4.098793621119931063e-01
2.743446497523891470e-01
2.412981499983163081e-01
-1.022759206982416791e-02
1.253413498914264790e-01
3.071297516726566035e-01
4.307399839081590409e-01
2.312588329933091824e-01
4.051936680637288624e-01
3.367347346356248661e-01
1.233728405858591504e-01
1.035636583682779804e-01
2.158377133098340339e-01
3.996544024658669203e-01
4.454991922147165107e-01
3.581294084783053777e-01
2.800754636962511923e-01
4.037984437179751862e-01
4.157975402137616960e-01
4.239068072873157789e-01
3.994880134320613618e-01
3.824501177474946556e-01
4.277011961105400273e-01
4.019807670226057672e-01
2.747490571781934787e-01
2.621441637582128670e-01
2.604834554988799122e-01
1.472600478043905592e-01
2.723923336876110102e-01
1.637635308907375853e-01
3.744984331738703820e-01
2.211687989038917668e-01
2.438921096957744339e-01
4.606368973977593706e-01
2.923663758889913922e-01
2.809807872080994917e-01
2.271758343476333875e-01
3.643651774009746824e-01
5.435813082488475390e-01
3.069874636975340465e-01
3.536160943989039573e-01
3.560539390512597047e-01
4.008441710407985026e-01
4.478775498241653330e-01
3.206733794352570333e-01
2.296237758040090005e-02
3.005175329329461964e-01
5.837806097815613215e-01
4.172158166537542900e-01
4.288140884252613083e-01
3.379502430661289747e-01
5.363913922889501640e-01
4.080558756987733848e-01
2.717827147711572300e-01
2.419216447225316369e-01
2.147154627601283172e-01
3.211339517320009884e-01
1.907319104176981028e-01
2.050113913226936091e-01
3.254033054607082254e-01
4.109596603492595701e-01
2.026840541886607838e-01
2.949774144005644638e-01
4.166460233667533819e-01
5.713031073902078427e-01
3.042260067302109405e-01
3.049970562996897616e-01
4.011001205227432420e-01
4.079932210994159925e-01
1.705190042287330343e-01
4.034914580558147112e-01
2.123479190152128548e-01
4.006877024406140797e-01
4.365778757128186971e-01
1.290000797832119017e-01
3.171721868998819693e-01
4.043797445984371741e-01
7.927964619551022829e-02
4.068755225765774419e-01
3.304252941239733676e-01
4.058555034269262785e-01
3.905726534889286672e-01
4.287026183707581262e-01
3.495204323528941504e-01
3.915867993339247066e-01
1.409225188694253617e-01
4.196046150298257116e-01
2.741760286194629415e-01
2.295122744566032158e-01
2.408201851856386633e-01
3.652414826543733950e-01
3.740546925429201197e-01
3.991699710929816902e-01
1.342936302835222306e-01
2.139096915173797075e-01
4.038727262796814599e-01
4.232086837541268465e-01
1.133809287574293473e-01
1.036820608834032181e-01
2.195583718948438123e-01
3.424206562590378922e-01
3.324910057460968571e-01
4.066106454657555935e-01
1.015216821755237225e-01
4.559750619069837807e-01
2.289032400823387547e-01
4.251945411167298294e-01
2.418115566437263608e-01
1.847130573507368145e-01
3.006210406954764047e-01
3.898498358697115029e-01
3.210808640111827428e-01
4.547982770729577795e-01
3.367124110822740102e-01
2.519481065450450141e-01
1.567540642052601685e-01
3.008329481100581737e-01
4.559375843214330537e-01
4.347334637016315173e-01
3.885082608832679529e-01
3.091079954230344651e-01
3.226854104129474599e-01
3.833051094508057033e-01
3.860685590397996969e-01
1.400670798386481619e-01
-6.023412655004896366e-02
3.280621824519593388e-01
1.697188641421289446e-01
4.769433522003043158e-01
1.239336123886144309e-01
1.235791072181047640e-01
3.853117421473543081e-01
1.082934781736834134e-01
3.330153746944049531e-01
4.228597606959749733e-01
4.749483157660597255e-01
4.011071961885256387e-01
3.331930844200325370e-01
4.311078461664382688e-01
2.000177335372577692e-01
8.046464399666793110e-02
3.986197004695000712e-01
4.148185349058486904e-01
1.923592687360709264e-01
4.100544757948070274e-01
3.898265808578421643e-01
4.055304978037024832e-01
3.499916208038128529e-01
2.382498833063796118e-01
2.438248892111533062e-01
1.355568031598354817e-01
4.088396790178633888e-01
2.976328262532682012e-01
4.290586751007955946e-01
3.968782180891995970e-01
1.490466064867651819e-01
1.085719412692122549e-01
3.189729865369850259e-01
3.697128492759235163e-01
3.647889048475537743e-01
2.049369612769433302e-01
2.461704023376878325e-01
4.120424799433699548e-01
2.024754085593278297e-01
4.078118031531558496e-01
3.684812987970401132e-01
4.229175474712900673e-01
4.768399630224970931e-01
4.582996292703391261e-01
3.624602852724372326e-01
2.815271822728842577e-01
1.584673752608206365e-01
2.076294655015631374e-01
4.643539357878502805e-01
2.114526453719203780e-01
3.929632686012124454e-01
4.356325942321284672e-01
5.746588253490876319e-01
2.876367822679704589e-01
2.781570650250203558e-01
4.213834909324689071e-01
4.491536447580343760e-01
2.516709321092441276e-01
3.944880153679450330e-01
4.141961490452624184e-01
1.417157525136133848e-02
4.297992848266303234e-01
4.483539471443083735e-01
3.870361139097644454e-01
2.870169528977530304e-01
4.502594265535207474e-01
4.900911447385597475e-01
3.066956019649784704e-01
4.346397565432333354e-01
5.796664110720546326e-01
3.899811385760002524e-01
3.228002406722106365e-01
1.848924503736441571e-01
1.858793626436742175e-01
2.083035443276705090e-01
1.482577954319163893e-01
3.607308319803810281e-01
4.002446293777560671e-01
8.922460347345917420e-02
3.960887020817814852e-01
1.956390832609875841e-01
3.845998426833286965e-01
4.138809196494999676e-01
4.452382337107546606e-01
4.047601296192203102e-01
2.178196264233941692e-01
2.508701378876492805e-01
4.326605195939354220e-01
1.566328198060044641e-01
2.320688213378431786e-01
4.260345722245024724e-01
3.746717954084571867e-01
4.489473655121583029e-01
2.406076878556269727e-01
2.773980797291760725e-01
3.907515682519308031e-01
3.390366697436213439e-01
4.293402666826769964e-01
3.600739846441448622e-01
3.935640595530664476e-01
3.734913112953688885e-01
4.486366541196546431e-01
3.306788153160907795e-01
4.040055442398182706e-01
1.939612487619488679e-01
2.011576161166527266e-01
5.503790302781053079e-01
-4.373166329543129449e-02
3.189592061042440529e-01
4.251186715404063343e-01
4.013406693428193117e-01
3.382310164217203763e-01
3.993029879874971932e-01
3.950255751862479792e-01
2.916756485981433777e-02
3.732961393676487161e-01
3.450450365062645575e-01
3.733608234545013893e-01
1.236437059347449269e-01
2.080868343562855272e-01
8.369932603906439506e-02
2.777868861998633587e-01
2.975011983725658893e-01
3.972839776681791335e-01
4.305875736605823123e-01
3.772535594264663783e-01
3.284815674488005821e-01
1.045868826248254335e-01
3.193881159687664839e-01
2.283404637081574429e-01
5.075589300223483091e-01
4.279195981340601640e-01
3.884816960381759499e-01
4.557254550895213363e-01
2.688964709090006511e-01
1.792716564095053755e-01
3.606472117430781221e-01
1.978506696726732572e-01
3.186894679741016367e-01
1.563835055915742955e-01
-6.856392757368710844e-02
2.361036711006525290e-01
1.770842510742207387e-01
4.093568874073368891e-01
2.921298440615738984e-02
3.370799511950707261e-01
3.460631742333552530e-01
4.563240036366281172e-01
3.339671065325965360e-01
2.615612452418860645e-01
2.074967952536774241e-01
1.597277029076943633e-01
3.388027196779190842e-01
4.439878386339721761e-01
3.783318155418609052e-01
2.013278903353467320e-01
2.040540371869433989e-01
1.097868399250796628e-01
3.713205279035258211e-01
1.689089536369722255e-01
5.632109068905681859e-01
2.260031174924066744e-01
1.993279262038075150e-01
3.574285236181026781e-01
2.679455770266427339e-01
3.983646678823097309e-01
4.477130717346243793e-01
8.368623643598331607e-02
3.247254399988866447e-01
1.856141904402877907e-01
4.053253267316475617e-01
4.290198228784807832e-01
3.512647734424144130e-01
2.863004831710360132e-01
1.953127183790483445e-01
3.835311305220298617e-01
2.770996150930261637e-01
1.494847924057728095e-01
4.041284828228711712e-01
2.108173502281910083e-01
1.608824466932362862e-01
4.004771583769164978e-01
4.136058844999429551e-01
4.144332085368354068e-01
2.827419767262643879e-01
3.726859829404204350e-01
4.249876184927172673e-01
5.953450903839961894e-01
1.450786425480080077e-01
3.866439885035019564e-01
3.890050411870625835e-01
1.703173666328877678e-01
6.727192693482564323e-02
4.537378819412417608e-01
4.919092801717517838e-01
5.739108492708593773e-02
3.585425536490953191e-01
1.519413926552470873e-01
1.052771326801070079e-01
2.050976551113853630e-01
4.647393266772429365e-01
4.462353583950550706e-01
4.296889710769065673e-01
3.724903066204853647e-02
4.085352579266787743e-01
3.607587809639520859e-01
4.613365695030372526e-01
-1.657746534562364385e-02
3.069962998775904728e-01
-5.365660688332276121e-03
3.827902145007350265e-01
1.374069588540281217e-01
3.596216897311814709e-01
2.839351880754447111e-01
3.419939188848966083e-01
6.109474177312346210e-01
3.789617908662087364e-01
1.776260011073599876e-01
4.358349476515008258e-01
3.818557658880082362e-01
3.485554012255751566e-01
4.930146005531683140e-01
4.059720513805075148e-01
1.341495824580009599e-01
3.657671357034534276e-01
7.813997497740944598e-02
3.456240974092734120e-01
4.419666018636597693e-01
1.780360089072789420e-01
2.066791301872739905e-01
3.768391275616416181e-01
9.788644465695496566e-02
4.808149702164377648e-01
2.512137951700171845e-01
1.130365460512753190e-01
9.062185579224271703e-02
4.374017691741707847e-01
1.931626310243599320e-01
3.490952137386922893e-01
2.197923438113787431e-01
2.158036489560817561e-01
7.000824543460089366e-02
3.684895284647844993e-01
3.866872742301992738e-01
1.819036776330665572e-01
4.125268336428466465e-01
2.504621837029430975e-01
4.083190758191305725e-01
1.471578786996958210e-01
3.092161072229112628e-01
3.445535192605144736e-01
3.937877775579390893e-01
2.078137051045036154e-01
2.979361120347293612e-01
6.126474454980993523e-01
-2.670062878269132897e-02
4.282277137741956619e-01
3.991753698927761329e-01
2.519992221205956673e-01
3.699071275445243723e-01
9.357488354247589513e-02
2.264444069298322815e-01
4.572710027701442081e-01
6.014084723333997656e-02
4.304293677817589425e-01
2.223036801788197958e-01
2.020960036674200599e-01
3.642586787765506040e-01
1.661293977955976831e-01
2.090905225628909292e-01
4.157190213601250628e-01
4.177661214668131340e-01
3.561052946177262757e-01
4.698097668675205174e-01
3.957027849882402415e-01
4.021194028538113141e-01
1.923081906694739107e-01
3.023558634108455823e-01
4.148215138387335021e-01
2.210299460943847549e-01
2.722886496454462457e-01
1.262489179708032316e-01
3.785686940859262495e-01
3.465175928833584829e-01
3.880992022590391555e-01
-3.314967750834761813e-03
2.226503952707549194e-01
2.365704197403735165e-01
4.289421714608896985e-01
3.566245752939049551e-01
3.720062655984885946e-01
2.395267377965601963e-01
2.360593819964785720e-02
5.715033265335202062e-01
1.849888217880416019e-01
1.976535398730042137e-01
1.212147458682897166e-01
2.191337950198363471e-01
2.761759152850546961e-01
1.186308481706709606e-01
2.545516782853078364e-01
4.135240537592194676e-01
4.368994670254466861e-01
1.526542127275794525e-01
4.111979419522496237e-01
3.308708624865703829e-01
3.568992619296829649e-01
3.261515181352712678e-01
5.699547707924844664e-01
1.486872677803344756e-01
2.898310443250428081e-01
4.001531027592269418e-01
3.399706159687254647e-01
2.901157655602450425e-01
3.973383305693235501e-01
3.002996641465034422e-01
1.510796480955114429e-01
3.537469259612007200e-01
2.341410699531928097e-01
4.160961663375749020e-01
3.956639545078410869e-01
8.916956263154961204e-02
1.872247571120990439e-01
4.667941781087857622e-01
4.133667908944936853e-01
4.240752320324474578e-01
2.720163685825131572e-01
8.746238833021573178e-02
3.863070990562448292e-01
3.545023611839532296e-01
4.591194238826911689e-01
4.261831287590284734e-01
3.062275287280931679e-01
4.833118850810051992e-01
1.894718157910497691e-01
3.277264254099712670e-01
1.848893904894666484e-01
5.712383354851024997e-01
4.728303915352215503e-01
4.671685904095896902e-01
1.527877268698706881e-01
3.705927444141850491e-01
1.552497493363028114e-01
5.371104091391707414e-01
1.952265320770501522e-01
2.965567285623972316e-01
3.950285383935869810e-01
3.081571826579380668e-01
2.856137028599365912e-01
1.926837985266835196e-01
1.432597300124880679e-01
3.224587637222507408e-01
3.372502041697555963e-01
3.774922054140040228e-01
2.836707209698502985e-01
4.258918958823376122e-01
2.569394320536168008e-01
4.072151925409933093e-01
3.259637629185155872e-01
2.894448887343051280e-01
3.250504069513750482e-01
4.496538211780927718e-01
4.359140390975716484e-01
1.258427256851734344e-01
6.192124923744964440e-03
1.071799063826069237e-01
3.450854038579507788e-01
4.625753965529614820e-01
3.590577644793255252e-01
2.165506126322786495e-01
1.781462116497937731e-01
1.782440841017723931e-01
3.302052924929516631e-01
6.106698975305133725e-01
3.879584289153815146e-01
3.187037609600556487e-01
4.141960879687360819e-01
2.415976849673960591e-01
2.954854478053786093e-01
3.226819291339321771e-01
3.032371761095576379e-01
1.781462116497937731e-01
2.271193121717536845e-01
1.306864519673815728e-01
4.030086277011661333e-01
4.861069533071978865e-01
4.731933424856273329e-01
4.143387438967359171e-01
4.467317686298700186e-01
3.309458453744650308e-01
1.573965773693420389e-01
4.313964862781997645e-01
1.183826556980130812e-01
2.041727115330656261e-01
4.589058984380686157e-01
3.101502640209576889e-01
4.183256197078166760e-01
3.539280062438935337e-01
3.033529040941762567e-01
3.140194381876867946e-01
4.982628637220479773e-01
4.332438053162798175e-01
3.118821619922622634e-01
4.157289350927550475e-01
3.035428750776832940e-01
1.144769350723140316e-01
4.133968720795144769e-01
4.691932675890950755e-01
1.860352731996289533e-01
3.717016186237379616e-01
2.412310232445871450e-01
3.810139839751376378e-01
7.143214987733040311e-02
3.103376996232553586e-01
4.223886659966942791e-01
3.951969832209460964e-01
4.317820060423823159e-01
2.587392412717775536e-01
3.963965145798645229e-01
2.882283193273634803e-01
2.730623623506348019e-01
3.750163337363139893e-01
2.439729529842483147e-01
4.531445948547295766e-01
4.221597742457491864e-01
1.366171407003704819e-01
4.312075405670874884e-01
1.798326105290110610e-01
5.075077595137109619e-03
2.929030809886097320e-01
3.481190467050878645e-01
3.957449077091670375e-01
3.919132615410181875e-01
2.473575998066212256e-01
6.333775329639749346e-03
4.080432781258231945e-01
5.036911464668822891e-01
1.663591519205392943e-01
3.095436316719545333e-01
1.384005063085883558e-01
3.362052566690846289e-01
3.585555531570389642e-01
3.979868390303308301e-01
2.349454022462590386e-01
1.915582211319508954e-01
1.357637038759636205e-01
4.042980581468579304e-01
3.725978476043130816e-01
3.783722199875786951e-01
6.345206198048625179e-02
2.262841251129896480e-01
1.275995382735778672e-01
2.315842592904437114e-01
2.253124018375290138e-01
3.991753698927761329e-01
1.472795993464847963e-01
1.871857458086688686e-01
1.311129191027892715e-01
5.455292534365406842e-01
2.790206427103894549e-01
-1.860964468151066415e-03
3.113870806490549592e-01
2.591096139744507587e-01
1.346290082371624508e-01
1.915096371618189020e-01
3.424795766843882205e-01
3.624602852724372326e-01
4.196580604756925958e-01
4.634934083604670407e-01
3.538872580767463694e-01
4.155114816640341213e-01
3.959589001900532534e-01
3.692576156152762024e-01
1.787051444142763734e-01
3.977724702151418934e-01
4.527096977894483065e-01
1.522088289223119673e-01
3.844419538049543839e-01
9.065832868553254376e-02
4.552986225322608882e-01
3.973731539814809866e-01
3.418677028325412537e-01
3.466606643972873214e-01
3.665451245953277870e-01
2.358455117438495729e-01
3.516284736383186726e-01
2.845545905842262746e-01
4.315730999249840494e-01
2.096321288670307537e-01
1.741827997379037374e-01
5.616209281946491494e-01
2.054627955639764525e-01
3.053136319100555607e-01
3.940225568038735471e-01
3.066866747510234581e-01
2.935956944191632778e-01
6.142250415584717127e-02
3.636972035979298412e-01
2.078656263549521488e-01
4.281158214950105956e-01
5.960714959249762551e-02
3.155171438203019374e-01
2.129389642778686531e-01
3.135449658569198772e-01
3.349724725024588179e-01
4.283351745198779037e-01
1.928119160267749987e-01
2.401225959060861170e-01
2.280471069284578656e-01
1.747989318777364853e-01
2.470253987970429388e-01
4.507148136315974329e-01
7.792060585356644364e-02
4.516181201865964168e-01
3.056531508843360334e-01
3.811401413575146724e-01
3.794457882306256913e-01
2.733051485134090908e-01
2.882702844608942550e-01
3.993669696113129608e-01
4.522191709626404710e-01
4.281128138080274592e-01
3.960404895498719768e-01
2.790902004094470978e-01
3.718699164027212123e-01
2.437404350064549807e-01
1.709682618292786560e-01
3.929058097387964077e-01
4.049310928574768043e-01
3.939309145465679785e-01
2.876060162437269474e-01
2.265430939256676546e-01
3.406270763694004278e-01
4.765030010753908141e-02
3.502251067377057936e-01
2.490290782806875158e-01
4.769441297642330047e-01
4.229945627303883793e-01
4.588130493384776076e-01
2.428677842775885665e-01
4.165910632064371288e-01
1.888474102143824773e-01
1.076665689002921089e-01
1.582314556431136943e-01
4.331610625561361227e-01
4.542219609623188714e-01
4.252676517933336453e-01
2.565410284617591907e-01
9.366948624270222956e-02
2.752085336450473818e-01
3.104371213371308613e-01
3.811008448366647317e-01
4.048499970059487585e-01
5.083136221197025462e-01
1.956368300941995764e-01
1.340482053254032357e-01
3.306954453920046832e-01
4.154338775475571732e-01
1.936002225104738184e-01
3.616844618587612969e-01
3.548608531745084393e-01
3.628526426201277300e-01
4.248517815597174230e-01
3.396940033685045268e-01
3.068688944926602491e-01
9.071013726389737242e-02
1.759269603570767226e-01
1.100029368776561482e-02
2.740344720274444645e-01
3.413936538882379468e-01
4.053878823720951097e-01
4.132903965247566314e-01
2.272022106106519335e-01
3.612145133401619135e-01
4.290251365362697800e-01
2.979705108156569526e-01
4.166261563179294858e-01
4.132626341731253650e-01
3.891725627091215944e-01
3.499375997780730940e-01
4.780582768862292609e-01
5.423193680489041268e-01
3.107908052939117871e-01
4.036299049496698543e-02
2.390916620917752089e-01
2.472368979853756255e-01
2.813141775554391377e-01
3.931246495465754442e-01
1.613092286040735401e-01
8.038161048508159212e-02
2.938966721552083161e-01
3.357315021119784415e-01
1.548135872774101807e-01
7.698519470465939318e-02
3.849597252436548489e-01
1.616840831858541438e-01
1.849524627908555319e-01
4.326581327963134882e-01
1.298960697271918652e-01
4.989058242395286169e-01
8.487320300079380375e-02
3.940371709394970834e-01
5.539245095266659424e-02
3.167941012111518684e-01
3.673254221964935562e-01
5.015266756161804729e-01
2.849751842075178843e-01
4.323551426883078808e-01
1.379105837483269592e-01
2.105305054011716304e-01
3.519937731512791101e-01
3.199010592914652285e-01
4.437118704077006592e-01
4.009379248364354775e-01
2.778802228899193150e-01
3.187280160585510558e-01
3.411531866418375802e-01
4.071385287208745263e-01
1.841399455793883977e-01
4.353536981498769554e-01
4.496710115647480355e-01
6.160264155410546255e-02
8.052470531762985495e-02
5.148353525418311039e-01
-2.455509657197201684e-02
3.061258680118312814e-01
3.976132670296701477e-01
4.378598771451071014e-01
4.082683470339183995e-01
3.835038296467067620e-01
3.799473711534618880e-01
4.209772629894751317e-01
3.032079481702481538e-01
3.236775439791174103e-01
1.016396848873175607e-01
1.958563971306756801e-01
4.101190108416580271e-01
2.799753939571121286e-01
5.006332511352586945e-01
4.037579039039373430e-01
3.735660301268685646e-01
1.835038881875406536e-01
4.096540837097529808e-01
1.210474611370602610e-01
5.330246852232076726e-01
1.378043505910328814e-01
3.509622999123656606e-01
2.925152778046349322e-01
3.930413228666255199e-01
8.259150662361043616e-02
4.005364464232064603e-01
4.163800406546271926e-01
3.972692233926318761e-01
2.432386001170151191e-01
4.004621893999525950e-01
3.499911072132947387e-01
4.079183319009210273e-01
2.205510936545171108e-01
3.467636539429185261e-01
3.809665826988276605e-01
5.628824582026502599e-01
4.202996330374112466e-01
4.170697245487664517e-01
1.634724023669432147e-01
-6.214321924572798611e-02
4.075510958430053066e-01
3.865627852286542265e-01
4.035486996235512214e-01
2.371350380624684118e-01
8.528079256755871640e-02
4.273043864002596393e-01
2.222066209740664877e-01
3.188820642524271554e-01
4.373827191068707099e-01
2.091302478071394022e-01
1.382755045411828143e-01
3.620419062541152533e-01
3.062856745976996753e-01
4.244556292104467721e-01
9.915419896773591812e-02
2.634873801348088240e-01
4.483756129632196497e-01
3.830411096926665260e-01
3.793028033524216691e-01
3.958802237490205989e-01
3.549952933968910096e-01
2.195425478465115599e-01
2.480863483216745602e-01
2.320407251399274617e-01
1.602985230437938557e-01
4.503272458121576061e-01
3.081896798510933566e-01
4.589683237929912951e-01
3.454236071973832978e-01
3.374740893052314838e-01
2.076278326173128519e-01
8.668236208807310328e-02
4.329477412531639868e-01
1.156929723209756261e-01
4.087700312807200920e-01
1.821047019533703071e-01
1.534446237218674847e-01
4.098905668745932984e-01
4.515569002632242590e-01
3.862401056584636727e-01
1.682360898945396421e-01
5.219398495773225344e-01
5.387158106330498519e-01
4.214790174410883439e-01
2.859410990980652545e-01
2.797427474105338985e-01
1.817004798265687004e-01
4.269219202134393876e-01
1.896038559383046718e-01
1.916007253322138670e-01
2.776763054633575312e-01
3.431566608479826308e-01
2.168856789535238971e-01
4.080349605983339401e-01
4.888747880829011905e-01
5.660949931995374884e-01
4.539937671932525731e-01
4.706413059393679127e-02
2.505634353319926566e-01
3.427165902025976485e-01
1.204431583886739210e-01
3.908264447538108977e-01
3.545664854787171638e-01
3.733812172883647640e-01
3.914804234434441366e-01
3.836615388638318080e-01
4.770721662533868035e-02
2.873716464428751061e-01
3.942673924326400292e-01
1.780495166947383967e-01
3.046565783160664065e-01
3.975976868725210611e-01
3.109037380316387877e-01
3.372123177200130884e-01
3.882440791818081993e-01
3.713192135134439908e-01
2.420019065962911997e-01
4.080329548651261407e-01
2.397012740945902443e-01
4.158759517685552409e-01
1.828228896492913036e-01
3.913712267883656670e-01
3.937877775579390893e-01
1.782032519544015647e-01
3.376312451823056393e-01
4.621501251814205125e-01
3.895767205230049046e-01
3.926363372417527864e-01
1.449211768071440865e-01
3.594666994982745334e-01
3.924284041995549921e-01
2.876419826001735403e-01
3.358390739322945073e-01
4.812303431244803753e-01
4.063636690881450297e-01
4.122616742190595152e-01
2.301787674858226940e-01
3.123984553956228871e-01
3.190591696648295006e-01
5.470116407485687837e-01
3.923506702124751611e-01
4.111990965973407741e-01
4.642692888674175289e-01
5.523078470612146074e-01
3.364501197656911136e-01
1.031892654858261454e-01
3.949014885968568089e-01
3.624121439411521206e-01
3.441114456204072969e-01
3.609655822647561685e-01
3.965234824709812367e-01
1.607959163404644107e-02
4.208388278975591645e-01
1.732231642777176672e-01
6.125363067251436699e-02
3.979833043923394764e-01
3.968148622300791684e-01
5.761510559192348779e-01
4.145159837438837092e-01
3.135677159086497356e-01
2.046705337683755455e-01
3.967572668997996765e-01
4.558365617552898041e-01
4.326147486501050743e-01
1.409030076007029564e-01
3.132574914271761268e-01
3.286770287639071420e-01
2.932861820684105059e-01
4.213873002488598973e-01
4.182751141506693693e-01
3.231587300072646940e-01
1.524446328856829402e-01
4.525222056747668642e-01
2.227746874955159329e-01
3.684115942155754553e-01
4.234412122968730374e-01
1.754480502689762522e-01
1.202176049138582448e-01
1.712739461921480577e-01
4.289592881158959536e-01
2.363794858057641224e-01
3.623520571776885080e-02
1.653997761004215999e-02
2.994273337633951426e-01
3.699579834618538232e-01
4.924433484832108632e-01
4.388965341712067203e-01
4.162620046245924521e-01
4.868273807264323350e-01
2.414101762143402996e-01
4.493036204089685959e-01
3.156653422770955841e-01
2.368223218236528427e-01
1.687880904110477254e-01
3.811750332318109002e-01
9.319166335929957024e-02
2.202939425583047284e-01
2.048478219954347757e-01
2.103747054893690682e-01
3.454314667754018742e-01
4.168589721527056202e-01
7.235304456326534239e-02
2.995619519043543066e-01
3.153274424531453679e-01
2.333177007043633622e-01
3.940371709394970834e-01
3.917312960636159525e-01
3.526844679407639682e-01
4.766730301503557254e-01
5.023366384015159891e-01
1.371102480052284189e-01
3.685425255873722716e-01
2.025329448047069048e-01
4.012713379422497839e-01
2.831003004036885540e-01
2.375557403694054381e-01
3.386757089668463450e-01
1.670109604433548944e-01
3.691877462267718069e-01
3.888606223174947418e-01
3.454402041210250518e-01
4.130434347524023497e-01
9.865553186814018938e-02
1.838385125078816074e-01
2.364166970113563693e-01
3.916887897887427195e-01
2.089847809222616926e-01
3.546350497713937067e-01
5.674041263434277393e-01
3.097893458566776115e-01
9.162585065217844493e-02
8.586720981555971688e-02
1.736108088784835135e-01
3.038356104701152027e-01
5.067978222757225648e-01
3.280846179927724982e-01
3.814475142871739388e-01
4.230775211670156355e-01
3.327007950043404105e-01
2.583443361159621365e-01
2.006676079501918536e-02
4.661237311628395608e-01
3.066971648933705108e-01
4.315500919991977491e-01
4.249101016758404237e-01
3.502196559066858561e-01
4.976343406663804592e-01
5.748560029477772781e-01
3.600677181593516241e-01
2.544130143223870544e-01
4.499476849925420074e-01
3.967938176324667943e-01
4.136884770583031945e-01
4.092305685372966129e-01
1.698213566941241537e-01
3.608313501672757440e-01
4.524949583736607300e-02
4.778852094952538709e-01
4.004592267735044842e-01
4.065471904402643832e-01
3.656513811845694684e-01
5.452212798657164461e-01
4.465639025357914793e-01
-6.821235128090299971e-02
2.974185655252742366e-01
1.631832205744405684e-01
1.131789295414546564e-01
4.532002322508219549e-01
1.963742918634644175e-01
3.915115759986999011e-01
4.481043196637276571e-01
4.586403269966821128e-01
1.469435920650060956e-01
3.876693713920340012e-01
2.998229679165128614e-01
2.353078533400666528e-01
4.081282893478190843e-01
4.962352977307278867e-01
2.698862295650654719e-01
3.418823791234884557e-01
3.398104436083205782e-01
4.445776806226721112e-01
3.013881621148880585e-01
1.511820319379285904e-01
2.672996584131441880e-02
3.048081058792121434e-01
2.770132600214825769e-01
1.673701433880466216e-01
5.579432744963446211e-01
5.838419894499241591e-01
1.532249233501893904e-01
3.717442043146922948e-01
1.151194655490185847e-01
9.636371372937541438e-03
1.736521648856932665e-01
4.156797366230614577e-01
4.201976547398094120e-01
3.712949413201599436e-01
9.342127060183416654e-02
1.402392936934667989e-01
3.013897636310310935e-01
1.926837985266835196e-01
2.293460857523517693e-01
1.916608372684798223e-01
3.165816550617754910e-01
1.764589717546926895e-01
3.154447280136615239e-01
2.298702452220745263e-01
2.264727188042315320e-01
1.547657495731177141e-02
3.839820169405896433e-01
4.479459934575086844e-01
3.960817884015688239e-01
6.721841941661955977e-02
3.423299162082460434e-01
3.669091426007791146e-01
1.778289683624186823e-01
4.732314210857728742e-01
2.433636930583554514e-01
2.094537852442356352e-01
4.124175878195047718e-01
4.467345207248680783e-01
3.941361258660621147e-01
4.041819342643617197e-01
1.143930855490841725e-01
1.713552035313393729e-01
9.263198995376452360e-02
4.014118658258002126e-02
3.679163661351838033e-01
2.752256672703656815e-01
3.055577633123663372e-01
4.657877298977306513e-01
3.730834286017325474e-01
9.618577655644432178e-02
3.377659121180983659e-01
4.199586419611762711e-01
2.325546464339068586e-01
3.651074426035655907e-01
3.512351945620318938e-01
4.271089307280930281e-01
3.519154971100282858e-01
2.703099262036820494e-01
3.022521148068093022e-01
1.262261660259914597e-01
1.953215592632835673e-01
4.081143897909564888e-01
2.033904886365187070e-01
2.607497081592942689e-01
3.557102288248377153e-01
4.629442074060399759e-01
3.391945827704591632e-01
3.713398570681453736e-01
4.600207515914314649e-01
2.201536687807998383e-01
4.399201269615222731e-01
1.675932225529927211e-01
3.054597682457343422e-01
5.415236179206130984e-01
1.698678157654345544e-01
3.471880231079458867e-01
2.486579138237514086e-01
4.142994228125004286e-01
3.780508182113448967e-01
4.297516094528116004e-01
4.279760453750169891e-01
4.285098457505598368e-01
4.404528403242687351e-01
3.910298892522158232e-01
1.040368285906558693e-01
5.647917842712383285e-01
4.329725312691711236e-01
1.855335996318835945e-01
3.459362314035305253e-01
3.521114881976130651e-01
3.617637036933304961e-01
4.382190701049799020e-01
4.315747845085222134e-01
3.145203466962168126e-01
4.007042545941662537e-01
8.115639432711141410e-02
2.028694525910994528e-01
4.988501836485365049e-01
8.958076889232857720e-02
3.880630362421002566e-01
3.316947467366528901e-01
4.477771902204795706e-01
2.064960039498668354e-01
2.130656074509861553e-01
2.023716083389880682e-01
3.263777206104173101e-01
5.014096399632173018e-01
3.967385125059550988e-01
2.752373967848872338e-01
1.647702653202118561e-01
4.520165087582756480e-01
1.892862415965099743e-01
3.566683489066991286e-01
3.237381339885736509e-01
4.959826155110031443e-01
3.768919341105301246e-01
4.333409510167217649e-01
1.935945917951839845e-01
4.242232041907530449e-01
4.236526773630533427e-01
1.992822504301299674e-02
4.146959104602826462e-01
3.678865408325935893e-01
4.156295705551385500e-01
3.443589932627014183e-01
3.985681074846343930e-01
4.167981243314312634e-01
2.324814594116451916e-01
3.205477083830192142e-01
4.134897599328253848e-01
3.608334427851616066e-01
9.550878561027582869e-02
4.124203815726770195e-01
3.031801270656540592e-01
3.378107222891671979e-01
2.723219866408383427e-01
4.161047320714367226e-01
3.813907635722270095e-01
4.034124365656022171e-01
4.128144343748635370e-01
3.200710839967822463e-01
4.595857918729200353e-01
4.167497065790740085e-01
2.213798942537760772e-01
3.418077833578699321e-01
3.315554853689591241e-01
4.171231701191098762e-01
2.088343798932379702e-01
2.644523577371828971e-01
3.875199539772308244e-01
3.196425879547700744e-01
2.037343166178195164e-01
4.102070640231987309e-01
1.007890556174277363e-01
4.557321536741413270e-01
3.446866468354877755e-01
9.601613691953927998e-02
4.259149043060303508e-01
4.353931497685905594e-01
1.767006339766077905e-01
2.261036297925947403e-01
3.551279999089642092e-01
3.344634049251718477e-01
1.549287677931249774e-01
2.464289272408201337e-01
1.504309407831098955e-01
1.298463908192522553e-01
4.511310446814315589e-01
4.117639596145303282e-01
3.960445761171792478e-01
3.922614617219680744e-01
2.625474704009951310e-01
3.202093571031284225e-01
3.832836195588452122e-01
3.568852743056144528e-01
5.630409444028131594e-01
5.804847406853991254e-02
2.275968877875449159e-01
3.629943868813910735e-01
1.204351899817872051e-01
3.963965145798645229e-01
1.988541109436048893e-01
3.858768830585893594e-01
2.270950034912615212e-01
3.474832117685127120e-01
5.082211195630108591e-01
4.281828216975133716e-01
4.233370686870415733e-01
3.928361283514745228e-01
3.087399500596529345e-01
3.730516304277611828e-01
4.519613870273117562e-01
1.983974571084981542e-01
4.171912570024713940e-01
1.380193197984335984e-01
4.491720146851039819e-01
2.051432798003783031e-01
3.776559450252737205e-01
4.915730667362506745e-01
2.256853906808027888e-01
3.973218162359166139e-01
4.030754538023751388e-01
3.976508198405891981e-01
4.600017968732193485e-01
3.550842644689989891e-01
1.759852579844244092e-01
4.565386012398375271e-01
2.588551649336367499e-01
3.563903953613849485e-01
4.323601240765162501e-01
3.596836591697514796e-01
4.004128698560037170e-01
2.993688751462906250e-01
2.968190378036128507e-01
3.824837531548277991e-01
4.355975814495457454e-01
1.561463407097996858e-01
3.848550830634835940e-01
4.256517138948491819e-01
3.242401735538760765e-01
3.301464138087599198e-01
3.095949986902697404e-01
4.216646982965285284e-01
3.397090070329521483e-01
2.928851085361214857e-01
2.991478421020277167e-01
2.531390296820833496e-01
4.438286838284118963e-01
3.390172513292680212e-01
3.594311496405854789e-01
3.970511788659532582e-01
3.115794083068428311e-01
1.292848861811656536e-01
4.073546782985337233e-01
4.412218422534123219e-01
4.066582473153864119e-01
3.997564336245383321e-01
2.887970375720692595e-01
8.124395109590701325e-02
1.801610127871511868e-01
3.397898735155688299e-01
2.554253527669170243e-01
4.039536179065745802e-01
3.718745118304351838e-01
4.795765854941688722e-01
4.073212350830958672e-01
3.686898369408150300e-01
4.719450101108505491e-01
4.575462173734894389e-01
4.466324575342140446e-01
4.336719087797908379e-01
3.059595162172800697e-01
-2.002429645320600096e-02
1.554168975581765866e-01
3.123216913303359377e-01
5.958273450005828475e-02
2.980651805932197917e-01
3.519103097545124847e-01
4.199636336394515501e-01
3.567549485333011972e-01
2.864841777946049994e-01
6.033632948645067245e-02
3.368638745607085427e-01
2.205955588256780509e-02
3.180784387375872324e-01
2.178549846960114444e-01
2.693973717207265861e-01
3.484586203246028968e-01
3.129498985058439264e-01
1.975872375953284243e-01
4.584627918910008648e-01
3.592282066169747434e-01
1.981028995443750440e-01
4.527519571856995495e-01
3.708890974290190989e-01
4.063365215680129761e-01
4.008425117675055716e-01
2.932713055360801624e-01
4.374927586761013787e-01
4.170405685984332478e-01
3.666492336006599850e-01
4.050896309643886029e-01
3.513456772680159657e-01
3.443428039169930677e-01
2.154357229657750950e-01
2.566021035254693050e-01
3.925941522825179830e-01
3.190682777847999585e-01
4.231986846305382244e-01
4.279375140534185662e-01
2.058120044463715992e-01
4.943328653431093844e-01
4.326716520356216344e-01
2.078627521069014716e-01
2.351580789263284788e-01
2.473888097455970159e-01
3.937066861045848687e-01
2.630561230977205289e-01
2.784087449668119427e-02
4.716894110720724065e-01
4.506735756904580170e-01
3.752381785755750099e-01
4.029497649499812484e-01
2.225131943229956000e-01
1.359176152855981756e-01
2.958986425178617985e-01
1.644847197100934855e-02
3.329078433497352774e-01
4.485396867527114417e-01
1.969224598694387096e-01
1.963117005397202186e-01
3.239411374870737603e-01
2.367014395372464830e-01
5.767166849655200878e-01
1.620974164459976219e-01
3.100965875049991327e-01
3.007174519008987690e-01
1.882057251517354757e-01
4.460913587627303167e-01
4.368261824135179494e-01
4.306953662609231404e-01
1.788912902261834970e-01
3.905866439137210544e-01
4.073703211918973111e-01
3.322723669473067187e-01
1.473033121989077709e-01
5.555921295497903145e-01
1.211949031909499569e-01
5.746588253490876319e-01
1.293022973893379057e-01
3.444386156430321866e-01
2.833504232182170179e-01
3.288896838680297474e-01
4.071994661653124958e-01
2.302924980616072315e-01
4.025183186669442637e-01
1.189495117517955780e-01
3.438824187708414692e-01
3.125454572172135514e-01
3.293423512565207822e-01
4.102538460698357259e-01
4.215745178511105529e-01
3.806148697047864182e-01
3.278534474069238480e-01
1.215855095675737046e-01
1.665686716817224300e-01
3.632728618385041020e-01
1.009178305511403140e-01
8.499990527437133181e-02
4.124689545888667874e-01
4.840979112620137359e-01
2.236615272464292092e-01
1.811464359849148109e-01
4.518459910633205179e-01
4.869039519774409075e-01
4.221864088807305571e-01
1.550626907736753490e-01
2.153830663697168246e-01
2.631026296361139161e-01
3.475573303737694575e-01
2.635522916663718407e-01
2.120136267725510892e-01
4.588130493384776076e-01
3.989704048710130957e-01
3.949590794459781340e-01
3.862205853185078919e-01
3.903071642021088139e-01
2.618813226699087671e-01
7.582766590524096795e-02
3.017705013355598820e-01
3.561234757552613761e-01
3.381012250897584281e-01
3.924197089270279881e-01
1.071906352711036875e-01
1.911938855451596198e-01
4.136287626381108251e-01
2.976149468470505322e-01
3.214476878025459006e-01
1.617079906056011762e-01
4.029725769495737797e-01
2.199226846609221298e-01
4.141961490452624184e-01
3.863070990562448292e-01
3.976829534375488362e-01
3.886528067812225484e-01
4.650941072730118697e-01
2.316276540534701889e-01
2.147961587149674612e-01
4.235078759975902107e-01
4.028308306966845720e-01
3.671092760211951966e-01
3.473595255789033720e-01
3.262289688965571699e-01
3.917081110490971407e-01
4.355335013439805558e-01
2.933090704136609439e-01
3.720255774816045857e-01
1.617318658844486001e-01
4.160526164507521441e-01
8.190554101715008528e-02
4.528603777290765575e-01
2.022534927269034055e-01
4.351261900809966776e-01
4.653723569896880408e-01
3.172048554143532817e-01
2.576329233969977817e-01
1.838173927523256979e-01
-1.598260537259019870e-02
3.408669554015513192e-01
1.656966867627160944e-01
4.052048312926314622e-01
1.269980861278716400e-01
4.450498815871324343e-01
2.519565246081478804e-01
4.296432338869852763e-01
5.583824748842141084e-01
1.230081338927830198e-01
3.082623970571136129e-01
2.278797033065004529e-01
3.638999942621624628e-01
5.591863570698364372e-01
4.029837244114383155e-01
3.449677401037624241e-02
3.650807405644965198e-01
1.283460502085752852e-01
1.348345415932220848e-01
3.943533505067625677e-01
1.942185981079184998e-01
3.742725172646407805e-01
2.866001637777566002e-01
1.459482785102837188e-01
3.319280434660893397e-01
4.003157159401051213e-01
3.788812585618141493e-01
4.887950533831704747e-01
3.944937558975429304e-01
5.083647100614444581e-01
4.302162280486775403e-01
1.632575510388979412e-01
5.591863570698364372e-01
3.776489990641253014e-01
4.084990589727086757e-02
4.441887641405888321e-01
1.372924229560294751e-01
4.008897954549055509e-01
2.890046547548537070e-01
3.233112655613016861e-01
2.698208166676253628e-01
1.711629657456683051e-01
2.277243509296250357e-01
4.153569637783932067e-01
3.416353725395523400e-01
4.267897834723303752e-01
2.725385562026003683e-01
3.802620519392848619e-01
2.088504046445541495e-01
4.621910019744042697e-01
3.727291466177956036e-01
5.609479213456002311e-01
3.597475528715840531e-01
2.209265200248204108e-01
1.560591730549060752e-01
3.824411927741187545e-01
4.340095802306426775e-01
4.495016200097389225e-01
2.189122512065252990e-01
2.488906469230700580e-01
2.396294423996575274e-01
4.364356291469170812e-01
1.952793506794242850e-01
1.121010220176370253e-01
1.011562241415926849e-01
4.362695273014110531e-01
2.043500232447131026e-01
2.240568022845094431e-01
3.938899906184388788e-01
4.144487436334494124e-01
4.587552367550107313e-01
8.784952653936109468e-02
3.939886937703017122e-01
3.590555909101470489e-01
3.052066674733878160e-01
2.374476621367227758e-01
3.939961355633043727e-01
4.304810821728175529e-01
2.961140956903460242e-01
4.282115276648792990e-01
3.400501216729747145e-01
2.054807301807599074e-01
4.274906147038575743e-01
3.616787474692528259e-01
4.017369001538503293e-01
1.109839663179767316e-01
4.551913887489420496e-01
4.085050497755095544e-01
4.308544906941891295e-01
3.889600906686090931e-01
3.492797308207561957e-01
1.666287631000928082e-01
4.297287128921045696e-01
1.185191674031893516e-01
3.010614856005538464e-01
3.634522746946856619e-01
3.072139154578499287e-01
4.243726767072049100e-01
1.550195260434354405e-01
4.049574027329667092e-01
2.348218426701144113e-01
2.932864977411089868e-01
3.800140727780548233e-01
4.246428720399583190e-01
4.382190701049799020e-01
3.897498974534024385e-01
4.131552358317199802e-01
4.018505181768412537e-01
4.230549407769135239e-01
3.951602211269847897e-01
4.116870862587743707e-01
2.870917001099211885e-01
3.969026535128195587e-01
1.740320179764034969e-01
2.822002495760764229e-01
3.722339817092866765e-01
3.959851161271902287e-01
3.364156740155870295e-01
4.108886591363769547e-01
2.177468339920055895e-01
2.970063963548851826e-01
3.567265113524417108e-01
3.766200216721293098e-02
2.000625342740363910e-01
2.091890757878561435e-01
4.888320113203411532e-01
4.151022523408724463e-01
4.180350105419569640e-01
3.948184722371108624e-01
2.225692801668436305e-01
5.736264854209883746e-01
2.640303415743761595e-01
3.895606467745806878e-01
4.272307571125808501e-01
1.748291151906342933e-01
3.307767396592587450e-01
4.169254600094564611e-01
2.616233947566273810e-01
4.002363849387866046e-01
4.075785638489316520e-01
3.586628756714390631e-01
6.964663491063585732e-02
4.370535344717060844e-01
1.431638390104040259e-01
1.234116343249104519e-01
1.609301602139513454e-01
1.930795789890971809e-02
4.434767936626536899e-01
9.482780209220481593e-02
4.190791376587432171e-01
3.421901661453573551e-01
4.169136363076287322e-01
5.832827303699923416e-01
3.359436542060953435e-01
3.034626555000405901e-01
1.799534325116834421e-01
3.249931473760214184e-01
1.233818326936233778e-01
3.706524242091320254e-01
3.194769191634115324e-01
5.666176158653980499e-01
3.075012777756547244e-01
2.377962753518310379e-01
4.415799770790637124e-01
3.712186819868052434e-01
4.075409553969651655e-01
4.599816452708510028e-01
3.197566121449594290e-01
5.021275726221113844e-01
7.150614226329839174e-02
3.525864603434859523e-01
2.723098694231497752e-01
4.160719573784119052e-01
4.213339426834840085e-01
1.892711407313847349e-01
3.162310799499744585e-01
1.979132157699135808e-01
2.936717910408346288e-01
1.613998063451377654e-02
3.356960759425536289e-01
2.254057917465248917e-01
4.132097250555051837e-01
4.261824048860135550e-01
2.367255097205421266e-01
4.239030017052233257e-01
1.987217830064135216e-01
4.124913320820846607e-01
3.161634744591796387e-01
-3.230105869918372535e-02
4.218153036331715455e-01
3.115079039594778609e-01
5.477802075697006945e-01
4.076662660064149235e-01
-1.011812914759409321e-01
2.349119287415112889e-01
4.629311709700335564e-01
4.164687636033470031e-01
8.335981606859245441e-02
9.477979118648080514e-02
2.864154848968378797e-01
3.174172711914353129e-01
2.018223108166395108e-01
3.566181114721830303e-01
4.434767936626536899e-01
1.250372732892769956e-01
2.478806899444136458e-01
3.684210524260287389e-01
4.157481518757363270e-01
1.888224277575268617e-01
1.551000711014966782e-01
1.385688811541565535e-01
4.280267831225454955e-01
2.104373090948060410e-01
4.259598957980366696e-01
5.548190524299834864e-02
4.115650736157765999e-01
3.577142475954321887e-01
4.013281608536340972e-01
6.084686656724273141e-02
4.919650430195270374e-01
3.189815245540536526e-01
1.673931847046851995e-01
2.008378003644097076e-01
3.094790146987440038e-01
2.797863192882255601e-01
4.157901692894458434e-01
3.935676435667821993e-01
1.226627643308298571e-01
4.298799837637217180e-01
1.189703798674989627e-01
4.452584229880454658e-01
3.248130422431393383e-01
5.546011624124979056e-01
4.094655331704046830e-01
2.664615005876800335e-01
3.042926925877658118e-01
1.813760847196547732e-01
4.267736903055540099e-01
2.792190445210390726e-01
3.566019695105731580e-01
3.243798336201713095e-01
9.774514856856143796e-02
2.316227783303493326e-01
4.148994741243013928e-01
1.649815551596223451e-01
3.767761643847528652e-01
1.412796744790298931e-01
3.549883851936495027e-01
1.414348627127408331e-01
2.283566088231749058e-01
3.383926850740354708e-01
1.861600330156119032e-01
2.047043732006622804e-02
3.522709804177874826e-01
3.682602723085456331e-01
1.206304976668168411e-01
4.046604911500639723e-01
3.109770574140355848e-01
3.536323229754925190e-01
2.366331929659460376e-01
4.299779997216791605e-01
4.258919890738308567e-01
1.469898641879986423e-01
2.651233654295385711e-01
3.924949432576872455e-01
7.323241899509554120e-02
1.323330611182767236e-01
2.007159628237051296e-01
4.343924078975561764e-01
3.439448057039819484e-01
3.610029312244702471e-01
4.119655574608428461e-01
4.116409264292491543e-01
1.994431223491174507e-02
3.321152901543759639e-01
3.921958304303049814e-01
4.433616742857034998e-01
4.107189366810299891e-01
1.636869765270565769e-01
1.656671010776118724e-01
2.134923750729451619e-01
-1.523582946418219376e-02
1.696358338410020039e-01
3.208768603638182393e-01
3.901434023095248227e-01
4.909688549595246365e-01
2.547882652636460077e-01
1.893981977477586509e-01
4.307761708371694587e-01
2.900805049862118512e-01
4.147077812142713205e-01
3.148421668798496720e-01
4.915838304159616534e-01
3.564693339501711633e-01
1.766683303030983643e-01
6.948429871097464017e-02
3.429044614315596151e-01
5.744492007526611488e-01
4.238918074401510916e-01
4.550085106089903908e-01
2.208041926219526663e-01
3.791812280372685584e-01
2.800892120555174003e-01
4.240799213155300174e-01
4.108221847231006696e-01
3.384387517950518398e-01
4.238511591862344496e-01
-9.405556235252727701e-03
3.425722017338500569e-02
3.338172217495920524e-01
2.255672360867911896e-01
1.227027096030569031e-01
1.609788338072469516e-01
3.309719960028707497e-01
2.941503478228063573e-01
4.130412246285908862e-01
3.169519568957618882e-01
3.919555775326376001e-01
1.631258207554327766e-01
2.779277223367872529e-01
3.551820860774664301e-01
3.726683578814216635e-01
1.787086890881949275e-01
3.744414404141434005e-01
3.653860375146443240e-01
1.752476654317282334e-01
3.234831606315064501e-01
4.094333609442018518e-01
4.118130325469632896e-02
3.972489474588701275e-01
1.099632913580870369e-01
1.125299800546099294e-01
4.452497045836140144e-01
1.702647553463177699e-01
3.562594905238534726e-01
1.415451282666748203e-02
3.191272092470769373e-01
1.791860021672432024e-01
4.527785987498792464e-01
4.635515291065432364e-01
3.488248583290105564e-01
3.933737296204906642e-01
2.592398918025207166e-01
1.887315537698960322e-01
4.788493036248450130e-01
4.839066546840153360e-01
1.278808952585300807e-01
1.029953898368401594e-01
2.948381592981936805e-01
1.359091652579375864e-01
2.572366318413781272e-01
3.379865003036813809e-01
5.258969770616338246e-02
1.769929840724205894e-01
1.200179455263290090e-01
5.292619531270266187e-01
4.089715041732561174e-01
3.818807234495406044e-01
3.569684404522218135e-01
2.746533296813312153e-01
1.572717011002981724e-01
1.423697242558955023e-01
4.146951340581357393e-01
4.306976527718847092e-01
3.988918771795367246e-01
5.277079673425657536e-01
2.133488896742677110e-01
1.208652303584968613e-01
3.764893239559072846e-01
1.114869036864325064e-01
2.121692592633049879e-01
3.973289624384481744e-01
7.044812341611672579e-02
4.052925158574195996e-01
2.467246694074066438e-01
4.259922042846419621e-01
2.571398238045035090e-01
4.100417072532245855e-01
1.880137709808477331e-01
8.594644089846117940e-02
3.283096469853661326e-01
4.117814525623471056e-01
2.462492794609583147e-01
2.993040585125878450e-01
3.911627008225530000e-01
4.322786236759858514e-01
2.235772188038483710e-01
1.329214888036642783e-01
4.212217039443841293e-01
3.694902523489478896e-01
3.789904687018593732e-01
3.555494730010408944e-01
3.571750369682462067e-01
2.495277374967642403e-01
4.266524726532112122e-01
2.158102406567806997e-01
2.021581038894214311e-01
1.969018816286551010e-01
3.358573862681830668e-01
3.760027159849125833e-01
3.007035554974437641e-01
1.676571148181576487e-01
4.274506681661182639e-01
5.088769841978549868e-01
4.120295003724309679e-01
3.085657369029183861e-01
2.480014575100586705e-01
2.807234510359050694e-01
1.418150770345910638e-01
4.064616552546990169e-01
4.331819765362860397e-01
4.255443234784550555e-01
5.860076266465190642e-01
3.148044728709556983e-01
1.088265873980017867e-01
3.134167039069019056e-01
1.422940927618464302e-01
1.369264665592196950e-01
-2.050525741803371077e-02
4.104789475493121897e-01
2.462905773738940096e-01
2.512341934850386704e-01
4.563984675400179492e-01
3.274010500911975763e-01
4.041812294570151232e-01
4.907530433358782140e-01
2.884571335708689954e-01
1.174030692943570965e-03
4.489002350139805753e-01
4.978284794174407391e-01
4.206305947837320480e-01
1.589480692077471780e-01
3.773328491222944225e-01
7.783148374983091256e-02
4.673094944951864393e-01
1.244587803108292423e-01
1.763020986055059136e-01
1.690482623887645253e-01
3.647103935040063027e-01
1.692058165080259080e-01
6.377604921902135793e-02
1.628469455852527836e-01
3.185543325083258770e-01
4.549152058419999589e-01
3.035108250045331357e-01
3.283099236553915778e-01
4.062596195826353451e-01
2.860606407972485776e-01
2.547376142607593041e-01
2.259721646391353866e-01
4.197881159677800400e-01
2.115036866556773143e-01
2.916386619613329234e-01
3.304633372482833620e-01
4.362804907038525526e-01
4.505729663866803181e-01
4.086253499522071730e-01
2.553371462301852191e-01
4.210914794130519723e-01
2.026964602750831734e-01
4.315744088795869793e-01
4.817708796765812762e-01
3.961897497092167764e-01
1.832432470989498741e-01
3.543519584952412593e-01
3.232331601359993978e-01
2.651192928295449391e-01
3.646462413472264519e-01
4.152686420178071103e-01
4.082455000149045055e-01
2.403042641333290597e-01
3.268729550598624689e-01
4.047818922809389153e-01
4.111851918954446683e-01
4.228078328690119125e-01
3.095602401304293760e-01
2.017838059411354856e-01
5.804237460569223739e-01
4.254119678244704938e-01
1.362271848955943776e-01
4.307284841774708384e-01
1.344081370954849364e-01
3.841291537778165899e-01
3.995409886675108102e-01
3.245170587163941356e-01
1.197789768072314159e-01
4.163730204224311282e-01
1.381475520659651568e-01
4.076682062026842912e-01
4.780592371403382113e-01
8.307119703487128581e-02
4.185442890241238278e-01
4.345443652162190862e-01
9.777298747331163165e-02
2.259136643638566533e-01
4.496364763574491330e-01
3.894581076683310550e-01
4.050885362755342056e-01
1.630661805233035999e-01
1.823440806932548897e-01
4.347178254553949461e-01
4.261311844181676634e-01
2.154469106180270932e-01
4.223266224530454749e-01
3.805364718424206205e-01
1.011160185109634402e-01
1.894973257227527130e-01
3.421554784956959416e-01
2.946302408197599698e-01
2.019225811861510844e-01
2.734695746547088913e-01
3.295847036182878997e-01
4.006337106253868852e-01
1.151290303322013708e-01
4.340320269328590830e-01
5.561494083312361614e-01
2.031937264318566527e-01
3.834748150603172756e-01
4.011248222018450882e-01
2.602379715336582966e-01
1.805182922924809807e-01
3.314587501094127808e-01
2.976021800273946361e-01
4.486366541196546431e-01
4.283875343636833755e-01
3.552064025014414206e-01
4.368087565171049902e-01
1.801192546426734764e-01
3.699628697499274810e-01
1.103409566270462105e-01
4.064422429604460096e-01
1.685073836919381285e-01
4.204720433578223449e-01
4.465351669429909465e-01
9.700673438202793430e-02
3.127134421449682677e-01
1.116572969047715524e-01
3.364335032162361627e-01
3.773387905571507495e-01
3.900421673862744520e-01
2.223208389743471514e-01
1.808470112191325196e-01
1.849341370114924443e-01
4.147516027920549186e-01
4.323397552209605199e-01
3.907402862723364234e-01
2.345743801905717796e-01
2.251338898549240519e-01
3.498114387443820306e-01
4.065641182642439899e-01
2.471207471329459338e-01
1.256118439680585785e-01
3.473780158333685808e-01
2.483779075760529365e-01
2.925860048370244049e-01
3.132879357104861318e-01
2.306412580709515936e-01
1.715885481427808223e-01
4.258356048180418352e-01
5.761651143082596738e-01
3.725634966224060651e-01
3.699357975796404019e-01
3.779804860187817028e-01
3.912743199170578556e-01
5.033139122189526082e-01
1.639546049289649365e-01
2.049809817683594937e-01
3.836944516429161567e-01
4.178769693042044819e-01
1.776926018229094406e-01
1.715656854397133446e-01
4.059231675876994738e-01
2.789557102304492386e-01
4.997736090348414012e-02
4.234806729608874276e-01
2.351102787439559860e-01
2.152526425928144582e-01
3.020174685019008654e-01
3.194641896867404518e-01
4.484657727870116073e-01
4.476545310459376648e-01
4.992942982279877095e-01
4.567765893269667421e-01
4.019227025399600972e-01
3.382740319719224065e-01
3.255589776595026463e-01
1.906195771593543475e-01
1.561528100914771622e-01
4.397943547097955541e-01
2.196298673628768183e-01
4.620500475587624445e-01
3.188918712671048872e-01
2.901194439272358760e-01
4.363742063474067567e-01
3.011652605106483471e-01
4.002559786991998214e-01
4.193643888946308462e-01
2.141400375960557934e-01
4.038624995506002180e-01
3.869899289774549889e-01
1.742246023049738302e-01
9.762291571087015896e-02
1.361576974843326515e-01
3.662797372133643203e-01
4.105008844368011611e-01
4.813420689369374283e-01
2.009276209219978682e-01
2.833892258988385815e-01
3.681108397698336643e-01
2.142636786343659130e-02
3.997425543988563645e-01
4.029282430260381909e-01
4.395139512157228423e-01
1.018980392574857646e-01
2.105039766957905456e-01
2.094483595574921087e-01
1.857940179903159461e-01
2.816643439067789689e-01
1.129989184299099447e-01
1.889278516508473282e-01
1.135565922327105570e-01
5.014271588929344187e-02
5.429125204102254187e-01
3.618224556473607217e-02
2.409160237156424689e-01
2.977365088846979368e-01
3.968424988603281856e-01
4.106965490637140559e-01
2.953876906550521597e-01
3.214120546285084146e-01
-6.574352821607747088e-02
4.276728071436232126e-01
1.723333772369126937e-01
3.839073041669519015e-01
3.247682707428058979e-01
1.907078465827098668e-01
2.629874932473594829e-01
2.829450720055227686e-01
8.926945756402739074e-02
2.239103913949077040e-01
3.971733011106115541e-01
3.876014894801669830e-01
1.942028466709456447e-01
4.693711584074529708e-01
3.840341829328115519e-01
4.392291157732253204e-01
1.524574808640925816e-01
4.043797445984371741e-01
4.855637333711910752e-01
3.849629500178564645e-01
5.802881477041034186e-01
1.363626750626743267e-01
3.875458636189077488e-01
1.739026579766625169e-01
4.095663657852317008e-01
4.198483444763969619e-01
2.380262648827998484e-01
1.349918650988059798e-01
2.649817057293897826e-01
4.380818165451041968e-01
3.858762165355820312e-02
2.266035976676424313e-01
3.673121044640808019e-01
2.835828013102265066e-01
2.863706396856015579e-01
4.879953955189772485e-01
3.716483323419709217e-01
1.803069615365694989e-01
1.610072070901101271e-01
1.935966887023265193e-01
2.293639802357995416e-01
5.596597340893658679e-01
3.575277472481897534e-01
3.926270135282832197e-01
4.011827310887206011e-01
1.291958480576538004e-01
3.292852879807908195e-01
6.545404108243547958e-02
3.629886095274609259e-01
4.527890126295528450e-01
4.153056962583864253e-01
1.320050905191086643e-01
4.062436891482885115e-01
2.174705251406606199e-01
2.014135795399784601e-01
4.233702310002490088e-01
1.597269889928086828e-01
4.448807994394988197e-01
2.800675854052480096e-01
4.056104760211865501e-01
4.212066958065581457e-02
3.774115365172693304e-01
3.064841903822509428e-01
4.114686807499089993e-01
3.764198609420623121e-01
3.769627244600249893e-01
3.934036026391171115e-01
2.115952529822470174e-01
3.133484742073694429e-01
4.682738932190572134e-01
3.101048383130221020e-01
2.783410759851631111e-01
2.889102355902113395e-01
3.866517514954461582e-02
4.312696614522071314e-01
3.953740595888046716e-01
4.495667172552266222e-01
3.885328055143724701e-01
1.406745872582626511e-01
4.163859089879973913e-02
2.185511749984349605e-01
3.056963768077990834e-02
4.511594073007979544e-01
1.328603101391038488e-01
1.971035236797259449e-01
2.922777028139023625e-01
4.175422052121832150e-01
4.726199305389190974e-01
4.531122704351174812e-01
3.402360127279273616e-01
4.156813317494048587e-01
4.509805908743226288e-01
3.210245962655063900e-01
3.280416513618806262e-01
4.164398388890743763e-01
2.259177250400278003e-01
5.526907319873715085e-01
5.410049882986288639e-01
4.011336292958655458e-01
4.375162357957460557e-01
2.040049200419723485e-01
4.121243885442167909e-01
3.563421815017248639e-01
3.990121706759892639e-01
2.392246606000572040e-01
2.114250405869390059e-01
2.097195638976958043e-01
3.868664375522576360e-01
2.159367763650862915e-01
2.278815366810870990e-01
8.879701440956427883e-02
1.777358859677164171e-01
5.036771410634037771e-01
3.882031110229881565e-01
3.051598591829309259e-01
5.387499839038412119e-01
2.743634737649678357e-01
9.662333111449540601e-02
3.514899703124710340e-01
4.634934083604670407e-01
1.496148466116019038e-01
2.431961204801377507e-01
3.083658429755117281e-01
3.421478343944796968e-02
1.733120955173084732e-01
4.370849487183011139e-01
4.450080395194828120e-01
2.569029729357391600e-01
1.623179605461123887e-01
5.239768740902874811e-01
5.498391297263081207e-02
4.083934437095572134e-01
3.120642860528734519e-01
3.744111530751002559e-01
1.350820679915070988e-01
4.011951211591517352e-01
3.329511903396737971e-01
1.264039934857517644e-01
3.961285458018358741e-01
1.071499395501041424e-01
3.368189203287026423e-01
3.234877043184403167e-01
1.531951711724245935e-01
2.148693397571650454e-01
4.026405549944212514e-01
3.661908514492305811e-01
2.581695678142657546e-01
3.248090003214449961e-01
3.372101760583404717e-01
5.567517946998790102e-01
4.579167737206636390e-01
1.776555518560272717e-01
4.187937865511173197e-01
4.126318251873871135e-01
4.062837388356503876e-01
4.400144262136911344e-01
3.019140490970220192e-01
1.068627514995619116e-01
1.203192259843178930e-01
8.966367656842906542e-02
2.280867486903891406e-01
1.434301671866321792e-01
4.208840022042223405e-01
4.893073266067524130e-01
4.438358872901868590e-01
2.899665142802322348e-01
3.104410513958394957e-01
2.549313643361790158e-02
4.006809084239217889e-01
3.129694651511009673e-01
4.018715093324931598e-01
-5.644033222714334164e-02
2.608414058916783684e-01
6.933101779096031980e-02
4.547878573013910963e-01
1.649125532330961152e-01
4.060369874495234344e-01
4.020283984976711911e-01
1.817305196853529481e-01
5.149389848432157635e-01
4.230721218693147545e-01
2.520806824396557011e-01
3.714282097196783261e-01
1.789038370541665146e-01
4.143311406160699595e-01
1.636791891299158030e-01
3.968613914232166362e-01
1.139880848832870303e-01
2.675851378898737587e-01
3.544535208749764466e-01
3.139840401084849630e-01
3.676208627147470320e-01
3.216554726345861037e-01
1.671546461819594653e-01
1.622779350901984718e-01
1.637466265513461972e-01
7.030115965843794501e-02
4.414313007980329440e-01
3.793349758483238743e-01
1.368709138072263243e-01
3.716346276325047659e-01
4.107449814420737200e-01
4.180212305656302307e-01
3.519979107721517980e-02
4.056092765645135656e-01
5.271232487465538075e-02
1.107896039394890841e-01
2.782970235447488339e-01
4.590644537642456502e-01
3.538846480510595138e-01
4.520186529094805672e-01
4.364030591842133627e-02
3.889612446498249554e-01
4.123025291871432740e-01
1.034921930235860876e-01
3.934451695304606589e-01
2.629126774900680807e-01
4.122399619703703832e-01
2.220775870771271310e-01
4.357774209493290307e-01
4.237938252568488329e-01
3.747490489987831408e-01
4.078391037795257579e-01
1.817922991726067805e-01
2.885148757005711051e-01
3.225686493553994727e-01
1.546638230551949378e-01
4.166439707473535425e-01
2.088897989573456071e-01
2.859911666842386846e-01
3.426716348088100217e-01
3.302642053874667027e-01
3.369603424029912753e-01
4.590963993600227222e-01
3.331499452645507175e-01
4.161162213460891657e-01
2.143348998207685319e-01
3.387095539305627345e-01
1.762055825907727635e-01
3.314045632808203523e-01
4.608601718509565681e-01
4.331152513441204333e-01
5.058540752208725254e-03
4.728460437228391711e-01
2.215648444937179939e-01
4.448090250608612850e-01
3.620843703314156614e-01
2.807012570212193969e-01
2.660476762517263727e-01
4.634241221034169911e-01
4.425353958523864928e-01
4.523900974388029850e-01
2.255003755263055853e-01
6.618225797342093542e-02
1.464048399837412917e-01
2.489598897974261427e-02
3.013079113973451961e-01
1.716031980446854066e-01
3.540129490867349737e-01
1.089258732663968832e-01
3.026292785387360018e-01
3.451384111668749921e-01
2.554163270504664074e-01
4.166708337969255438e-01
3.053543492484940836e-01
1.523929895033472870e-01
2.275458265408506486e-01
3.407446512343185741e-01
3.234337044122330695e-01
2.405675441261816150e-01
4.445204446148910971e-01
1.967938198839375707e-01
2.951304435458765862e-01
6.406604330442862427e-02
3.916751711341104891e-01
2.930437911603846479e-01
2.507376225716584361e-01
3.884070331796613540e-01
1.350451371902387510e-01
3.207823778198321540e-01
1.956388748871321914e-01
3.951722747786147183e-01
1.789443985323220798e-01
2.150429667379547272e-01
4.496187374438389006e-01
1.515467895834329004e-01
4.285433378438155971e-01
3.657663807942688750e-01
4.034715268600413407e-01
4.058917832154922967e-01
4.158404851442301098e-01
3.858847693160959991e-01
4.061364504066510839e-01
1.923658279328134824e-01
3.786471651197961807e-01
2.934791584153372268e-01
3.189855834045677296e-01
2.434924586407622438e-01
3.971023164946110851e-01
3.856984952051032978e-01
4.290231210938859618e-01
5.211431306060360091e-01
8.744635557609042875e-02
3.399687373676349433e-01
3.736259227145907746e-01
1.843557387649360779e-01
3.217423688656249892e-02
3.354055754032875258e-01
4.365688952436180825e-01
2.259659377379061029e-01
3.849189711846145445e-01
4.702110057047557690e-01
1.197501292684608060e-01
2.108732886917255300e-01
1.906888583543553672e-01
4.241437655379076688e-01
3.812225137582331835e-01
1.780673634050982390e-01
2.822050031720772512e-01
2.771350652864379427e-01
3.040269719819009842e-01
1.702801253869388187e-01
2.171035874687533285e-01
3.161798788174962627e-01
4.897715201149742681e-01
2.247972632192957176e-01
3.323393900535068779e-01
4.069468385493300033e-01
3.889859240476125080e-01
2.418639244332891347e-01
3.243798336201713095e-01
4.168157571909645864e-01
3.794399414394898917e-01
4.179904553819823176e-01
1.756815283193501886e-01
2.541205449987221088e-01
2.946832767583058565e-01
2.056753202995897922e-01
3.777796581018321165e-01
4.278216651190212549e-01
2.487200158714098219e-01
8.074425955376060560e-02
2.678711930372404404e-01
3.736074103862723761e-01
2.250426097000948200e-01
1.231017262007567115e-01
1.444915992915449532e-01
3.242161200245143871e-01
3.962857631081201371e-01
4.777208213608141740e-01
4.247580028687572007e-01
3.075546972474010321e-01
1.987200541921844144e-01
3.571237889288298994e-01
8.496230337817328726e-02
4.190598656911287967e-01
2.947039382791321604e-01
3.349345226111343221e-01
4.207428838943693128e-01
3.075221511764277826e-01
4.334125371867156851e-01
3.310339851917305509e-01
2.219885518010178693e-01
8.313332458467641295e-02
4.577693479317184178e-01
1.733102688022207793e-01
4.242043878075535956e-01
-3.003892142086249731e-02
2.142869049829010664e-01
3.153505735277972177e-01
3.634131258031024214e-01
2.332797090303880272e-01
-4.355995612267857947e-02
3.033420234271922422e-01
4.539055560923782040e-01
3.623543593234317406e-01
1.885699808608448658e-01
3.867966830971621417e-01
1.522331841000067465e-01
5.132819983724664636e-01
2.835405837381182459e-01
4.401493003615574717e-01
3.202884050031296614e-01
2.452690070225854169e-01
3.383166247165516061e-01
3.372381696045401167e-01
2.338955389980486299e-01
4.606343173294448201e-01
1.683329222458465890e-01
1.661583188585562254e-01
1.656243577992615179e-01
3.948416838066411416e-01
4.405092473177863455e-01
4.332401438781088299e-01
4.157067640854972268e-01
4.444268196940440174e-01
7.257848540748952637e-02
4.855293884678921201e-01
3.730326707304844058e-01
1.580483371803085291e-01
2.382197348210016996e-01
3.203706505621763956e-01
1.306750533376382917e-01
2.496803693957020953e-01
3.574981513560029911e-01
2.607977073382837241e-01
-2.221790063320930927e-03
1.849911728608746864e-01
4.071385287208745263e-01
4.145151530699320852e-01
2.996791910765848610e-01
5.435813082488475390e-01
4.200703248706929571e-01
2.689091549102146650e-01
3.524356313638559723e-01
4.827320303906154075e-01
3.957117610800132135e-01
3.691732840356043432e-01
3.567173243972810437e-01
3.504676703362904489e-01
3.168266101051090966e-01
3.019065704070757472e-01
4.399901326934135271e-01
3.501657973644223265e-01
4.241482059507423741e-01
4.390587126797413919e-01
9.579319183146833838e-02
2.057112198535857583e-01
2.008766815223512192e-01
3.611064138634700882e-01
3.096635034001394282e-01
4.750943699886640559e-01
3.785024488341002247e-01
4.142429193910975305e-01
4.223977959623108624e-01
3.838961806045976255e-01
4.837149276259002373e-01
1.578319666981478908e-01
2.260043093145138460e-01
1.607845614357258091e-01
1.323721349919526058e-01
3.711897619818979588e-01
3.224968698317284832e-01
1.346503716764405334e-01
2.959746291851888533e-01
1.129208608606800113e-01
-6.201481433431640239e-02
2.012968013046574078e-01
3.553662086516416463e-01
3.884872228414239514e-01
3.250091707736543767e-01
4.280374317651171046e-01
3.924576161228731652e-01
4.079948713274081373e-01
3.008456174230314528e-01
3.447263136327785027e-01
3.194314046206642721e-01
3.061127897931740227e-01
2.772966693768814106e-01
4.283450083385203500e-01
1.595109057196936742e-01
8.600625855126052544e-02
4.227749772661865690e-01
3.230495168797806738e-01
1.954031081267098291e-01
1.235666517559579902e-01
1.082946460132958727e-01
-7.782616552789932418e-02
3.858414036131728175e-01
1.896241514615738810e-01
4.486366541196546431e-01
4.051460292860352697e-01
1.927687575514850649e-01
3.465613182199717146e-01
2.189043802181502851e-01
2.574129634241502651e-01
2.104998371273774371e-01
4.606150417105163153e-01
-3.581182815939813746e-02
3.330157415684849020e-01
2.168280755737565235e-01
4.525800958071655722e-01
3.560118774898436422e-01
4.161559717086814603e-01
1.964768451600482913e-01
4.204807626958284028e-01
3.991104135133256570e-01
3.521329300415997343e-01
2.734120976601990827e-01
3.874739634359035123e-01
7.056067979360833298e-02
4.112643550400463810e-01
3.364965161007869576e-01
4.165169636875948878e-01
3.974547335283931115e-01
4.485782097758687637e-01
2.107028481722723889e-01
1.731182407803940060e-01
1.373495723695778437e-01
2.416450317436943385e-01
2.349507988884587950e-01
3.897465436384420778e-01
3.651447792815868398e-01
5.689902498922216195e-02
4.355440718567293867e-01
1.669272660179887402e-01
4.717469549727633660e-01
4.144634852331279262e-01
4.237538502554566433e-01
4.808019337804313453e-01
2.646970706112597993e-01
3.746773673967168095e-01
1.829919814801683475e-01
1.714448909248809105e-01
1.898103394088155593e-01
1.226539663858406820e-01
1.435031168734791085e-01
3.092540369075317819e-01
1.452537565835056443e-01
2.118412627989334218e-01
9.251624201139511949e-02
3.838981736411905543e-01
4.220963263569172397e-01
2.630122316055709120e-01
4.526521885969871373e-01
4.466250144964452606e-01
3.827389743655837950e-01
7.535879236669837389e-02
2.451052697089465826e-01
3.956110976081613773e-01
3.264169883564227992e-01
1.311492733957965451e-01
4.918590220533712309e-01
3.512701373887563427e-01
4.384954152464449750e-01
4.079713028419272303e-01
4.058655964888678858e-01
2.137291709645374183e-01
1.205475045686385388e-01
4.202935017342231405e-01
4.114500534051972469e-01
4.340326031766073012e-01
3.462365809475861922e-01
1.669144142793480001e-01
3.928079731723889134e-01
8.585549546125269271e-02
4.376225543439988264e-01
4.073848687740234675e-01
3.110440589442889370e-01
2.177195674981611817e-01
3.720624860845430093e-01
-1.041672601032612652e-02
9.064657380371392292e-02
4.336099995879030278e-01
7.763460788245875321e-02
4.590710179971046467e-01
3.587333355562642434e-01
1.413557589019928395e-01
2.138463366540722388e-01
4.365865662552342319e-01
1.172536332314009083e-01
4.791135732067957065e-01
3.927720714400521618e-01
2.174255795960852167e-01
4.626337493649423371e-01
3.724159011303408984e-01
3.309422977909055597e-01
2.531462084145038594e-01
5.424089392020323697e-01
2.456970023314765939e-01
3.428015781889585667e-01
6.659057380418914596e-02
3.458319411602452931e-01
2.082191860010857432e-01
3.492247540843039233e-01
4.397209389824978665e-01
1.824210761605712106e-01
4.163190032969586452e-01
2.287801839285286826e-02
4.285565173449461529e-01
4.639227069654616731e-01
3.284405737307820594e-01
4.263923082270757448e-01
5.601641974840835259e-01
1.633719192409620324e-01
3.093801487314672971e-01
2.170197900597334029e-01
3.254285847528010645e-01
