1.230454270299213004e-01
4.095621590564976766e-01
3.064866195849067498e-01
4.167517291581171457e-01
3.963634836309792853e-01
3.808655374779402747e-01
4.295430945239255838e-01
3.322260836369783088e-01
3.251703500461531893e-01
4.264897240417746538e-01
4.070101025447076526e-01
3.341395111270832330e-01
3.981561709610408339e-01
5.643095025680213705e-01
3.918590080759438710e-01
2.977947846871455972e-01
4.016284696108518570e-01
5.570219086249255103e-01
4.007721527294855757e-01
2.439558967833852787e-01
4.367140927974041409e-01
1.855551383186776204e-01
4.153614712011395871e-01
4.280487584733088657e-01
4.086258061175130352e-01
1.727629583778932665e-01
3.573624520111561842e-01
2.427260796828735745e-01
4.630738088074318193e-01
3.304735625251373765e-01
6.627241124144442330e-02
3.633169402322928843e-01
4.450436599969054274e-01
5.653507131976920341e-01
4.064842378023957870e-01
2.209326589625743020e-01
3.855886286583690148e-01
3.388748921535210679e-01
4.242933161426900579e-01
2.798597430857572288e-01
4.032234817262047577e-01
3.855714298073039115e-01
2.725805057350618732e-01
3.687435730188344252e-01
3.646348042075300833e-01
4.627152537902166629e-01
4.601241727389829839e-01
5.037562672384504614e-01
5.487477400338746092e-01
3.959421078796163673e-01
3.017677118975770068e-01
4.061792873536550497e-01
4.495944432596860052e-01
3.613821507292044322e-01
5.310771363275680335e-01
3.583353333600013957e-01
2.319122918530339417e-01
3.737856821445677546e-01
3.418891245113160893e-01
2.008189710926940041e-01
3.386377682452992310e-01
5.296815164573666079e-01
2.469338072172797272e-01
4.378131877090724600e-01
2.378725151838492202e-01
2.385012071283522106e-01
4.412253202337972913e-01
4.909075218869084489e-01
4.220962134566264568e-01
4.729657485045424964e-02
4.474928686174534098e-01
4.345380944369826026e-01
3.833198494737803941e-01
4.348742925618598876e-01
2.051432798003783031e-01
4.858086897007830030e-01
5.730325220945130527e-01
5.492857427192315845e-01
3.795401393065591100e-01
3.883345667940225621e-01
4.197509743031239693e-01
2.767082100744333584e-01
3.449131125371847073e-01
4.771867909524847295e-01
5.646210643017820496e-01
3.659852164943195874e-01
2.895413445645944051e-01
4.607591309452585548e-01
3.645023819170636892e-01
4.139279611883894261e-01
4.654741796915197183e-01
4.511222566323333516e-01
4.337177262156373114e-01
4.560418694611770296e-01
3.815344422830893034e-01
4.376631572884271404e-01
5.456377636445735035e-01
4.201733222168587689e-01
4.599871765967493698e-01
4.356277593943894688e-01
4.580263321462807458e-01
3.064471737751018887e-01
3.545704578594752188e-01
5.499050509577225743e-01
3.933871443409334701e-01
4.336245772103858309e-01
3.293625558029432132e-01
4.058172562439502640e-01
5.242328444843037394e-01
4.335587154710141000e-01
3.244782570730777027e-01
2.556325833460778574e-01
4.744986117093842881e-01
3.593312468660808667e-01
2.434572927519417229e-01
3.350140286680672874e-01
4.339571240419363707e-01
4.098726314538984061e-01
2.408207517202108350e-01
3.947099576931425990e-01
2.668002159824190422e-01
2.637357386177803797e-01
3.097392685820742342e-01
4.210336654188501226e-01
3.443829833089889214e-01
4.828800932923740796e-01
3.702600730230340420e-01
3.528116984567946646e-01
3.285396859957898652e-01
4.494586227575994575e-01
3.100540600691011339e-01
4.230634297501953411e-01
4.451901263200935821e-01
4.198736925625663474e-01
4.502594265535207474e-01
4.212233525126880540e-01
3.828590186183586375e-01
3.070541161953557752e-01
4.340288697909521765e-01
3.848914480355472567e-01
5.768876190762483036e-01
4.407925387108452830e-01
4.888293623749656591e-01
3.377896059100394810e-01
3.792410553162595677e-01
1.886656767613927033e-01
4.598021796573303344e-01
3.578695252655918480e-01
5.435813082488475390e-01
4.639298320069684678e-01
4.070807052664498493e-01
4.073563368249669137e-01
1.166457942216406474e-01
4.079039607436521497e-01
4.162272494256206712e-01
2.901120312617614383e-01
4.297846433061512372e-01
3.432593764828200666e-01
4.808019337804313453e-01
4.083041987888937352e-01
4.480418650153079607e-01
5.707340057782706033e-01
3.844013800710386342e-01
3.645594478897870028e-01
4.527069490138266872e-01
4.197149714335366433e-01
4.408077557697051563e-01
4.857141078452033578e-01
6.080798495937012049e-01
5.821649611444358330e-01
3.667437599396688452e-01
3.658071349362935765e-01
4.284804318431858494e-01
4.263280568831789852e-01
3.771510062128669016e-01
2.639754539424349344e-01
4.490082525020745452e-01
4.092188127167168399e-01
3.607830337388839848e-01
3.328038649203733934e-01
3.867732983599127539e-01
3.404800474741457306e-01
4.502823945638054770e-01
4.252851549482329907e-01
3.840770052123209100e-01
4.246670386770718952e-01
4.110912862383360178e-01
2.474467641494218217e-01
2.801443859006912951e-01
4.075759241978101910e-01
3.786662955989902879e-01
3.896098963626712930e-01
3.639202783906347882e-01
2.165748986009748966e-01
4.230009604135349655e-01
1.727721514998329377e-01
4.093710782394812675e-01
2.932201875954738024e-01
2.729764248566461382e-01
3.822954951355273523e-01
4.340805586228123070e-01
3.458205486039235277e-01
2.043970451992816184e-01
3.278305769863061325e-01
3.527102423800896891e-01
4.108197320358565885e-01
1.998933164209585611e-01
3.170102243997684477e-01
3.238756464390648016e-01
5.604409220302746242e-01
3.596095065408863589e-01
4.478682197208961324e-01
4.142659256571956106e-01
3.057178681442069834e-01
4.222994020726008046e-01
3.323291652123210316e-01
4.805501908612517803e-01
3.927434453036894313e-01
4.221383581269298468e-01
4.507016547935851492e-01
1.932880587507458670e-01
3.138382757504273868e-01
4.059243032293605724e-01
2.624240407576916012e-01
4.099968733901064866e-01
2.940229557568740382e-01
4.502594265535207474e-01
4.479119691852267993e-01
5.270961163529238602e-01
3.928894842571621915e-01
4.069812433881195290e-01
3.463996469743937934e-01
2.837231036343687007e-01
4.333089701525701387e-01
2.198681705418136789e-01
2.614550742399155969e-01
3.684773975131759305e-01
3.845186729756751576e-01
4.341821554410779105e-01
4.859641275930937088e-01
3.809026782297678104e-01
4.502990926869361310e-01
4.560834921595368074e-01
4.868981477573077754e-01
4.332925241360792712e-01
3.788045300968393425e-01
2.273422896289313266e-01
3.836630572295952613e-01
3.225119219590719677e-01
3.856978411219778025e-01
4.407342290922502959e-01
4.828774518363416757e-01
3.111385376917382706e-01
3.584471984202997064e-01
3.692043523201909427e-01
5.812592528131287350e-01
3.667299284715152541e-01
2.360813092914883227e-01
3.102960504943607645e-01
3.112754246264873292e-01
4.356980976448145970e-01
3.568520261865262833e-01
4.021538789762097443e-01
5.158300288125846622e-01
2.931850232418648505e-01
4.429203928562734927e-01
4.823103859772226998e-01
4.458968789872341243e-01
4.176558612420342431e-01
4.215462456847518524e-01
3.995434775359579249e-01
3.224533284093155650e-01
4.375657041307434159e-01
3.924058872925270669e-01
2.498192295337698932e-01
5.620321169872096734e-01
2.774790044668491440e-01
4.045773428451049369e-01
4.372242522420755617e-01
4.038603970575695423e-01
4.178338403143129764e-01
3.572398521704679419e-01
4.638241674588568508e-01
4.640022657797338024e-01
4.430414384404406380e-01
2.410031719729300581e-01
3.195476333332173402e-01
1.529897875772937565e-01
5.224138913849665222e-01
4.450391962654512978e-01
1.861727739026394490e-01
5.640764219299905236e-01
2.609357780456521003e-01
4.143910273948834821e-01
1.701599274470352863e-01
3.692656427180739387e-01
3.637860066473521670e-01
2.209530447469497672e-01
3.997846193626332645e-01
3.780213223983575066e-01
1.654446446847358254e-01
1.421126365027211846e-01
2.261612149106052017e-01
3.869270074587404240e-01
4.655594113201105833e-01
3.044191019937982357e-01
1.038136692627689983e-01
4.504200843727284576e-01
3.246565957168082162e-01
4.706340019756917181e-01
4.522008667592241626e-01
4.052144358253469969e-01
2.251400954706519741e-01
2.492796857241747766e-01
3.356609022531984454e-01
3.676136402495420175e-01
4.276455023265405830e-01
3.865796555444372395e-01
2.506481333708223680e-01
4.601088123245535288e-01
3.706635534351723771e-01
3.967665508637364669e-01
3.000708025188993933e-01
4.715366580988792911e-01
3.780481229191759995e-01
4.594723338023808390e-01
2.531621554716654843e-01
4.272909464318098149e-01
2.590347179712341186e-01
3.334386241300320020e-01
5.432756740293083197e-01
4.084001707578300833e-01
3.028902638466625663e-01
3.201080064788633939e-01
3.863474118041887451e-01
3.398840581662664340e-01
4.166175980941568269e-01
4.451106785389630227e-01
5.819876773985347418e-01
4.026145939853940647e-01
3.684603435528919779e-01
3.593243927686751715e-01
4.187748931583847312e-01
2.132732175178573553e-01
2.873716464428751061e-01
2.256317312181406187e-01
4.500905958486516867e-01
4.156478855465282063e-01
2.041357884493474883e-01
4.157698327563181251e-01
4.434422013620802350e-01
3.669624906229477235e-01
3.880810270133971396e-01
3.385772857214010001e-01
3.648775284639338978e-01
4.086918423731005778e-01
4.446822691949139927e-01
3.901563372555968967e-01
3.577798001141433981e-01
3.742331144200146120e-01
4.453294292629771389e-01
2.185494860997074240e-01
3.808710146980028299e-01
4.429804925315927733e-01
5.555790287178811182e-01
5.625192198772300811e-01
1.667864242692440602e-01
5.555854951951042509e-01
3.882234544023297484e-01
4.080238364550887731e-01
2.557100072204147034e-01
4.388965341712067203e-01
4.468348962615606990e-01
3.938963045703150478e-01
4.303902498433609392e-01
4.674328172545688664e-01
5.252580129437117024e-03
5.730456229264222490e-01
4.414313007980329440e-01
4.486279805890432959e-01
4.368666577486686742e-01
3.482309912644516725e-01
4.364921453479192470e-01
3.426598555036420302e-01
4.892911773425144273e-01
4.667612308911709418e-01
4.015090651263916732e-01
4.346822933563697644e-01
4.606224085271038438e-01
2.099511481608320462e-01
4.338847170731356950e-01
1.740864510508617902e-01
4.156487416137095159e-01
3.945275155325389527e-01
3.362564819500263313e-01
4.913723329236228676e-01
4.119121786514578498e-01
3.569120913818228935e-01
2.342029647057931596e-01
3.110983548143971267e-01
4.045583712810574273e-01
3.295354344251302803e-01
4.156065184401535051e-01
4.685083283286403111e-01
3.682496311345710427e-01
4.111151161247107444e-01
3.101620755655692396e-01
4.877884078766788756e-01
4.671378930030807841e-01
4.531743013236436690e-01
4.204700231023426604e-01
3.708297277260689806e-01
3.373039330073850928e-01
3.746920566332321290e-01
2.379496893580941019e-01
4.201517864345191700e-01
3.986816382080252130e-01
4.531774446486461771e-01
2.667462929612683387e-01
3.221169423040017854e-01
4.424028058089337634e-01
3.675368310614816614e-01
3.225418271341575771e-01
3.107150514808412756e-01
3.648783910038992384e-01
4.520165087582756480e-01
4.713256889890298229e-01
4.827062954726152877e-01
4.455001270341035768e-01
4.403934756003832773e-01
4.775244249773673011e-01
2.115473204656720119e-01
5.172184592038843176e-01
3.939108285848685331e-01
4.267524322305449869e-01
4.607815076916166874e-01
3.842278476354253902e-01
2.789573944249980064e-01
1.287011045439826473e-01
2.667734714345856295e-01
4.398448525079004523e-01
4.413630540866963492e-01
4.213099476581319003e-01
4.829569668970832286e-01
4.118741753596650290e-01
4.393253381061288376e-01
2.780325122292096052e-01
3.380119467056313942e-01
3.874844554868920321e-01
3.710507159587500547e-01
4.159619877650394537e-01
4.584440584922122031e-01
3.368030371332316197e-01
3.904242459529121412e-01
4.426873850370630636e-01
4.963180660500701169e-01
4.144527812399543820e-01
4.677629661685864249e-01
4.850243227100830001e-01
4.304362508407239551e-01
4.434422013620802350e-01
4.330624021412448066e-01
4.123801084082970303e-01
4.061733248822506082e-01
4.391458760194456579e-01
3.237353867689097275e-01
4.522024540850329566e-01
5.372847934097602085e-01
4.192145795859479329e-01
4.304813276407045697e-01
5.294434943881211053e-01
3.624936759587430446e-01
4.494751450367637791e-01
2.209523168076986954e-01
4.201977367284072673e-01
5.644807235143655122e-01
4.406221428784973249e-01
4.196288186779865148e-01
2.987679560665064127e-01
3.994414316060613812e-01
5.784723222457150982e-01
5.297832936007567106e-01
3.417212925860686479e-01
4.112377601960899298e-01
1.245945742838369535e-01
5.736015739158039084e-01
3.731018125946597985e-01
5.752116386149145333e-01
3.998724334660865853e-01
2.830113670894874311e-01
4.379590626438573664e-01
4.311314360618971331e-01
4.171849936295936034e-01
3.385470323437279050e-01
4.667963478191891613e-01
5.404658977083930393e-01
3.733987883245120654e-01
3.868093731769842170e-01
2.874439774809399162e-01
1.735211692061646716e-01
3.974346567572171751e-01
4.153569196306867162e-01
3.959949285358547177e-01
3.803934453890268075e-01
4.757526238691702214e-01
4.446942104026673781e-01
3.314209844019879170e-01
4.496890251152656504e-01
4.465572773923749961e-01
3.685990483441428656e-01
2.822981224689097290e-01
4.067846438588351710e-01
3.761059970547787623e-01
4.674692451703080787e-01
3.404273709618289012e-01
4.246112713273922923e-01
4.798473948285774116e-01
2.677276412147286955e-01
2.438096677126274925e-01
5.215724031539256123e-01
3.037143617816027708e-01
3.180046827742054605e-01
2.398105983796924856e-01
4.325157198466683672e-01
4.357812796414443635e-01
4.348654328972152427e-01
4.146938424057824424e-01
2.307741812138290605e-01
3.105755872992476130e-01
3.932231639089038278e-01
2.877971215411445072e-01
4.446822691949139927e-01
4.169454917823356976e-01
4.854083756833133534e-01
3.088259468874953173e-01
4.561666241165669433e-01
5.569299321893979027e-01
2.838751296018853787e-01
2.735044737486488908e-01
3.016303859960411948e-01
3.088212871468629661e-01
5.706234812066512951e-01
4.370022139246608206e-01
2.684128871803790894e-01
2.088768462941018311e-01
2.059956382994192758e-01
3.203740462842641912e-01
1.048309399428035416e-01
4.266858479874010568e-01
5.634618960623448691e-01
4.393381026852056781e-01
4.474199063999604320e-01
4.068060227176540922e-01
4.446822691949139927e-01
3.936671305893889583e-01
3.654313660893271365e-01
2.223428248381980332e-01
3.988451767065754883e-01
3.413414926261274518e-01
4.099915641304912595e-01
4.735868399146448970e-01
2.126444072946364339e-01
3.919231091765650321e-01
1.654388380165625616e-01
1.669411414056417020e-01
3.132857473700825235e-01
4.616115880557121187e-01
4.319949367377330374e-01
3.690849334379355251e-01
5.122121993643400373e-01
4.448793488719989253e-01
4.842398943524112154e-01
2.886928565985068529e-01
4.106751947682807380e-01
5.120882058834577144e-01
3.580053539831350440e-01
4.085742762007995021e-01
2.516071601974074201e-01
5.544698911573007205e-01
3.371375480190695884e-01
2.912458748166329991e-01
3.114055145571052452e-01
4.674374800656244111e-01
3.710243825156874786e-01
4.626425799850432119e-01
4.808019337804313453e-01
3.595085384955009622e-01
4.902623884641245655e-01
5.347961166773470554e-01
3.383170755708552191e-01
3.882993017388312040e-01
3.669555912990381530e-01
4.217515275409950970e-01
4.268339432115877408e-01
4.609675214390206444e-01
3.265231531968007528e-01
3.233451134917107450e-01
4.083334592580922795e-01
3.951877442345598790e-01
4.547878573013910963e-01
4.732505742197111176e-01
3.948985263023463421e-01
3.362064228905010665e-01
4.265931130743592092e-01
3.950523686948838042e-01
4.276686413262036357e-01
5.170674349204436027e-01
4.605806798576514982e-01
3.307463781269658343e-01
5.058605493715603307e-01
2.362986413140162612e-01
4.494504901193773772e-01
2.696037045589724235e-01
4.048085227252076201e-01
4.579698407576174302e-01
1.784986338286092544e-01
1.772472932015180802e-01
2.812241028166008738e-01
3.871026570756250229e-01
3.448808218092433431e-01
4.229977860938550771e-01
4.474636508852264383e-01
2.199733441541513457e-01
4.428281133201856234e-01
4.836529835805599142e-01
3.822276396956874045e-01
3.554882910430366416e-01
4.606219310762966201e-01
4.486262463185891614e-01
5.172314417622619898e-01
2.986630807001409704e-01
4.327732982296116360e-01
3.127054635258125215e-01
4.382374089958798735e-01
4.170179307001344871e-01
3.944288427529704655e-01
4.312131202728973767e-01
3.020241280838477649e-01
3.984380719295516071e-01
4.383581674954780127e-01
5.515818543754577030e-01
4.319319809464568505e-01
5.395810454963554381e-01
3.767078339421457978e-01
4.669851419177830087e-01
4.209716201325287011e-01
4.644927083773647269e-01
2.235772188038483710e-01
4.253966039246958042e-01
4.519819562072349695e-01
3.765305501962447621e-01
4.784355246191257516e-01
3.970372389579209238e-01
3.932346935969642798e-01
4.181884747745346353e-01
3.985898996058188093e-01
2.585220587249194568e-01
3.921712979149243883e-01
2.845486865753392158e-01
4.125545020561249832e-01
4.638632722027335453e-01
3.951075207981420423e-01
3.831112708958513413e-01
2.942237498161840992e-01
3.574929155375912715e-01
5.456679295981698985e-01
4.173623501943151126e-01
5.118204656859884905e-01
4.112953271457009397e-01
3.724567081334352880e-01
4.184430329398487469e-01
3.991916992539315534e-01
2.780848621148857558e-01
3.966320123048271973e-01
3.281621954505075101e-01
3.035571506369110217e-01
3.826872535017410981e-01
5.283043769664854672e-01
4.088895936430217426e-01
1.945749834562224834e-01
2.364999044842002462e-01
4.811172312234105464e-01
4.330959246067949131e-01
4.060193110854127818e-01
4.090839940024368904e-01
4.356172515763629405e-01
3.197126301583098629e-01
3.936671305893889583e-01
3.561880227726136883e-01
4.928190785764574589e-01
4.073098148514732175e-01
2.420207153449248361e-01
5.599819078877257827e-02
5.553209542126381626e-01
3.094067721220610245e-01
3.285918041889911989e-01
4.569636346950728956e-01
3.034181756484187753e-01
7.509074602417832589e-02
4.194386694439651286e-01
4.034943990233316180e-01
4.796291248954930864e-01
4.595669821284735224e-01
4.279540062092417330e-01
3.798627811603349502e-01
2.041782559964335497e-01
4.131249267715072504e-01
3.599619066873407935e-01
4.671468524772254827e-01
2.088751988460874620e-01
4.286996554123724268e-01
2.821315263682532826e-01
1.309259395828130390e-01
1.685733123997293359e-01
4.371932371504961834e-01
4.184524616285978937e-01
4.601711630764909744e-01
4.146424590395382803e-01
4.365927188024315009e-01
3.199005232951562250e-01
4.402634007729280818e-01
1.838712045899255632e-01
4.138261358310565963e-01
4.562592848415455982e-01
4.629311709700335564e-01
2.877969995540607395e-01
4.361915968902310148e-01
4.302667464684084564e-01
5.746588253490876319e-01
4.327800263566818351e-01
4.712447300617795265e-01
4.892012245648273416e-01
4.020586030805107791e-01
3.197965108421859659e-01
4.857103305685746969e-02
3.948937807558333124e-01
4.318891073410894288e-01
4.245890105102559930e-01
3.202029456238235094e-01
4.265635667238656947e-01
4.310085336600473216e-01
4.814784282568029261e-01
3.484545592335097086e-01
4.102864113102078769e-01
1.693772946074992847e-01
4.214993780811873703e-01
3.790096213378911782e-01
3.006210406954764047e-01
4.563992991267980526e-01
4.227614879842506723e-01
1.988756610822475790e-01
4.891964517994275563e-01
4.819796547615949334e-01
4.601088123245535288e-01
4.595621739287303331e-01
5.561998919804990171e-01
4.222701660838034665e-01
4.566759660818080491e-01
4.517108120307291030e-01
1.955611747576919690e-01
4.230618317193975964e-01
3.824612810593817080e-01
2.798777020532786652e-01
4.657077981515166387e-01
3.748712831479192875e-01
2.093488913152948272e-01
2.505546703525606267e-01
4.640078838243414383e-01
2.614070567213713780e-01
4.110932794408977409e-01
2.354418221539443523e-01
4.179583625718605866e-01
3.658328896460756319e-01
3.097493043847724392e-01
2.360019407604700137e-01
4.645658878480450338e-01
4.210544888630078919e-01
2.335927923248119209e-01
3.474104761814454934e-01
3.945086106879576726e-01
4.042900061694830183e-01
3.957801023935780815e-01
3.961435878880656403e-01
4.289440324692851414e-01
4.612068551598623722e-01
3.189986697971894380e-01
4.851170026874448982e-01
4.437564196757821100e-01
3.934368949266578985e-01
4.484674314794135919e-01
3.728643274760440884e-01
4.054740797732582225e-01
4.001551049241050539e-01
3.341533760794465624e-01
4.240729700848715478e-01
4.914627817821174416e-01
2.798244259371019949e-01
3.940737581438127357e-01
1.096935605565054206e-01
4.717287651841033935e-01
4.015462818919394161e-01
3.984216278839405323e-01
4.302469355170462362e-01
2.083277352532837967e-01
4.396574701815944564e-01
4.299501396973964273e-01
1.967422395386349276e-01
4.547878573013910963e-01
2.774764727784460594e-01
4.358148332261485014e-01
4.502594265535207474e-01
5.340718682409196783e-01
3.880603734590742926e-01
5.480760987762889336e-01
3.792345310818865389e-01
4.137983817778664308e-01
3.968754220124638410e-01
4.480677739931095971e-01
2.850024018494770051e-01
1.879261918062612169e-01
3.302433669853688802e-01
4.527096977894483065e-01
3.162949574491007998e-01
3.097732338524400442e-01
4.273054495965301069e-01
4.190411169402241676e-01
2.748773535667418666e-01
3.725579452972647143e-01
4.487700493193526596e-01
4.031302682420661032e-01
-1.384522038460318273e-02
3.110090395229533899e-01
4.763725064220218908e-01
4.549996399904034927e-01
4.559804552298071245e-01
4.550783053945095524e-01
3.509525415265526416e-01
2.235432980961110927e-01
2.846006686222416482e-01
4.212334100573018603e-01
4.024430622209395625e-01
2.789044262795291607e-01
2.460826708037232025e-01
4.385408521157838080e-01
3.777642909656654391e-01
3.081952073597089004e-01
2.606806065425580909e-01
2.755143724419051865e-01
4.635195545906989900e-01
4.479982911459904349e-01
4.511222566323333516e-01
3.751138169343544160e-01
4.625856864539253932e-01
3.008456174230314528e-01
3.911307815328341486e-01
4.732314717892478484e-01
2.730483120110978601e-01
3.063783931420664963e-01
3.844923575609757727e-01
4.967405543734279005e-01
3.161921588505987590e-01
2.522507131820885817e-01
4.524256594952004162e-01
4.065774926127709854e-01
4.173503969745682718e-01
4.319649204465214609e-01
4.080043335418592210e-01
2.132577671483266990e-01
4.730019922597213933e-01
2.337409497043222428e-01
3.836453949105961270e-01
3.140498967028232391e-01
2.960287092958290844e-01
3.781537240257056287e-01
3.994979312101814006e-01
1.710949781946464465e-01
4.251320895387333820e-01
4.193021258157233477e-01
3.053818474607459255e-01
4.240057297669762026e-01
3.611042312074986271e-01
2.069530221695211891e-01
3.423176086243192029e-01
3.142451355367245625e-01
4.219069740221922937e-01
3.642586787765506040e-01
5.569293837869194741e-01
4.483877451181021434e-01
3.288992728826605205e-01
2.940660601833799404e-01
4.186579911103228691e-01
4.667612308911709418e-01
5.399256707088903040e-01
2.243309290037220072e-01
3.928714510808313798e-01
4.838603490716265609e-01
4.094160134888031877e-01
4.307735894411043320e-01
2.673244421145563043e-01
2.540443968229855742e-01
4.069644995405785615e-01
2.957613406040072168e-01
2.219410885094203756e-01
3.131600930806957006e-01
4.346876528215534718e-01
2.587017445168279250e-01
4.254866710549009001e-01
4.637731332910131066e-01
4.194261179688551500e-01
4.412747452716783148e-01
5.266301736163079283e-01
4.255686237204698852e-01
4.066767681910991583e-01
3.160422605411353225e-01
4.326564719463167896e-01
1.646413914587086247e-01
1.869549333005525726e-01
3.190115949511010407e-01
3.838009042939766746e-01
4.184274887149495026e-01
2.339592513581975897e-01
4.368692104113815478e-01
2.668439151581967761e-01
4.398693522444387383e-01
4.567413055587907778e-01
3.909816650195043763e-01
4.035616973888222492e-01
3.393886141811841561e-01
4.070678012320707584e-01
3.981223711200977955e-01
4.018464824789778067e-01
3.124625668278031565e-01
3.142963097822536467e-01
4.646995708376795431e-01
4.245094121539121357e-01
5.604921606717063742e-01
4.142539106348088751e-01
4.057641612412500320e-01
5.346926863600182100e-01
4.496364763574491330e-01
2.882253851645683040e-01
4.100218310346233075e-01
4.222199249979732283e-01
3.863734200313456157e-01
4.751128417376056512e-01
3.070231373679639386e-01
4.325032968314261872e-01
3.313339630486104581e-01
4.365359440220054621e-01
4.262259692951082535e-01
3.014148711453936702e-01
2.309009949199106460e-01
5.685791457670994475e-01
4.502375475476582678e-01
3.841148278055593335e-01
2.767503073191460161e-01
1.870891627010396185e-01
4.387559092866599175e-01
4.083982004589656878e-01
4.134548992191753314e-01
2.828385218737122786e-01
3.410179567398023970e-01
1.930465403978663674e-01
4.032469096360938310e-01
4.359067925668875243e-01
4.310313931267227838e-01
3.660929484330561756e-01
2.127060773254524639e-01
3.897025799083628783e-01
3.998486351552801299e-01
4.110342698073058409e-01
4.265537425314148701e-01
4.625288183160372601e-01
3.048112397647379512e-01
3.665214594330084008e-01
4.558957292667231709e-01
2.985006324092869257e-01
3.213545014543095490e-01
4.371511693237571383e-01
3.159453223017202883e-01
3.781766782605781585e-01
4.122344434655634826e-01
3.948870573173823284e-01
4.034914580558147112e-01
5.438064555772108566e-01
4.352245237862628069e-01
5.445972788380515350e-01
2.956936340122675033e-01
4.539898247698667677e-01
4.296731486882625073e-01
2.454997939663166595e-01
2.988586646662066415e-01
4.457478077211542988e-01
5.094551777063104359e-01
4.748422206118407263e-01
5.640062100233308451e-01
4.078391926558296299e-01
4.920638124344418607e-01
2.231034816890280215e-01
4.115607580944800614e-01
3.657735015413324242e-01
2.993290667775951874e-01
4.246247584517335305e-01
4.325305413603343641e-01
4.684269794576439438e-01
4.169363529996255036e-01
4.011979899302312580e-01
3.019471865149062073e-01
2.187352004834428477e-03
5.142433278349213266e-01
4.387423269377073720e-01
3.716293949675006369e-01
4.388965341712067203e-01
4.008094755076180848e-01
3.446979976921430988e-01
2.847259525625763787e-01
4.335788871556098822e-01
3.351202796462636191e-01
3.385424114397997952e-01
4.174318421697194026e-01
2.777734017932615984e-01
3.905609568777259621e-01
3.755046360830073260e-01
4.789756559376028289e-01
3.225338606307257550e-01
2.989931614009728733e-01
4.185895961888286276e-01
4.044942232527520276e-01
5.550871011972042801e-01
5.224235340905110103e-01
3.481230107874048740e-01
2.905188439129133271e-01
3.468567091757858711e-01
4.980518608375433809e-01
2.880353629796797987e-01
3.931080487641585575e-01
3.830367943373388373e-01
4.949313805719752213e-01
3.854527961235429401e-01
3.242343819058811638e-01
3.950437329221793137e-01
3.645735655711732637e-01
2.324122719060439102e-01
4.097750344842308046e-01
2.138756676600198636e-01
3.662506743507938922e-01
1.500428486681630036e-01
4.194834221898217086e-01
3.954374961087723239e-01
2.775937789605882333e-01
3.602482473425726583e-01
3.933738185590329173e-01
4.100158442902787082e-01
3.179018830969060905e-01
3.608085441010686067e-01
4.466136643866496225e-01
3.806721974310873780e-01
4.104677539896074423e-01
4.463075851009694617e-01
4.164398388890743763e-01
3.717678422581249809e-01
3.333898852280051672e-01
3.834243368880255742e-01
4.270981349541611571e-01
3.173992298618861785e-01
4.539659024388584263e-01
4.625601049326085734e-01
4.042639781920364106e-01
2.894956660446514896e-01
4.357881943174699568e-01
2.636525245061836498e-01
5.721914165045900447e-01
4.074592457304969662e-01
4.287267770413683010e-01
4.193286091286317907e-01
3.766650025343512564e-01
4.639061441899049454e-01
1.756260204619230214e-01
4.014350480110692732e-01
5.755476899611153829e-01
4.097199471088129319e-01
4.085029515976681957e-01
3.413742901398651997e-01
4.235214546952286718e-01
1.818082138399155778e-01
5.596944114489603717e-01
4.420698534740601371e-01
3.381342617230758130e-01
4.547878573013910963e-01
3.207555126749037644e-01
4.956364392368469707e-01
2.126106232622236580e-01
3.539803955471647612e-01
6.046577130882065110e-02
4.155396761154921959e-01
2.909650759848275148e-01
3.764150625344796497e-01
5.042366765436616660e-01
2.430575565964163132e-01
2.297134502442026993e-01
1.523535746882198338e-01
3.791609779324046636e-01
4.067922013735986164e-01
5.576741181284138316e-01
4.376069180064036668e-01
3.666821880379185217e-01
4.602797808738122720e-01
4.732126412986986108e-01
4.348475323299728079e-01
4.122570341457325038e-01
4.219287406671626273e-01
4.548250470140209334e-01
3.783956058243715392e-01
4.154920458022084984e-01
1.966831579316262735e-01
3.892393258666551059e-01
4.613264845735678965e-01
3.992069205657424735e-01
2.229636425838666391e-01
2.743839889220396899e-01
4.147251989782120285e-01
4.232209947819067231e-01
5.554595430331750183e-01
4.629311709700335564e-01
3.848880081450068436e-01
3.528028970472063541e-01
4.049962567809385350e-01
4.623901683774819249e-01
4.282363069136591038e-01
4.465102243186525044e-01
4.067812831561687381e-01
4.507018813410264557e-01
5.400295403041974751e-01
3.674246350593532995e-01
3.858962702085659280e-01
4.438946699614153002e-01
3.303150962204869923e-01
4.213338120660214958e-01
4.377802888713691609e-01
3.242343819058811638e-01
4.274149739155544969e-01
4.008227620586384821e-01
3.857361427842194712e-01
4.073871160748509523e-01
2.645967633707372313e-01
4.154562247514650974e-01
4.310525768891920184e-01
2.792042967545815824e-01
1.730952299501533342e-01
3.863202915029434470e-01
4.469726842410416401e-01
2.868324938217922671e-01
3.817428799119966798e-01
4.570213031346183064e-01
4.346339121171531872e-01
2.296453742577315993e-01
4.314068499523048272e-01
4.414606480689250989e-01
3.077164352746834530e-01
4.157875117966760570e-01
5.707340057782706033e-01
4.318224655482566510e-01
3.905701327129755818e-01
3.751366189758176262e-01
4.802012946070645660e-01
5.804071510004298329e-01
2.778222720544241686e-01
4.685120730831597302e-01
5.932352211179716672e-01
1.810118931108161688e-01
3.665415003756650192e-01
3.565091056397570179e-01
4.446822691949139927e-01
3.710124333414306919e-01
3.859825839746190423e-01
4.640022657797338024e-01
2.440029241319404685e-01
4.179118600167189834e-01
4.098897391880805263e-01
1.299836629105842190e-01
5.648386366056713515e-01
3.930049329370003397e-01
2.385716715410143018e-01
1.452606461152547712e-01
2.646179367601551036e-01
2.942244760127625258e-01
4.189813035196297553e-01
4.826687152353484889e-01
3.827298977796894097e-01
4.268409085081038556e-01
5.194264757714422975e-01
4.085708345053481461e-01
4.474908716805931497e-01
3.875694689909592316e-01
4.063685129711848143e-01
4.251642971162951645e-01
4.472526519839735148e-01
4.092305685372966129e-01
4.455737446624726816e-01
4.527096977894483065e-01
3.193601657611754296e-01
2.872586357257346235e-01
5.487363930567404902e-01
3.816162676505722162e-01
3.018821742039629052e-01
2.333719153586660544e-01
4.134518254351090549e-01
5.755476899611153829e-01
4.626425799850432119e-01
4.546151513905088981e-01
4.793852040038862339e-01
4.312730863848075469e-01
4.584487084406840274e-01
2.335499535728970122e-01
3.998884185871601216e-01
3.983387742566240619e-01
3.997280312141470171e-01
3.787756131831013784e-01
4.032696484434360462e-01
4.896984180272569986e-01
2.474405184937157054e-01
4.560418694611770296e-01
2.635322478140743052e-01
5.255932759561632306e-01
4.204966892299079606e-01
4.303018498699677230e-01
4.265524478086383797e-01
3.371523218166994629e-01
4.859489013644564537e-01
3.657537711470869035e-01
3.617824427972974322e-01
2.736156748506767822e-01
3.851574292954462742e-01
3.827276112272356978e-01
3.934306053099601574e-01
3.955088805436637323e-01
4.158173634053244916e-01
3.483388986322326075e-01
2.691644431723745345e-01
3.266093890197460659e-01
4.060419660785001827e-01
4.266496898539812177e-01
3.248321769545383653e-01
4.721433684947207166e-01
2.612612199438558158e-01
4.951097234894029087e-01
3.602627356738294928e-01
4.275459024866274382e-01
4.880399537493750328e-01
1.600753552514971034e-01
5.032095364809781035e-01
4.259371874044809991e-01
4.829778149046266011e-01
3.729320386059937209e-01
2.928670192623290536e-01
5.741375325499015192e-01
4.323742690182814097e-01
2.277878394808182105e-01
4.067072649620489533e-01
1.729180891034075573e-01
4.333121586625842681e-01
3.706108858851718812e-01
5.567475698805434137e-01
1.398953189127433994e-01
5.860921417903008045e-03
3.432470775085258441e-01
4.393687920629728016e-01
4.884826330097118974e-01
3.772545629569455383e-01
3.283915015633616097e-01
3.989149229047220802e-01
3.347307871693853132e-01
4.185179984010171661e-01
4.340795970824449790e-01
4.407222840672139763e-01
3.995361015495930146e-01
4.614606745564598378e-01
3.774556102431849691e-01
4.872713788580091410e-01
2.395964025455077084e-01
4.842351215870114300e-01
1.752292552312867957e-01
4.808019337804313453e-01
4.144856464689713471e-01
3.091683594037019644e-01
3.321930000759766299e-01
4.629917408765163445e-01
3.718796296450148087e-01
2.831688188059859335e-01
4.566851834092630624e-01
2.606160106473879301e-01
4.074287777343915673e-01
4.168638020113799580e-01
2.171951763670827429e-01
4.548268364898542804e-01
3.484559619397506469e-01
4.168438696538248056e-01
3.642586787765506040e-01
4.340859102874614628e-01
4.330947862681404636e-01
3.649750683403268914e-01
4.080995313492276622e-01
4.397920683233106365e-01
4.080758664358614674e-01
3.941217806829138137e-01
4.500045108083806644e-01
4.090945066543053010e-01
4.396197034783566604e-01
2.145180667464695878e-01
4.741379485147062534e-01
4.105055663342711547e-01
3.073860371792265234e-01
4.764679826420883946e-01
3.537855545405285684e-01
3.795165892851095624e-01
3.874640373385963565e-01
4.500977021356816210e-01
2.821428038874355670e-01
4.888293623749656591e-01
1.830736396755557882e-01
3.917965665805533404e-01
3.181148390610098464e-01
2.395326271172065757e-01
2.879098460709849649e-01
4.439905821815758880e-01
4.758406035680152191e-01
3.596959376261501529e-01
4.629311709700335564e-01
3.200820605729989832e-01
3.948640395579433582e-01
4.455213995898923418e-01
4.017795311542929348e-01
4.333610714999360791e-01
4.752988971846759947e-01
4.076533274090287651e-01
2.784340817852543060e-01
3.512754196784380611e-01
4.099152809598645697e-01
4.356091005985860409e-01
4.131719286438483296e-01
4.684269794576439438e-01
3.773501536954988467e-01
4.277324360068880948e-01
4.112875593899328885e-01
1.368608167620329885e-01
4.239758427239843641e-01
3.289696562143667458e-01
4.998165431903027756e-01
4.680010794376993077e-01
4.828800932923740796e-01
4.109305856406644808e-01
4.253160917025285981e-01
4.296712218732293143e-01
5.771739932156899622e-01
4.156611146930824785e-01
4.450272334817511610e-01
4.794214374041666504e-01
3.992598461972603485e-01
4.711395582750989020e-01
3.446474717208308225e-01
3.561812978819354769e-01
2.967030821097711435e-01
2.023966134505878200e-01
4.209307390243555158e-01
2.606463477148392438e-01
4.123276185279199368e-01
4.481594393615735417e-01
4.292675785212005102e-01
4.403662104913411701e-01
4.237759802891616356e-01
3.791710941469968454e-01
2.267062538908282687e-01
4.708003034816899968e-01
4.268185247080708011e-01
3.198576795226844571e-01
3.597065118317052668e-01
3.455055185782079374e-01
4.364877182955746449e-01
2.502460309718763098e-01
4.221033504063961828e-01
4.185406856750403248e-01
2.774764364312741205e-01
4.367035248156798111e-01
4.252058932181513318e-01
4.197048325642003253e-01
2.254367895514141906e-01
3.537847576412321282e-01
2.139444665496256226e-01
3.751832748031658782e-01
3.624123692438273037e-01
4.123907987090427718e-01
1.185960011494487237e-01
4.166101297046505558e-01
4.333409510167217649e-01
2.710883815509292361e-01
4.039912600502118534e-01
4.286283367011343159e-01
4.538118451996815406e-01
3.873849120348859532e-01
2.751756714864536102e-01
3.797613733805570435e-01
4.773167463653728015e-01
4.997861107115251778e-01
5.009071745011728360e-01
1.774330702773825597e-01
3.976891646547244807e-01
4.655666413368969581e-01
3.318747390522285845e-01
5.480760987762889336e-01
4.778784779658228343e-01
3.897757472840653326e-01
1.807286542883814184e-01
3.522674244528025134e-01
2.448149764647385984e-01
4.073737133456554749e-01
4.075759241978101910e-01
4.138423214424665209e-01
4.246228225913996068e-01
4.163964091636783715e-01
4.208346860626343555e-01
4.828800932923740796e-01
4.532228590292096682e-01
3.541224848576079998e-01
3.665919861410303349e-01
4.430711283539647827e-01
4.055842912861880034e-01
4.053250691480366208e-01
4.109652713401922841e-01
4.615489290996732108e-01
3.407403299870976898e-01
4.075365541527723456e-01
3.526501612517862205e-01
5.140261032772053262e-01
3.939108285848685331e-01
4.100137481870476663e-01
3.304844176951612367e-01
3.196395108513273575e-01
4.170613547825905987e-01
4.500117401612918067e-01
3.992424571044336234e-01
4.527294868329260757e-01
2.433370261839304660e-01
5.478644392361420312e-01
1.883972782330334550e-01
5.706143999321376947e-01
4.083758026345671865e-01
3.063602777281846379e-01
4.163205681754843512e-01
4.963151991876320057e-01
3.350445255842398606e-01
4.480070021025710503e-01
4.351729785174333065e-01
4.503528060064808658e-01
4.142409122471547578e-01
4.422842082648836826e-01
3.957154804827951455e-01
4.278305954448916593e-01
4.058949051720090462e-01
4.282783530192286192e-01
3.489037346794886529e-01
2.834224420689286372e-01
4.289137107124575965e-01
1.548833238701112780e-01
4.101406717022507697e-01
2.690880540358418505e-01
3.998815468970592923e-01
5.794856103638416078e-01
3.739446224354263104e-01
4.127076782498129148e-01
4.133389581720821049e-01
3.618284466991148474e-01
4.432729681828190271e-01
4.011979899302312580e-01
3.229723139099452411e-01
4.655807291024031680e-01
3.869704998788587869e-01
3.014633178800564250e-01
4.331558641636936713e-01
4.282041830881138655e-01
5.580349426447863692e-01
4.492553211998420726e-01
2.358687806556076794e-01
5.736264854209883746e-01
1.097224663140267120e-01
1.747430957910321991e-01
1.947242388284040615e-01
3.826539554675298938e-01
4.534500307000349228e-01
4.612598695846997776e-01
4.184465567898667526e-01
4.667974001445018284e-01
5.761964075713636030e-02
5.474785018114202151e-01
2.954349192408034508e-01
4.705890139690306895e-01
4.013425541677406172e-01
4.060288993531838142e-01
4.622297515450029537e-01
5.686835397408981363e-01
4.444448941136269204e-01
2.158043134952430386e-01
1.249093324941151634e-01
2.786379577766624482e-01
4.050135711463034305e-01
4.174847059778513114e-01
3.761880945488905725e-01
1.899354851282411272e-01
4.114472412709780369e-01
5.363293558197222977e-01
3.687668736306374262e-01
1.937457156184253237e-01
4.599922739556717710e-01
3.638480356479830147e-01
3.901118881496992152e-01
4.128050545639322944e-01
4.448807994394988197e-01
3.268515224582645429e-01
2.404428905043117792e-01
5.361037099210191892e-01
4.551716006182927599e-01
2.575507975637096880e-01
3.955467598567469212e-01
2.716796020766604758e-01
4.074592457304969662e-01
4.195948287612506489e-01
3.902326604662017528e-01
4.077861806375401299e-01
3.882009544656138678e-01
4.277336448407994540e-01
1.511434726505837545e-01
4.097510899134004236e-01
2.212450384247184043e-01
3.973952735384040924e-01
4.202861408925132047e-01
5.148858350500582493e-01
3.769286930718298567e-01
3.864133271514898493e-01
4.092925804223927488e-01
3.764781735066038970e-01
2.902300482883660715e-01
4.420148646841222106e-01
4.223034429154977620e-01
4.616953475408563379e-01
2.626972989413152160e-01
4.010059063295953741e-01
4.015673764461671347e-01
3.768270376458242032e-01
4.909075218869084489e-01
2.379481126542898894e-01
2.975561409401870638e-01
2.449314208019099381e-01
4.094852328396720864e-01
4.078059349105498388e-01
3.945308684346707784e-01
4.264639420301215011e-01
3.638470701243639582e-01
3.886150248918375794e-01
4.667756303253778327e-01
3.775966046158205636e-01
2.837053789940770510e-01
4.504640458622286014e-01
4.137974252995481050e-01
4.525432386130696094e-01
4.485162162303273914e-01
2.528668730957663313e-01
4.367321868842924393e-01
4.642120372585673560e-01
4.376800079369047580e-01
3.948529362437853130e-01
4.208399233332732470e-01
5.355453827975122927e-01
4.878868492127257928e-01
1.932880587507458670e-01
4.336316287691969196e-01
4.591194238826911689e-01
2.473336615426060259e-01
3.380057038713952244e-01
3.344022936283933545e-01
4.251642971162951645e-01
3.986156797088305503e-01
3.923466321080637531e-01
3.676194923101879231e-01
2.375244076135017424e-01
5.633063498338859443e-01
3.915237271570125022e-01
2.554661845823501531e-01
3.111962376653597540e-01
4.530185580487014474e-01
1.550636224655874418e-01
5.227769105070656508e-01
4.219871332286762033e-01
4.163267013458216703e-01
3.357063296623143955e-01
5.841641750139174860e-01
4.078361291203380645e-01
1.654416422517031859e-01
3.538550802076036450e-01
3.564064216427261789e-01
4.052226495393383976e-01
5.546671571758799990e-01
4.849246992196127315e-01
3.733074052275213162e-01
3.114761377345046656e-01
2.114690198351030226e-01
4.604896145909538885e-01
2.821367765429680374e-01
3.589548843486399243e-01
4.695137962448512337e-01
5.574970493536287597e-01
2.344957303045505648e-01
2.641627867685399367e-01
4.897803267940726846e-01
3.970274653859606762e-01
4.080723391834826241e-01
4.583943510791275155e-01
1.911292316490728616e-01
4.450422653194062161e-01
4.008449235434351499e-01
3.756587838581763039e-01
5.138617101637009688e-01
4.187631400762905076e-01
3.966825773617969619e-01
3.850128224869341920e-01
2.435369132236310241e-01
2.804494853064493087e-01
5.710610517392014085e-01
4.446331130472698789e-01
3.498765247454820870e-01
2.266408258020544686e-01
4.930750911473004705e-01
4.983867641151675798e-01
4.576753153914457362e-01
3.743460517218841765e-01
2.314957345084967255e-01
4.274509075761432353e-01
4.249604800178859998e-01
3.808334377801124715e-01
5.566129815724798480e-01
4.469757585645066089e-01
4.507842873919235549e-01
4.434767936626536899e-01
5.745646441007509209e-01
4.224478712245423040e-01
3.550508110464786204e-01
3.314577893159051381e-01
3.415311919601659030e-01
3.886570174102239039e-01
4.240936423729251281e-01
3.228004662238390665e-01
2.500090524990208340e-01
4.029074725259345069e-01
4.029074725259345069e-01
5.242861012651127695e-01
5.564976735304718591e-01
4.133389581720821049e-01
4.601088123245535288e-01
3.687891943417722085e-01
4.209831935533736025e-01
2.325784838718630010e-01
2.731573025743922467e-01
3.838852422634481676e-01
2.513046611081601878e-01
4.532620629394571998e-01
5.278161427499933334e-01
5.281702715032159379e-01
3.279273291435531590e-01
4.914627817821174416e-01
3.479344108930783053e-01
4.379644211547203958e-01
4.610305799235051571e-01
3.665806694739522364e-01
4.390238544141314980e-01
3.207497532248602123e-01
3.317267434508269774e-01
3.111325822325165524e-01
5.424507313130667585e-01
4.186637988572934344e-01
3.834460694471492070e-01
3.040218629221766999e-01
3.559780909678985639e-01
5.614910421567285148e-01
3.352423417687163121e-01
4.402511628129218701e-01
4.288989768303292927e-01
4.868590481584645357e-01
4.481419028884332523e-01
3.834488444250984673e-01
4.220063003454876394e-01
5.614910421567285148e-01
4.157570552731654212e-01
2.907252258934898692e-01
3.973995554510142969e-01
1.379454777802179011e-01
3.511657016323068703e-01
3.995307806099219761e-01
4.279234354576897381e-01
3.976795785030559083e-01
4.702168850672728273e-01
2.978395854809759991e-01
3.386984843703137460e-01
2.792764471355841938e-01
3.876656833158670934e-01
3.509152715679975665e-01
4.855813089714809960e-01
4.038086056362316101e-01
4.255157789157680837e-01
4.350882481976677818e-01
3.615509902511671037e-01
5.362548722075348717e-01
4.206244147686948320e-01
4.212711917807179796e-01
2.743586244879414049e-01
3.247254399988866447e-01
4.573270427858513454e-01
3.151257195493258334e-01
4.311020823182209472e-01
2.765124031292560680e-01
4.295958211588265518e-01
4.254347457174701419e-01
4.097061363452698113e-01
3.961153304514398732e-01
4.501475170965626993e-01
3.852332713209454251e-01
3.097456295861112929e-01
4.651716523875727982e-01
3.808584135152308092e-01
4.123291041148411384e-01
3.228590288204102321e-01
5.328230593281643168e-01
4.213339426834840085e-01
3.928795614999775476e-01
4.197920650299187262e-01
3.967111475666668663e-01
3.400767712036578683e-01
4.630738088074318193e-01
3.685408836785672992e-01
3.934602976715244060e-01
4.131864631974220270e-01
3.838626453594483068e-01
3.937108373167481079e-01
2.440720682366949446e-01
3.514045147919399592e-01
3.005668893842117217e-01
5.276002961069256036e-01
3.588648001236461882e-01
3.111071397930721405e-01
4.175067702049186091e-01
3.937233367606325918e-01
4.562821170893343048e-01
4.564539186361081802e-01
4.717951933750629268e-01
3.099196584759617568e-01
4.642464787764664647e-01
3.755452460811105619e-01
4.574671999495130703e-01
4.096451942537048252e-01
2.545887836857763653e-01
5.632109068905681859e-01
5.628824582026502599e-01
4.292740231320313904e-01
1.589100156014688070e-01
3.407500222343353702e-01
3.056374465825085207e-01
4.350157289094671587e-01
4.527096977894483065e-01
2.198080490830865985e-01
3.895792197022650560e-01
5.629073853089039403e-01
1.406999386067566971e-01
4.843827676165827767e-01
4.510029003203236408e-01
3.121829978249648918e-01
4.171292478143686644e-01
3.629257841669323303e-01
4.014546667082978804e-01
4.154572607288488650e-01
3.817671109035207788e-01
4.831704423021060957e-01
3.113348655300618439e-01
3.610036722752582028e-01
4.115309708402421496e-01
3.911956706949119567e-01
8.431248368049178155e-02
4.051807420384809233e-01
2.982725802946097349e-01
5.643481720586637218e-01
4.313125746826306783e-01
3.697847750051599242e-02
4.163968893944633431e-01
3.712462722495147305e-01
3.370956013910624272e-01
4.096540837097529808e-01
3.477149621042009975e-01
5.342629525095689974e-02
4.369573603527451833e-01
1.708464122765806226e-01
3.989149229047220802e-01
5.660368962699872109e-01
3.473962858472076087e-01
4.397209389824978665e-01
4.110022793999469903e-01
2.904194770517333213e-01
4.067248829258806042e-01
4.639298320069684678e-01
4.164073985402404476e-01
4.531269946910541080e-01
2.135223622210689898e-01
3.745989607380035280e-01
4.439905821815758880e-01
4.123881497636672777e-01
4.486953646774302085e-01
3.777741393065797704e-01
2.787243836598409796e-01
2.012875577541286265e-01
3.721105854049701622e-01
3.681067297179381193e-01
1.884186471907748350e-01
4.257496438394648974e-01
4.363219088871320706e-01
4.683660401045645072e-01
5.668246704346237008e-01
5.153531118440615177e-01
3.065791390704182828e-01
3.571710243193028100e-01
4.127686167730482136e-01
4.055798839841331938e-01
4.380213711982219316e-01
4.246527325795810270e-01
4.506249130511046364e-01
3.410914598704307132e-01
2.109770664232900050e-01
4.857480714558809476e-01
2.320587422172825653e-01
4.523501716471663436e-01
4.329425793738622685e-01
4.199527772039154949e-01
2.213256886499606890e-01
3.121550016232641500e-01
2.816046963512755519e-01
2.089742541267377296e-01
3.989149229047220802e-01
4.433293304477392560e-01
4.072396821534334799e-01
4.801036581368174905e-01
3.935742787513124008e-01
4.135179261695837161e-01
2.522955592854072560e-01
3.672653893651171564e-01
3.983380132273391938e-01
3.367666949403887444e-01
4.559804552298071245e-01
5.137569503116353742e-01
2.889241097745903764e-01
4.060391225346814958e-01
3.837646541308452619e-01
4.928797459066384667e-01
4.507842873919235549e-01
4.491786529400573214e-01
3.229712474772827302e-01
4.189930568506772257e-01
2.909473894343804212e-01
1.378651822562797502e-01
4.664477025928444598e-01
4.535755504094536317e-01
2.565081857215175121e-01
2.316757225244426288e-01
4.640315979474631813e-01
4.846324679574761651e-01
5.819876773985347418e-01
3.772831392196774325e-01
3.961358691345921446e-01
1.821540130744014885e-01
3.493527401733944604e-01
5.756461798430425603e-01
2.282355931808204841e-01
3.270268702297280949e-01
4.137167372334145110e-01
4.413276977486531027e-01
4.371575570072822603e-01
2.754988286578606282e-01
4.035600387794046617e-01
4.546151513905088981e-01
4.526371129850554342e-01
4.385872460443317467e-01
4.144952678475222752e-01
3.827520498250093772e-01
4.338065366299260761e-01
5.826694102243425988e-01
2.083790753846499755e-01
4.072406259351369351e-01
4.310001817770120480e-01
5.709271624503218234e-01
4.270114747489393014e-01
3.038732790857794908e-01
4.080908217618898215e-01
4.612367606668856257e-01
4.562915184762123544e-01
4.536754666274327441e-01
4.298209560395283013e-01
3.648605355801762817e-01
4.385364087155103063e-01
1.924951640952824727e-01
4.168866301099481975e-01
4.379159392554136110e-01
4.878918908476163607e-01
4.835214323359608990e-01
3.923887443729547897e-01
5.176836014936203600e-01
4.517688994585642992e-01
3.036408496471658669e-01
3.917891671510924101e-01
2.802982125521233381e-01
4.776257383623779829e-01
3.085181380407263640e-01
3.988300570714138349e-01
4.361744504853135029e-01
4.273452134855814100e-01
4.598764863467540431e-01
4.305984537466754358e-01
5.456343792498578038e-01
3.945193628950738329e-01
2.880440132746561188e-01
4.029272319439776706e-01
3.987257695666141522e-01
9.175084616982055741e-02
2.489393755350299831e-01
2.326588619082380349e-01
4.501585545418447243e-01
3.246143598051451917e-01
3.167560001637231837e-01
3.504534030755038221e-01
4.295570969814575535e-01
2.694254424216820931e-01
4.582601246245870397e-01
3.466455608196091775e-01
3.146009346831510345e-01
2.760338690435206743e-01
4.158697548246982345e-01
4.321122062407657394e-01
4.342861357375890075e-01
4.287596053423224918e-01
5.011030746793355695e-01
4.814784282568029261e-01
4.279153604521409027e-01
3.145169248859048805e-01
3.270601134527360565e-01
4.549417509782943680e-01
4.057741663397162468e-01
3.503782177056469216e-01
5.741375325499015192e-01
3.577454009182937655e-01
2.436290382012538946e-01
4.932159997348015135e-01
3.686953852370254414e-01
3.307798145636146048e-01
4.522190366108794768e-01
4.428637489007710148e-01
4.233288669228053025e-01
4.881838950644051267e-01
4.749483157660597255e-01
2.797693870038338582e-01
3.122122647669474116e-01
2.125879016326544524e-01
3.502275267290920202e-01
3.288627310293253392e-01
3.286642009507093620e-01
3.082413303441557395e-01
3.397539064122624963e-01
4.119908159653408175e-01
4.237576956700662700e-01
5.654145130234098371e-01
2.530356402345767530e-01
4.644489099522317588e-01
3.462022675576172381e-01
3.745355488644058761e-01
3.309721863691090227e-01
3.622199846587336736e-01
4.318575799452503694e-01
4.347393063020546511e-01
3.280743750609850795e-01
2.673483505041835961e-01
2.720283583361468027e-01
4.064495318546718083e-01
4.855893555548691509e-01
2.308651630811938693e-01
3.825173288963695795e-01
4.176365074102986186e-01
1.753531063109202981e-01
4.471863734139066016e-01
4.043905642718793048e-01
1.561761133587813155e-01
4.499045516874611850e-01
3.782773908384550188e-01
5.709325360228554302e-01
4.319832681337689717e-01
2.446948841639899064e-01
3.735469640850693773e-01
3.453000348208933312e-01
1.702495651329147819e-01
3.304375406521199987e-01
3.231650505978937438e-01
4.087449579559346846e-01
4.644990556889740385e-01
4.801102467670932405e-01
3.211059850520043280e-01
4.135823994967792738e-01
4.500462552863632726e-01
4.120743168295689096e-01
5.264186946502388276e-01
4.302395125615048332e-01
4.263080888423272374e-01
4.212598709644193584e-01
4.140041402965650152e-01
3.421007590731553472e-01
4.714829806700921999e-01
3.039639628731408694e-01
4.527096977894483065e-01
2.092096295067463751e-01
4.102800832509818640e-01
3.453222709916596855e-01
4.469888227173062223e-01
4.001833681696395639e-01
4.488804002460924369e-01
3.907669087501016159e-01
2.123104708320761591e-01
4.241481067013871398e-01
3.374868320594082705e-01
3.633863900931087465e-01
3.211355478334111946e-01
4.363114617722020361e-01
4.697712208161892167e-01
3.794554368280633749e-01
4.176251793328640827e-01
2.632740989133071086e-01
3.708728905943461385e-01
3.309419431985184401e-01
4.028880877825058993e-01
4.130113309261000953e-01
4.374961426973872913e-01
4.353356086686234749e-01
3.250060336932287797e-01
3.816439903356551033e-01
4.810206744633317433e-01
1.999194400794307991e-01
3.426343870070926445e-01
3.880637553435115628e-01
5.243006229146105479e-01
4.153268455823252436e-01
4.399438496527844356e-01
2.651754214674162946e-01
2.816852640070291458e-01
4.239081441661729510e-01
5.254115885180291601e-01
3.350619416055078958e-01
5.299073771197247984e-01
2.303527566676326632e-01
3.566061411783936763e-01
3.602747901760496863e-01
3.823028233228716877e-01
1.328155984290383673e-01
4.422617032246264901e-01
1.283510610303168209e-01
4.666522276312616846e-01
3.747709275067391821e-01
3.466570136018670145e-01
5.610634147332896893e-01
4.775963910914858834e-01
4.349580338734181373e-01
3.958287273580090027e-01
3.113613042803416997e-01
3.736405200043789732e-01
3.405824597802157849e-01
4.404057406962917920e-01
2.376824906753972066e-01
3.508846967917016446e-01
3.392247094309370770e-01
5.747266524082591532e-01
5.006672649100126771e-01
4.478472454940640168e-01
4.329640584778493562e-01
4.054708707660946154e-01
4.471830402620644573e-01
4.239083798418994409e-01
5.103743634735287138e-01
4.841600363793382988e-01
4.069762242420043030e-01
4.259840282455730209e-01
4.397209389824978665e-01
4.397046754487262676e-01
4.100718422536357433e-01
3.344244405494259387e-01
4.344187076489480215e-01
2.030071593029096344e-01
3.911672590732510058e-01
4.547452736850470245e-01
5.760120715949963444e-01
4.251760923544700144e-01
4.496616325836608752e-01
4.342844405320462897e-01
4.160919616004667421e-01
4.586643070018558976e-01
1.292883843060163296e-01
3.869996548333790032e-01
4.140725062564998837e-01
3.286408049068339499e-01
2.693376612630398736e-01
3.399303610609157866e-01
4.501689435054489485e-01
2.860155275671116826e-01
4.414647719792172409e-01
5.524253858071679346e-01
3.401997704483150087e-01
2.209080522176383177e-01
4.442322425778339468e-01
4.249280770950212838e-01
3.136221935561096519e-01
4.615824575401008545e-01
4.070817646454374383e-01
4.365251997813927032e-01
4.405258977248808216e-01
3.904696279695554217e-01
3.736074103862723761e-01
4.333293743594847647e-01
3.076578210618087783e-01
4.035516284753441485e-01
1.698975105957850062e-01
4.523393854164417527e-01
4.405487690998192707e-01
4.316731202883986596e-01
3.792720312391970050e-01
4.162552296113301575e-01
5.356938985037082990e-01
3.016752353979902379e-01
4.653427533799511240e-01
3.825642754803469936e-01
3.821428005211210954e-01
3.179693971388802276e-01
4.454081275289097919e-01
3.180897756528615616e-01
5.024856300440536661e-01
3.789674516477878896e-01
4.949313805719752213e-01
4.347844466680938491e-01
3.837445582110165510e-01
4.463234218459166125e-01
4.169007013615566026e-01
4.298272270884641033e-01
3.757637012976379753e-01
2.958576906239862581e-01
4.463733955559753830e-01
3.968888740758915179e-01
3.899584596004181947e-01
4.446822691949139927e-01
4.579206798798619027e-01
4.151301499570931863e-01
4.121618341807694041e-01
1.871774335921818910e-01
2.613134247468493765e-01
4.446487893003666092e-01
4.074722499478058979e-01
3.936845540792540121e-01
3.145496477447921602e-01
4.785425875167967913e-01
4.211790363478163934e-01
4.401724242165656054e-01
4.639997985702178918e-01
4.496279968443901431e-01
3.528594003026404025e-01
4.545582578593910794e-01
5.360111112268876044e-01
5.132658118689741311e-01
2.275315439538806439e-01
4.959301851719407628e-01
4.526314727006257033e-01
4.002699670493818918e-01
4.019557603343021923e-01
3.998389329914053270e-01
4.302769565383692263e-01
2.851066896862143318e-01
4.434021999716454276e-01
4.416463374717596313e-01
3.990670009657026340e-01
1.664417486851718642e-01
1.835619345951443604e-01
4.010065487119189864e-01
4.129153504305155820e-01
4.000851993543975693e-01
4.243784554926161579e-01
4.082790711093193248e-01
4.019930931120562212e-01
4.808019337804313453e-01
4.905275327847489764e-01
4.310437744008063787e-01
4.362139878269233884e-01
5.849117912795205321e-01
2.021466439082659772e-01
4.168773067284162748e-01
2.553253968823895326e-01
3.115949694190696673e-01
4.559129936339805789e-01
4.252568867236338201e-01
4.695009902565534521e-01
4.828800932923740796e-01
4.408900202906896881e-01
4.507336051194736348e-01
4.387437254324895175e-01
4.347653089692559703e-01
4.228900196750958185e-01
3.095654706793309896e-01
3.045064992665564296e-01
4.841600363793382988e-01
2.859086833126168736e-01
4.562921917287367513e-01
2.493805151026098066e-01
2.686903397902978274e-01
1.659400779907617418e-01
4.313394573995080195e-01
4.125852531742937312e-01
3.984214178503969195e-01
1.001130329074312181e-01
5.676983931301755604e-01
3.616703778275536241e-01
4.775100078467348630e-01
4.596236748788095072e-01
5.162189940142968003e-02
2.062074858822409151e-01
4.540540081495311187e-01
4.154098560501779946e-01
5.526068815513131005e-01
4.155053375812468031e-01
4.061570082799483838e-01
4.518416521819123566e-01
4.505236472576535367e-01
4.115432110408274724e-01
3.865885748748731920e-01
3.286434847224102285e-01
1.363315587301138776e-01
3.937500229393061102e-01
4.807053387645391362e-01
3.722096750359799588e-01
4.367427117141231552e-01
4.320289574416852907e-01
3.722154136984285877e-01
3.505606132082656479e-01
1.819410870676699821e-01
3.909893771134789198e-01
2.625750288599291715e-01
3.310527161839713073e-01
4.218940560879244628e-01
2.940229557568740382e-01
2.484874273568673242e-01
3.089156339490992109e-01
3.925162227011820826e-01
1.038771875794330113e-01
3.998555739382770313e-01
4.039151693204336979e-01
4.041274730685612271e-01
4.092219605643697133e-01
2.038874676412983922e-01
4.847670579252278955e-01
4.801179854783175216e-01
3.850780647476796936e-01
1.635230053322291321e-01
3.868775266760814957e-01
4.167389049132489975e-01
4.620568519899982962e-01
3.475831186092534497e-01
3.808451470879299916e-01
4.368690755617141153e-01
5.382809154349178504e-01
4.123907987090427718e-01
3.228567817685359942e-01
3.827391604166326955e-01
2.662409209079991124e-01
4.897215257210510986e-01
3.712051735562165722e-01
3.214819988689512908e-01
3.979652022559633240e-01
4.204289114634764402e-01
2.651293247890276206e-01
3.150605772018108541e-01
3.813212548339717234e-01
4.550523318548363449e-01
4.338743748919930421e-01
4.556156526067521306e-01
4.664550822305233990e-01
4.342935737133087892e-01
4.466247633026338981e-01
4.407378088737611277e-01
5.495057138119902040e-01
3.285298123446302454e-01
3.773303702119765735e-01
2.346941547440117015e-01
4.443559266928330254e-01
4.472468112092074510e-01
2.974715521918262495e-01
4.716582295137651260e-01
3.162052669021516160e-01
4.221606651663829535e-01
5.596597340893658679e-01
3.858186094137364130e-01
4.917419889106864894e-01
2.340535416480500897e-01
4.187986161608384661e-01
2.909521164338776389e-01
3.863634685615548459e-01
4.198051295976403807e-01
3.436164507469559593e-01
2.189482780015555574e-01
4.446252286984047064e-01
3.578441880296341360e-01
4.005173869994140268e-01
2.497503918074599205e-01
4.470492129625396882e-01
4.263005958479431645e-01
3.979774513773727818e-01
3.557510763243245111e-01
4.034914580558147112e-01
2.395655028022593003e-01
4.105055043449162833e-01
1.534831608108824519e-01
4.331784218990516466e-01
1.550534911218998391e-01
4.749483157660597255e-01
4.284826549125653750e-01
3.884888690861643679e-01
4.393012039366659960e-01
3.878840896545766026e-01
3.426653060857087763e-01
3.898425568506305172e-01
4.066951918298286062e-01
3.758506248953795703e-01
4.808019337804313453e-01
4.771945296637090106e-01
5.741375325499015192e-01
2.923077877332216912e-01
4.662149992849292657e-01
3.815480991935348842e-01
4.061063107798590366e-01
4.024160637408092378e-01
4.591194238826911689e-01
4.088332498006406746e-01
1.761474490236051293e-01
4.132748643740891681e-01
4.468220755020377855e-01
5.305746810933521518e-01
3.656977158415020690e-01
3.872716907603628300e-01
3.911004941315526784e-01
3.725973718754323483e-01
4.435094603099757338e-01
4.308769935768516079e-01
3.399583410806564787e-01
3.897632781502368693e-01
4.638122440927517909e-01
4.650093304819763462e-01
5.657726755658544215e-01
1.659577745563899087e-01
2.820301446455802941e-01
3.501617651726501856e-01
4.349771541455297319e-01
4.298931624350081915e-01
4.219091312019497275e-01
3.441911003646582201e-01
5.480760987762889336e-01
3.885494310261437545e-01
3.160120189472485630e-01
3.439624615501970517e-01
3.080229684021059677e-01
3.854123010795947324e-01
4.181883990512598182e-01
2.575236560806934971e-01
5.633063498338859443e-01
3.838852422634481676e-01
2.932884560072338553e-01
3.782480860970733882e-01
4.266514108261834637e-01
3.255249969540364163e-01
3.876504440586773792e-01
2.996193478230947949e-01
4.018441365926703757e-01
4.215887373543688033e-01
5.083945139955489134e-01
4.145405751781958692e-01
1.689586393081413118e-01
4.292653496844044403e-01
4.208307585764424763e-01
2.977370699422990374e-01
3.318868644438816018e-01
3.661526420241614233e-01
4.101843589905116438e-01
4.012010025132946578e-01
4.475498373324473533e-01
3.653979139115729469e-01
4.483981763415175736e-01
3.979927975184835987e-01
4.202677370663118195e-01
5.644846487184860262e-01
4.257496438394648974e-01
3.691401871970969584e-01
3.497845744500438503e-01
3.121787498529787208e-01
4.320910261296105337e-01
2.449872823077765271e-01
4.381160632156068657e-01
4.796997879469018788e-01
4.350895926281063142e-01
3.995463156028055129e-01
3.789823425364213239e-01
3.628906602682236415e-01
4.307284841774708384e-01
2.476895149608371316e-01
4.587140153277691201e-01
4.587021400926222792e-01
3.771362261499140445e-01
4.001409622229189500e-01
3.914855295572218785e-01
4.044568117642844407e-01
3.893838688186631036e-01
2.905527387295144259e-01
2.763201286644754728e-01
3.791534703327643085e-01
4.074294684966266455e-01
2.978769458925387692e-01
5.481783276038267871e-01
2.944581789508896041e-01
4.124505398502154030e-01
4.891730048861084312e-01
4.156144768940974732e-01
3.988654269359159787e-01
4.384028133574136010e-01
4.872173810679044093e-01
4.095638018573850014e-01
2.409078092547913830e-01
3.251666056235714142e-01
3.562498535442333303e-01
4.210049861724645126e-01
4.597191241704347009e-01
5.678050138246678591e-01
2.966060550770365789e-01
5.278216399692989835e-01
2.768985968928227015e-01
4.074458937670147884e-01
1.823807723334514297e-01
4.435566075710044576e-01
4.725896351711341703e-01
4.353184881963343411e-01
1.790565499458892651e-01
1.261040357370318832e-01
4.192356875836501517e-01
4.445319190353340111e-01
3.053122490993270266e-01
3.225814779154569933e-01
4.885401186553464670e-01
2.518812921705704810e-01
4.272584284718057290e-01
4.348019991987175925e-01
4.402706736926548792e-01
3.675670923226738163e-01
4.006125724213591699e-01
4.428598284682540576e-01
3.429814258212141032e-01
4.340400640560244105e-01
3.049997578571816415e-01
3.815033931264093514e-01
2.758815875877493884e-01
1.894370373823756337e-01
3.984081234988419151e-01
4.720209563232773964e-01
4.438946699614153002e-01
2.725300333716789147e-01
5.646210643017820496e-01
4.410180902977656192e-01
2.742001780995495519e-01
3.592021167331576614e-01
4.562506128876380185e-01
2.866683782340900821e-01
3.028325161570049051e-01
4.225192592277633996e-01
4.173424715276737307e-01
3.698124624140884942e-01
4.330734330929967291e-01
4.343163931607521566e-01
3.096795819616594558e-01
4.430675630947257804e-01
4.092221090234805514e-01
4.359687915479077414e-01
4.050687654886268030e-01
1.241120365062880065e-01
4.685083283286403111e-01
4.108927559937511909e-01
1.709628060191940302e-01
4.161381488978319609e-01
4.104607139241372438e-01
3.897507443093141677e-01
3.752891927856679688e-01
3.585546704726079725e-01
3.980973480423731226e-01
4.242046032350839102e-01
3.908509293871864632e-01
4.069268034570743264e-01
3.910457713066511909e-01
5.009528268810262697e-01
4.463770054608273141e-01
2.678593418053344388e-01
4.376196026714929133e-01
4.980396063636394199e-01
4.331152513441204333e-01
3.501838776758984251e-01
4.193537807899438974e-01
4.376166864333304041e-01
4.578131424565841101e-01
3.936397517917041844e-01
4.235332772767669285e-01
4.163846559985997509e-01
4.525913577045325709e-01
6.097798773605659362e-01
3.999758207559984680e-01
4.240075694483780855e-01
4.476433490833043316e-01
3.741520439617162519e-01
4.042305115749947331e-01
3.847730987808541392e-01
4.312101814214829298e-01
4.633970715920611161e-01
4.154199517676207543e-01
4.520180107761102017e-01
3.746065843498501136e-01
4.291871412754483806e-01
4.166289600292309991e-01
4.454507658319805108e-01
3.410694039210583894e-01
4.772288792556271253e-01
4.231493252540721728e-01
3.989386507202716259e-01
4.873317482741555406e-01
2.322273616438418897e-01
5.534157917623826473e-01
3.112602272764249944e-01
3.539912932259529632e-01
4.126747111159395631e-01
2.316257852445401388e-01
2.237313473836858302e-01
4.140083323370583601e-01
3.923678088998425184e-01
5.696778374575158788e-01
3.812983027566938521e-01
4.386286653064085939e-01
4.407617885469972685e-01
3.594678105765500287e-01
4.051156460377593471e-01
2.709760210736987252e-01
2.089014161369076583e-01
4.199458314087358701e-01
4.822500530742170333e-01
3.881425075078190345e-01
4.595397103806785899e-01
3.016437474819845255e-01
2.031067272353168640e-01
5.411174191881318318e-01
3.722872395274007817e-01
4.102212063094627936e-01
2.966124764107402334e-01
4.261018715858059802e-01
4.406092255251203293e-01
3.807096935014155914e-01
2.392655602396865644e-01
3.040927214018727676e-01
3.227326048921059232e-01
4.018434387767603755e-01
3.699605175568048132e-01
4.479362935757051911e-01
3.633619971160148565e-01
3.428804326315522677e-01
2.851873232315900175e-01
4.306879654622194353e-01
3.653360210676140363e-01
2.511650455630013434e-01
3.974918861469913800e-01
4.560156210356432482e-01
4.477714801461604166e-01
4.631519693343828514e-01
4.446822691949139927e-01
3.811794589564049263e-01
3.308538963237929731e-01
3.977780044662407311e-01
4.442016268072391250e-01
4.237285050737416014e-01
2.780655846703002365e-01
4.155846167795468893e-01
3.405950233917958703e-01
3.684554008354190002e-01
4.349636201349964537e-01
4.539898247698667677e-01
3.336440176832921600e-01
3.928255437728680466e-01
4.040932426630030605e-01
4.118723686230741921e-01
4.006257898463654321e-01
3.217710657902833615e-01
4.176213530046689049e-01
3.951576096905629609e-01
2.507745333736837723e-01
3.939503226086160659e-01
1.801667547274840575e-01
4.078173652247784609e-01
3.843192496528618496e-01
3.570185959811245091e-01
4.816317741536108588e-01
5.628075917833760267e-01
4.407378088737611277e-01
3.782072008396797358e-01
3.935840419502212861e-01
2.520621098646550484e-01
4.375068266913178516e-01
4.851500801490923886e-01
3.103848735222799471e-01
1.901321083910669785e-01
4.268011725018145963e-01
4.446216337307467015e-01
4.689618285901698269e-01
4.436006605508174272e-01
4.012818666723478311e-01
4.383382079190361602e-01
4.223515686457136042e-01
2.943614290860869231e-01
2.102877817256586512e-01
3.727740430304132824e-01
4.323198622810004998e-01
3.074318525197166641e-01
3.111325822325165524e-01
2.588117540871941458e-01
4.209511909473063751e-01
3.133207428089234137e-01
2.391204079487100065e-01
4.187937836466629760e-01
4.574827195280422587e-01
3.314302621420939232e-01
4.307464771893468325e-01
3.897459457565087271e-01
4.425223204966913793e-01
4.538659883369817738e-01
5.814114837728860952e-01
4.446822691949139927e-01
3.729387067145888413e-01
3.984820733138071946e-01
4.383366862338962666e-01
4.215996993460753295e-01
3.341929115953994889e-01
4.730723373148681965e-01
3.544021608273517088e-01
4.066767681910991583e-01
3.928024329464124276e-01
3.783456858882109364e-01
4.543526860556166835e-01
3.452639284697457955e-01
2.732178347229681226e-01
4.563240036366281172e-01
1.991893625690393244e-01
3.218558088689020824e-01
3.154211140942157487e-01
4.160980421586876754e-01
3.978283067323277744e-01
4.548589067282163279e-01
3.857004784702818823e-01
4.462126698555196613e-01
2.869822719698288949e-01
5.347423782550180249e-01
4.828800932923740796e-01
1.594283695077483021e-01
4.412261120502985468e-01
4.301828482748217275e-01
2.915129872785271470e-01
3.789221889627272799e-01
3.732166113198468471e-01
3.101724556705876545e-01
2.786505568018398105e-01
4.227475453169867170e-01
4.237538502554566433e-01
4.436384706963942270e-01
3.074382543520838285e-01
3.893459797134194988e-01
3.452303261109542221e-01
4.893949820440123832e-01
4.012597046896447250e-01
3.300360441275432821e-01
4.000724908312902062e-01
3.014188731723325132e-01
4.150493199876172379e-01
4.650093304819763462e-01
4.130662359640214776e-01
4.557278847070991845e-01
2.781380756608167748e-01
3.153074291857897449e-01
3.798153507772428772e-01
4.981647216277862444e-01
4.703759264538897589e-01
4.169352755715285408e-01
5.555921295497903145e-01
2.016132588126471337e-01
4.215249021772919380e-01
4.942801424425069534e-01
3.753007716004996275e-01
3.053733872000701788e-01
1.448507325285746383e-01
2.911356858754630128e-01
2.151940947674683691e-01
3.954084470838524212e-01
4.460016737757366845e-01
4.436224541242290154e-01
3.464549780750260655e-01
4.141118484602679395e-01
4.502712002987332429e-01
3.091997314942163677e-01
2.987986110057431199e-01
4.011979899302312580e-01
3.348482943812625678e-01
3.183516756149633586e-01
