2.663065601454195352e-01
4.768829986341803773e-01
4.249157766477538178e-01
-1.007203388642357797e-02
3.560975767355890609e-01
1.957494628173490903e-01
3.914569059518836491e-01
4.377802888713691609e-01
8.594057141108898956e-02
2.384514565063221569e-01
1.356362184266365900e-01
4.037274380861727296e-01
5.104655385493478414e-01
1.497813188995175127e-01
4.266713968331601881e-01
1.435540512940611246e-01
4.765266991747414971e-01
3.472022417398678562e-01
4.050752968596590953e-01
1.816414177468292368e-01
3.171935114039118320e-01
3.588416422450296794e-01
2.854095885943525590e-01
5.066601279441491634e-01
5.917898228000300076e-01
2.829228603981420176e-01
2.876048400226889901e-01
2.582479492042260016e-01
3.665682985729200039e-01
1.265208295612070821e-01
4.314309438950745812e-01
3.592616818643951104e-01
3.296724494255711679e-01
3.282267361817906570e-01
4.527161870043999725e-01
3.677673436016992148e-01
1.695526162440599838e-01
1.589425229446548571e-01
3.594618996799568977e-01
1.795619342186129674e-01
3.591101778065837191e-01
3.516569884718405148e-01
3.477118889217716835e-01
3.849434057861701730e-02
3.958523745127112692e-01
4.373945623100349844e-01
2.001404838286826859e-01
4.151231122981708932e-01
2.067419775179253072e-01
1.930725088754904895e-01
3.863403048532834672e-01
2.879162845876481747e-01
2.680996425642607206e-01
3.773501536954988467e-01
4.027660113244962425e-01
1.752670730529216070e-01
2.238711084835011411e-01
2.437316192976153595e-01
3.841629744893388931e-01
4.208393879593473330e-01
4.270988447198262872e-01
4.298866590504684115e-01
2.529111124170735914e-01
5.839090794000671991e-01
5.090413900909585010e-01
3.812882039688278990e-01
1.479748330876056173e-01
4.624430594874849310e-01
2.894788512454393170e-01
1.879767856588215325e-01
1.776866052864043977e-01
3.348536397805886855e-01
1.647146500757706855e-01
1.248887375890245927e-01
2.075233226313079604e-01
9.036339979210397666e-02
4.370797767149012247e-01
4.305094487339434783e-01
3.887074925120924118e-01
4.196032663671822593e-01
3.925955621046721689e-01
2.426023502583862235e-01
3.396347398856001676e-01
2.988598594757525539e-01
3.298728827516476669e-01
4.073165111955140971e-01
4.133030001970610101e-01
1.198281140136837758e-01
2.120076533886966486e-01
3.655575272889869942e-01
8.081027655696484957e-02
3.413837520223786948e-01
2.780760840239168696e-01
8.029630584576885610e-02
2.591936030774594779e-01
3.023434037994782719e-01
3.900781472691800533e-01
-3.155233310316435391e-02
3.200601238099866075e-01
4.190724618948362123e-01
4.105123214312748070e-01
4.593539074551701296e-01
2.329644808871715600e-02
2.065467068439428844e-01
3.406631294238101626e-01
6.174849957563017383e-02
4.144413584358149216e-01
3.135247950851526300e-01
3.878287025394671073e-01
3.071094350972796705e-01
3.559849227424977669e-01
-4.611071197830671209e-02
3.145644451099946504e-01
3.956284505405311402e-01
1.873102542078198818e-01
1.811144070727893629e-01
1.917030238666567465e-01
3.945154539144055672e-01
2.774320796040412040e-01
3.409494332754559043e-01
3.967002712148722243e-01
2.569623653115862480e-02
4.156470078204157481e-01
4.309935368833058278e-01
3.765731961546273654e-01
6.188725094706811619e-02
2.101720999633568399e-01
2.158139433796960605e-01
3.226602573401433638e-01
4.459771737072607545e-01
3.615767325755258610e-01
3.145655666028137065e-01
1.596915225344524292e-01
4.360199569141048892e-01
-1.466106493900365404e-02
1.458506832832887623e-01
7.297907136487317981e-02
2.155401584317791497e-01
4.833403393566533257e-01
2.929611556160996444e-01
2.678484242154741679e-01
4.363721334590645595e-01
3.201671482236371769e-01
2.927611602298778037e-01
3.626331549945461807e-01
9.247619215806442139e-02
3.998389329914053270e-01
5.302941376694100643e-03
3.859183441448092444e-01
1.548455805944099484e-01
2.728309746153292914e-01
4.546940016008976793e-01
4.388382382035472262e-01
9.369256321151825384e-02
4.158396265045321005e-01
1.296792887626434798e-01
1.659110052893521536e-01
5.513141798601496335e-01
3.135975605880998995e-01
3.836537197407134947e-01
3.123238071838567720e-01
7.817911158729985710e-02
1.526210501654187701e-01
2.354466152245921207e-01
3.513295864325829271e-02
3.571922402797234608e-01
1.687559042434639001e-01
4.296178705316842650e-01
1.505062970178685511e-01
1.247478517755578054e-01
3.968734398468287128e-01
2.372886459981128626e-01
1.515245495123992703e-01
1.405887627890414215e-01
3.782510901534885672e-01
2.020390437487736557e-01
4.179564723529525794e-01
4.503986175504341993e-01
4.017237282457933323e-01
2.464684581511382144e-01
1.237566703154650422e-01
4.750673931259727367e-01
3.951210591316444559e-02
3.216856798729268441e-01
2.805270220603308662e-01
3.735302664183529631e-01
1.574464697806109426e-01
2.892910039989721183e-01
2.512249320928615637e-01
1.237290520818226103e-01
3.156344265178558928e-01
3.179028097008364528e-01
2.311032766407521422e-01
2.066131517718207133e-01
3.511418474807717627e-02
1.402927302600016912e-01
1.359091652579375864e-01
3.494437943201810226e-01
2.037835795456541532e-01
4.090724857243543400e-01
4.450821238936701341e-01
4.340085022631470779e-01
2.520664070463968232e-01
4.944671870637533662e-01
4.019488868185444042e-01
4.723078555465780592e-01
4.294709391638583118e-01
3.596498988708801692e-01
2.170380534348196055e-01
1.798653820686283156e-01
3.246550486384386369e-01
1.065305574606741218e-01
4.013003609100647684e-01
4.843184654032421932e-01
1.284707091984991778e-01
1.475822730919840453e-01
1.135286919609886369e-01
3.272840589178785398e-01
3.701216510504347357e-02
4.449240249402600100e-01
2.570744632909726657e-01
3.936600706906446256e-01
7.119465662624244184e-02
3.188480625519050093e-01
1.816595846110457269e-01
3.877505617628058121e-01
2.351573440163868822e-01
2.551787960674041789e-01
3.740726704516333379e-01
4.180820318326501361e-01
2.609973853402536292e-01
2.265010333341319071e-01
1.189072787445869250e-01
2.064824871741583745e-01
4.285880392223219149e-01
3.842943507613078014e-01
2.377135480060416362e-01
4.447255840698855489e-01
4.267091659429458894e-01
1.903537245667842048e-01
3.779956860243451899e-01
2.508585648817264202e-01
1.304470694931985364e-01
5.702042537323744748e-02
2.907761396094614148e-01
2.502525517209040484e-01
2.787321218472261775e-01
2.168096215834788565e-01
2.257443033886029349e-01
4.171858522277994141e-01
2.763666934579251389e-01
4.197374240276462443e-01
5.412397453877256792e-01
2.789160734735152691e-01
-1.451697620216786493e-02
2.741383931560707476e-01
2.548943433230764222e-01
4.553842994551998147e-01
4.095219191688663773e-01
1.145999521586194975e-01
3.050155228206134495e-01
2.945857565284721313e-01
7.918034364724856056e-02
3.810349422274706965e-01
2.952622472705452306e-01
3.029132249121894160e-01
4.251945411167298294e-01
3.469023000849371097e-01
5.429409000413960573e-01
4.262132888622239268e-01
5.066062816005939551e-01
4.361560396469293943e-01
9.346008993638967033e-02
2.925667662291431270e-01
2.731688939198699262e-01
9.037527303562493952e-02
2.028144951433361598e-01
2.082616266612227207e-01
2.748584526224279179e-01
3.875459638640759152e-01
3.143484470618694848e-01
3.404635768942693708e-01
3.090227098960688368e-01
1.372807017814411945e-01
1.443141765726884962e-01
1.862869796627195373e-01
-3.836463806072067800e-02
3.876202426292454373e-01
2.735908313927091773e-01
8.160367333035158099e-02
3.858484492178524405e-01
2.246077583592238358e-01
4.067147251775907746e-01
2.977042189866007105e-01
1.260114954379928098e-01
8.166410091856991793e-02
3.946251846364055571e-01
3.834619040967399139e-01
4.096767933065826317e-01
3.929066570511223211e-01
1.807889004104395458e-01
2.288226423032440615e-01
1.835310555150142242e-01
9.437655035033629125e-02
2.909588924014606115e-01
2.905112172306435481e-01
2.105418864719322755e-02
3.944750847370623315e-01
2.516091874235775738e-01
4.278518889127519431e-01
1.539224278767259146e-01
4.207337263986744569e-01
4.045491881431796388e-01
3.004653371285747054e-01
2.596788890419593487e-02
4.301487016420261766e-01
9.552104997488423954e-02
6.269420643440988539e-02
4.547878573013910963e-01
4.508767807788379156e-01
3.202129876503525541e-01
3.073431002774998366e-01
2.779787110291738750e-01
1.332531027815209435e-01
4.188875776067547685e-01
1.639830153629115161e-01
2.903949487685577591e-01
4.918676631370780261e-01
1.571529083354218370e-01
4.194589013752431095e-01
2.975433343709983913e-01
4.223529993799393090e-01
4.097075577022570858e-01
3.987639849665608471e-01
1.092003062551369086e-01
3.073961454895536294e-01
3.494258943545756058e-01
3.226696075256399454e-01
4.069009849322803851e-01
9.020553954335135127e-02
3.429598053195708623e-02
4.490595318888520593e-01
2.955076832085390959e-01
2.943974127862754031e-01
1.461806040731611633e-01
4.142578140140293907e-01
3.527854048462492065e-01
2.190178914402045873e-01
4.054620590664393953e-01
1.830154416709932341e-01
3.930799105761310086e-01
1.921830774799373476e-01
4.232518168932388747e-01
2.860366721868716766e-01
1.187283204821940052e-01
3.416920757122116764e-02
1.245656715345005716e-01
2.114315904064431317e-01
1.635187983363890069e-02
1.475698660097487236e-01
1.874834804309574443e-01
3.307558402843651657e-01
2.381393716388361947e-01
4.129410453500296785e-01
3.951669836096010635e-01
3.750895707151909453e-01
4.291070048896774569e-01
2.573639384956056264e-01
1.958651462393391218e-01
4.341081950870924744e-01
1.528018359364378131e-01
3.099465711917036015e-01
2.239435878147079673e-01
2.992875530377667181e-01
2.962559653825461714e-01
1.879029043889795247e-01
2.297586289490396450e-01
2.305742668100190518e-01
2.163183429179096340e-01
3.812497822696360728e-01
1.697591218143567893e-01
3.312045496069089823e-01
1.398862918685422341e-01
1.040235083687107848e-01
4.123191437449723051e-01
2.269422406999752895e-01
4.159892268169765317e-01
1.841840144766486442e-01
1.850371382579255597e-01
3.551668941213908526e-01
2.454580757736462004e-01
4.206466296954520234e-01
3.317415260655504627e-01
-2.216404740972784809e-02
4.130851104363084114e-01
1.609313195891538817e-01
3.194454272434080200e-01
1.569759118815507726e-01
3.136128277695438560e-01
7.950801514466765418e-02
3.896612838366437792e-01
6.080511796597224544e-02
3.150530380680944265e-01
1.919832624966379409e-01
2.103513786544922715e-01
3.697797404161645152e-01
1.722547240055824214e-01
1.605536018533010312e-01
3.072037555934576947e-01
5.598355036602162826e-01
3.231769582799451923e-01
2.198696119810283622e-01
4.435813346848281880e-01
1.787421050847460280e-01
3.172273859723167555e-01
2.275355145089817122e-01
2.887735311381814940e-01
9.553447282779931049e-02
5.412460433728825265e-02
1.157059523690749520e-01
1.677406941234000082e-01
3.940014222511598607e-01
4.169352755715285408e-01
-6.198236975327751225e-02
1.981205201222155932e-01
3.835223562483438542e-01
4.029987000479012260e-01
4.281203002466430485e-01
1.734690311537565310e-01
2.592612705005573059e-01
3.988567173900703922e-01
2.899132909006485459e-01
4.250761078403208493e-01
3.095119607545770424e-01
1.972283281750342870e-02
3.031292781190151331e-01
1.514968737135084231e-01
3.385443532750113116e-01
4.257596305153919514e-01
4.076532813526807519e-01
4.579139483504308661e-01
2.207265580761295642e-01
1.201311244528700528e-01
1.554051265255170233e-01
4.277324360068880948e-01
1.232142519258816182e-01
1.178941953490016820e-01
3.948259770152812709e-01
3.707761222032738280e-01
3.328273347373899016e-01
4.001875631975717051e-01
2.099977573535347520e-03
2.126221894219326447e-01
3.871936953723891794e-01
6.493366884487734858e-02
3.102372836731547290e-01
3.221413010085340534e-01
3.473959245330832113e-01
3.966270727433550934e-03
1.474050867697812017e-01
3.769943319850924818e-02
1.729468220407069379e-01
5.048088744491866509e-01
3.173824913046013330e-01
6.965242487819645056e-02
2.300391653841383777e-01
2.286403335452671937e-01
2.965969613133692118e-01
3.433496300582500327e-01
2.480135757235601701e-01
3.182585636207591051e-01
4.302823426000565998e-01
4.648640800645273408e-02
1.583379690387628769e-01
1.108025431177661196e-01
3.967964889836331777e-01
4.332239110485692213e-01
1.460153542286002915e-01
2.966833100158592362e-01
2.223006651062240935e-01
3.881121928876508087e-01
2.433589700836021608e-01
2.112217312701392125e-01
4.076782379184002436e-01
3.522693311856082699e-01
4.093481294815798366e-01
1.941429974010858150e-01
1.634915305640660121e-01
2.837600437298909983e-01
2.894985768888272970e-01
7.999416329904238121e-02
3.540696846336875703e-02
1.303675112598172703e-01
2.704103814054090171e-01
4.108197320358565885e-01
1.171810859359616735e-01
3.662667583892850187e-01
3.193932171034795653e-01
3.985819039126205499e-01
5.634560002689145142e-01
2.732596835123550227e-01
2.764926242098763587e-01
4.444146526027245581e-01
3.934224470710473431e-01
8.850843819579905236e-02
3.897025799083628783e-01
7.127694886402019536e-02
1.911454062183695901e-01
2.772741005216123877e-01
3.820392996048047607e-01
1.778890417316797423e-01
4.250761078403208493e-01
7.684816877102235155e-02
2.590768685749229028e-01
4.021841132674683350e-01
3.687845801595813766e-01
4.024681421844778506e-01
4.566994139909401063e-01
1.239375073708499225e-01
3.349610143884526048e-01
3.568770991793740466e-01
4.588705426809163157e-01
4.339586142759845888e-01
1.883613950840181683e-01
1.728367972427013732e-01
2.170010234723669662e-01
3.142837377270097932e-01
4.611282757276058963e-01
4.368329807453996683e-01
4.426965912446070295e-01
2.348047647740144905e-01
4.393182660916604698e-01
4.089698686127585803e-01
4.164417511818356843e-01
3.698922621321050208e-01
1.719333674817850321e-01
4.058268060069546990e-01
2.935534476365424528e-01
2.890014852897618280e-01
6.796715887622205299e-02
4.255940736285112602e-01
1.615186586850412553e-01
3.585112344196506040e-01
4.105602745539163045e-01
4.273623059091397058e-01
3.776525246568159244e-01
3.406517801438586623e-01
7.452203416408566261e-02
1.901712443370821015e-01
2.934383858507733644e-01
4.373687946209724869e-02
2.613226624054849623e-01
2.615079829426137370e-01
3.636819284914746819e-01
3.095351351470913004e-01
2.465993955600508936e-01
4.349114699098125536e-01
4.168235476014767737e-01
9.090158138666404319e-02
3.742117824473877863e-01
1.766151831861881571e-01
1.748739201336852456e-01
3.380487039864968346e-01
4.001551049241050539e-01
3.973703227815933992e-01
8.994110712005411179e-02
2.939707886028704031e-01
2.731929092764027178e-01
1.582528929903825876e-01
1.255335714121530166e-01
5.285837751251680761e-01
1.926985329897026589e-01
2.172567884177283026e-01
1.777414896819536072e-01
4.151737112957646914e-01
2.838032723010753822e-01
9.882105907253442567e-02
3.132323561130359035e-01
4.140275124409300567e-01
3.685914635067621958e-01
2.269908180313544299e-01
1.963867320564796071e-01
2.206983787848860734e-01
1.616965376781206165e-01
3.077630804800271513e-01
1.081681554485097313e-01
3.549485967827048505e-01
-2.886974941589621688e-02
5.631433024370785523e-01
4.030224495846202459e-01
4.070855680699352330e-01
2.282110191473019079e-01
4.303791223807393318e-01
1.866212162228416960e-01
2.227008604144941617e-01
1.406396748038325484e-01
3.276115151537361547e-01
2.466316105335983055e-01
4.070392456739493903e-01
2.507837226524079477e-01
3.279977520691964021e-01
4.456533007382592615e-01
4.352917133591909793e-01
2.178197524767140902e-01
2.599197034769814563e-01
1.455909634046416989e-01
1.818004841169402752e-01
3.450328800369497073e-01
2.569461605333707155e-01
2.177746550965996564e-01
2.551978944886831302e-01
1.948897073109546463e-01
3.975453739978920820e-01
2.942425233794275785e-01
3.807290879540202733e-01
2.928313188916649712e-01
3.998515935910154639e-01
4.414313007980329440e-01
3.867655151482982112e-01
1.306827762403323379e-01
2.739314176346828167e-01
1.541133930394063822e-01
2.687990188301142558e-01
1.681902901343726442e-01
3.975168881881679384e-01
3.942296610392690415e-01
2.496981295533215184e-01
5.451928354237209895e-01
2.443723491526428870e-01
2.952405600831481958e-01
1.645765236858627023e-01
4.276562954864634447e-01
3.410196744341204567e-01
8.765682993288301250e-02
3.363132432869778143e-01
2.975209823539946563e-01
1.744640478473090672e-01
1.353193885520362905e-01
4.144631955345499663e-01
3.467361597969028097e-01
3.909702201415116707e-01
2.889094753700244822e-01
1.852141879877882980e-01
1.074123097018772621e-01
3.250323765965141831e-01
4.720436397385254779e-01
4.699069021949111025e-01
3.357120884484826595e-01
3.684873541902384808e-01
-1.366041903191980156e-01
3.961831607470033823e-01
4.280060844039570989e-01
4.620005832147965757e-02
3.947057555907894644e-01
1.801592710273540177e-01
2.966399947882039090e-01
4.024160637408092378e-01
3.990864058743430753e-01
1.706109307906298056e-01
1.221501857946344534e-02
-9.718275193104371212e-02
2.046728335205371119e-01
4.042728447651332546e-01
3.916444010332577608e-01
3.789774496095947853e-01
1.999708065427877879e-01
3.446283694563363476e-01
3.237423707369183057e-01
3.880723665943227041e-01
4.238501029606544512e-01
3.392219556762507970e-01
4.271986792811452993e-01
1.179523616327732422e-01
2.329848206904036878e-01
4.342985297912718701e-01
2.198516452803971066e-01
1.903699164020248857e-01
1.731164514290372547e-01
5.756591793717322769e-01
1.504034293970828440e-01
3.425108689438994825e-01
8.181964830881058304e-02
1.142878219401530643e-01
2.825029779512505668e-01
2.291203077165340773e-01
3.843955379685219942e-01
4.228163787281073449e-01
3.437977892148966763e-01
2.638873330663611960e-01
3.911595070845209632e-01
4.423943603194830931e-01
3.197767409266148442e-01
4.060870784165546143e-01
3.995717534781073610e-01
2.964042116798526472e-01
6.251975495422742654e-03
1.499422388664788108e-01
2.003976455468996221e-01
3.378088881677208666e-01
4.504717249076615748e-01
1.566866773524550893e-01
2.492233306374060930e-01
4.532620629394571998e-01
3.070231373679639386e-01
3.643313598636060968e-01
4.092943708525468294e-01
2.096459521871525400e-01
4.385115701536229094e-01
3.255852584074643841e-01
1.767801861521270668e-01
3.063250466966016550e-01
1.411023910650664737e-01
3.981180523209170707e-01
2.049449819691953611e-01
3.998019741414061690e-01
4.046502741094126776e-01
1.142955594481033926e-01
3.161704077314930056e-02
2.561680042411937919e-01
2.058828909488659153e-01
1.435592351901643637e-01
3.306301121803449927e-01
2.562174583858569110e-01
3.007174519008987690e-01
3.945449879909861124e-02
4.065699175053125169e-01
2.181788540136988808e-01
2.641646071975585208e-01
1.972520747372808747e-01
3.156907680366734525e-01
1.608428303297212425e-01
3.559092935720121753e-01
3.884284896289043054e-01
2.445921753805529175e-01
3.065421880209537320e-01
1.469236643545779597e-01
3.737250717416925605e-01
1.662563918838556032e-01
5.762429248069661503e-01
1.814553628806497565e-01
1.778980581123840998e-01
1.463038098089649020e-01
5.538162468948427675e-01
3.742499025812309199e-01
4.031647985532847422e-01
5.059972846522987622e-01
4.236961615677150017e-01
4.100663199730381070e-01
2.782434578544707993e-01
3.824450754487287996e-01
2.313034981076280139e-01
3.069323386471936588e-01
4.248031314510100631e-01
3.819760129546829197e-01
1.542527069102995196e-01
2.534170085376428183e-01
3.213288181111207398e-01
2.918839910776440671e-01
8.106606979741699803e-03
3.494854540088419004e-01
1.166835671279631420e-01
1.517753078215452744e-01
3.064346524233329538e-01
3.941394104097856177e-01
3.348798440169237778e-01
1.010354704135981579e-01
2.993826034233294520e-01
4.496364763574491330e-01
5.754325855213591190e-01
1.866941668225171602e-01
4.132571594425951123e-01
3.801811798215080224e-02
2.943230325311715911e-01
6.646533740873526719e-02
1.011193207666721133e-01
1.621992978178076750e-01
4.531743013236436690e-01
3.993205067227196814e-01
3.727156161755920127e-01
2.958555126151417580e-01
4.294602929278346637e-01
3.217684111812218473e-01
4.359526446902177166e-01
2.988030485141234260e-01
2.722255567639235152e-01
3.879671573816728114e-01
4.214372182763790886e-01
1.965671869686529960e-01
9.961725687578890098e-02
3.561399699027104626e-01
4.048096202770241625e-01
5.686321613537186348e-01
3.967053389068677660e-01
8.005614128500672388e-02
2.314941269915435085e-01
1.412012357053496203e-01
3.036144166020642854e-01
2.935920144754686767e-01
4.642701464283182089e-01
3.778440364118773043e-01
2.017721070478614986e-01
1.366375370056133014e-02
9.069784030197512725e-02
4.323237276948531105e-01
2.215061139626320896e-01
3.279261546133225846e-01
3.861066319555131465e-01
4.263502709800920942e-01
3.152434701959720420e-01
1.748130045141473021e-01
4.141143874927913915e-01
1.800751708082193037e-01
1.485079230336080747e-01
2.258646941012926457e-01
4.637933375054978935e-01
3.886152231415948566e-01
1.412914486806566283e-01
3.419449277932454789e-01
2.958768260407528272e-01
2.226503952707549194e-01
1.229739921638475092e-02
3.880743051309038516e-01
1.343326914605832978e-01
3.338006252823645381e-01
3.389445285010539988e-01
2.641522550510030931e-01
4.470492129625396882e-01
2.288823568894052529e-01
2.717109542509162923e-01
7.005333255058100728e-02
3.710098916948982861e-01
2.331968135789285468e-01
1.388593085841567376e-01
1.642114884160122412e-01
4.055076275490536175e-01
2.940415499078214978e-01
3.170229368646353407e-01
1.105814050982236174e-01
7.677992739662063693e-02
1.035292204187085174e-01
3.770719912784227801e-01
1.892974243008164748e-01
1.308603673760503905e-01
4.988501836485365049e-01
1.176232690325066388e-01
4.427173534462696680e-01
2.565997553674636555e-01
3.346545316325674202e-01
1.200601518955417973e-01
3.015837767022012672e-01
4.279760453750169891e-01
4.034914580558147112e-01
4.167959515506046708e-01
2.650802543642797882e-01
4.255185904276042042e-01
4.052718963889434534e-01
4.831711306577932685e-01
2.363687822275126471e-01
4.136663630405894576e-01
4.064545966837052049e-01
1.187544324139317015e-01
4.758406035680152191e-01
4.341372295897404920e-01
5.862960410484630708e-02
3.767195100147068265e-01
4.104751128811837124e-01
1.169327426961890432e-01
1.826503142469546037e-01
1.279985737346715224e-01
3.650217197695013738e-01
4.080577785313118100e-01
2.775453620380751163e-01
4.452243727623891312e-01
3.521691394178932399e-01
4.007842853407823092e-01
4.253935406381574302e-01
4.256308700780185861e-01
2.238956882170113905e-01
3.101087791597041399e-01
2.215897478093784012e-01
1.317744511009136255e-01
4.016395698960789074e-01
3.204829508757091050e-01
6.630313945591581604e-02
2.645567308818944641e-01
2.730415482007310102e-01
4.003268367224816493e-01
3.046590371441568745e-01
2.368223218236528427e-01
8.724867293427698844e-02
3.874356110286946708e-01
6.005874569373811922e-02
4.493142843206717751e-01
3.545659377816062219e-01
4.182028846025389046e-01
2.225791412251188761e-01
1.396123621802534132e-01
4.849489198795777223e-01
4.071079245266049917e-01
1.120029269936889844e-02
3.494615031104501557e-01
1.134584419489247653e-01
2.610417342009830888e-01
4.132066762082542977e-01
2.316804649175480402e-01
1.018941480769735980e-01
9.688299956874044105e-02
3.283869487066503612e-01
4.729316533454209770e-01
5.819876773985347418e-01
4.138001582251472632e-01
9.604811141982391720e-02
2.802124062305554331e-01
4.247325235842344116e-01
3.276773722459808691e-01
2.996142274359984148e-01
9.348731927915070183e-02
4.217225610855638851e-01
2.983695576196822574e-01
3.372315067032167768e-01
4.004659223706856785e-01
2.817150315939617178e-01
1.447509459063124615e-01
2.376998032980894848e-01
3.212311088220532462e-01
4.244794168992486738e-01
1.201560396923529728e-01
2.155858954557316187e-01
7.443043642791649650e-02
3.655871011903049084e-01
1.561838504362500213e-01
5.135598466105634197e-01
2.183978023391545675e-01
4.158424133699982761e-01
1.570994024769039599e-01
4.092056184443611522e-01
3.072884938797266208e-01
4.122211844653674295e-01
3.948368506493364904e-01
1.342131931622467522e-01
3.023388174378111581e-01
4.321866113911927432e-01
1.887167644541813682e-01
4.716755263071810145e-01
3.506552473025318917e-01
4.291815654699058236e-01
1.708449244231476927e-01
1.894200645808453709e-01
2.289599336210266789e-01
2.394084141425578127e-01
2.184688341940308198e-01
3.824364381823049386e-01
3.074600069726887153e-01
1.810977291978549120e-01
3.844268402691469189e-01
1.477796213896065969e-01
6.852476996874076742e-02
2.114647845026798867e-01
9.825201685150256048e-02
2.120692467419171556e-01
4.297564688539362021e-01
3.558655240254541274e-01
1.966290149188026914e-01
2.835176592946491714e-01
4.041884947421761076e-01
3.738644860496553313e-01
1.717505709725609675e-01
1.006671949759378182e-01
6.335948764227920804e-02
4.836479373400345283e-01
4.132224657350717090e-01
3.779283357935978582e-01
2.385051995342859221e-01
4.218709486638296813e-01
3.264949570856545136e-01
3.752221184780863972e-01
5.583635148964918304e-01
1.452737057039117929e-01
3.562454197053199073e-02
4.009910738619871240e-01
3.908278006360981216e-01
4.366226867137316114e-01
-2.094764946932492836e-02
2.951008904736457938e-01
3.844370388042746001e-01
1.619783407042806045e-01
4.011997843021448684e-01
1.683984903863731120e-01
4.298825551186731819e-01
3.967877732139567515e-01
3.819126186737803463e-01
-4.053846059063853646e-02
1.436114862154746763e-01
1.454588879060278173e-01
2.203456994373816924e-01
3.510385523787604156e-01
5.968960533549718533e-02
2.556991279849117338e-01
2.380390032802950917e-01
5.639531104149957397e-01
4.553938509790297212e-02
1.551992739854810566e-01
2.700882489306923873e-01
3.863266160768241697e-01
3.821067036094502600e-01
3.368177209550141105e-01
2.439940088677405861e-01
3.262284946406497355e-01
4.343216570486407857e-01
2.031629438625962292e-01
2.349700469565629279e-01
2.050050554629330168e-01
1.841851678510409984e-01
2.621464793552104044e-01
4.376990257232690751e-01
4.101197593610430014e-01
1.779526719787542788e-01
3.968505073123795857e-01
4.239956416011148588e-01
3.082542652902278135e-01
2.505834610210772584e-01
2.773906435791133607e-01
3.248941019134642394e-01
2.653491350579981201e-01
4.054442546781290013e-01
2.533551636586733324e-01
1.817656459283712722e-01
2.783523677569180177e-01
3.408081209480505192e-01
2.261684269275542752e-02
2.562717187386372997e-01
3.959710371580316135e-01
3.868806587152041065e-01
3.126065039521204736e-01
3.661451504405123791e-01
2.981673284279727776e-01
4.429349989424092304e-01
3.822388480681094824e-01
3.648721719032045896e-01
3.662112823356333258e-01
2.660282879399680778e-01
2.382002375507120961e-01
4.566759660818080491e-01
3.391119400065304434e-01
2.174213361052572402e-01
4.006580571727029749e-01
8.751094792886360274e-02
2.115366660971761126e-01
3.580504606575034554e-01
2.029644758563194373e-01
3.528938799311301944e-01
4.178942608696025185e-01
3.309366364284355155e-01
4.194060419652849703e-01
2.241337725660571267e-01
4.529543550017317011e-01
2.979915994779914756e-01
4.310919836963238438e-01
3.499904529642003936e-01
4.651159402225263917e-01
3.920968068756322533e-01
1.696607293301951591e-01
4.406478570089025215e-01
2.894439612797845007e-01
1.348579187166517868e-01
4.162612151938929750e-01
5.852446457342816988e-01
4.223964361590102357e-01
2.400606264104643284e-01
4.899856529224991264e-01
4.174263512572290447e-01
3.947338507099078520e-01
3.712884945932266034e-01
4.225120040667005306e-01
1.465276142835935380e-01
1.910093331947211592e-01
3.032916724700021605e-01
1.727620294503993403e-01
1.608726523492407523e-01
2.474405184937157054e-01
3.972673732344481623e-01
4.108809156950412600e-01
4.089029304825950728e-01
1.024109720411643387e-01
1.444716760622749563e-01
3.832307863304686979e-01
3.903154642613795855e-01
1.304219910233796742e-01
3.621408475712369346e-01
4.398330184745135596e-01
8.931208412480401426e-02
3.294809918671097460e-02
3.135268947774594861e-01
4.674562087343016592e-01
2.229136259293752753e-01
1.000349438041252120e-01
2.880773952475988442e-01
4.115154888536509681e-01
4.086177036856164513e-01
2.599195185047298851e-01
3.071229001062754094e-01
1.036515572403068908e-01
3.589259207976631116e-01
6.104817239141384355e-02
2.044450320135938748e-01
2.516726982145928160e-01
4.413469242408104565e-01
1.205525007851238062e-01
1.697349282643615120e-01
3.187213230338866166e-01
4.112359538744211340e-01
3.287942017560701036e-01
1.517276500404216300e-01
3.039120916415459228e-01
3.863596066123013983e-01
2.823235723769510486e-01
3.000499543661332980e-01
6.267388556458970694e-02
2.286610583209605918e-01
3.078344245222566777e-01
7.267203446502563946e-02
3.912996860938288135e-01
2.556139350063101889e-01
4.464322000521039335e-01
4.627949192809487911e-01
4.442904005424183622e-01
4.138764708552397642e-01
1.780075304079627163e-02
3.508548375069951986e-01
2.082799465486926405e-01
7.473926511419458525e-04
4.052630624494661382e-01
1.414367001535636326e-01
2.960381227984311137e-01
3.143465829830508484e-01
4.143155239457801398e-01
2.726031603132272330e-01
3.078281495523074729e-01
1.722153412068779255e-01
2.219651549221118847e-01
2.528570524923912655e-01
3.282054554935296964e-01
4.466011138321479557e-02
4.245885415653508632e-01
8.569259785130665941e-02
3.978354873318976082e-01
2.296350185501299657e-01
2.724982060286871843e-01
4.417924511941864751e-01
4.053250691480366208e-01
1.961943499609182517e-01
2.241822298812322090e-01
1.733848439669593566e-01
1.157044123521600888e-02
4.506779885524683782e-01
4.230643018411477108e-02
2.152757637093370147e-01
1.029451119889159688e-01
2.889468434991374068e-01
3.219846786797287419e-01
4.141559679935783445e-01
3.553964588759071508e-01
2.950609973778670070e-01
1.731423308488290735e-01
1.782395282576223206e-01
5.344127789052607325e-01
1.136870961984863260e-01
5.632109068905681859e-01
2.646788236878330203e-01
3.879075154068710174e-01
4.344688965375838596e-01
3.118373615303695057e-01
2.174625772827886161e-01
9.023021675761161431e-02
1.586912470772986195e-01
2.589201698589674860e-01
1.665016679938743915e-01
-2.175527481201678173e-02
4.213377566884942138e-01
1.289431507347662820e-01
4.451867344982730623e-01
7.575360580399380372e-02
1.492980429185831737e-01
1.163542284114938291e-01
3.220168028579577513e-01
4.551377028972372618e-01
1.353256073207933230e-01
3.518291547350995696e-01
1.003512473501003699e-01
4.058326616359302919e-01
3.112282267034758299e-01
3.583750576032504465e-01
2.674048787379252889e-01
4.255333076298659090e-01
2.002276138086538093e-01
4.131023844712496396e-01
3.827296109440737060e-01
2.437038300175428107e-01
3.112175739531758967e-01
2.426480433835854211e-01
3.953459565031828826e-01
1.323904553513963744e-01
1.553837305719095174e-01
2.370180073211450300e-01
2.876414247789644829e-01
5.450019258035438963e-01
4.127418148829869460e-01
2.407606479371632302e-01
4.099282159059366437e-01
2.215966154073104322e-01
2.615378740933338997e-01
4.164355819547718718e-01
2.515181681302435246e-01
3.602248761940204935e-01
2.667229139551298145e-01
4.879852541808546995e-01
4.263971469650820745e-01
8.535753862522856006e-02
2.695047608301163189e-01
3.796786506196563327e-01
5.643095025680213705e-01
1.702662834627494681e-01
1.286576944029075298e-01
3.069479307540978752e-01
3.358054505577009463e-01
4.220024577938402133e-01
2.221311352576944842e-01
1.760633928691925087e-01
2.002524094676008393e-01
8.639858071356089353e-02
1.758355568459209206e-01
4.172453642905061821e-01
1.338929603874071117e-01
1.602088378908314015e-01
4.168372515640832443e-01
4.072510764939200612e-01
3.946830068253179280e-01
1.919517056828252410e-01
3.248740776921663631e-01
1.795973830920539679e-02
4.210507359760162216e-01
4.022238621363412592e-01
4.667550239062002726e-01
3.235482587483304862e-01
1.610112953171056183e-01
3.213889082017405974e-01
1.500163000465233321e-01
4.214778506802732139e-01
3.289729776446608245e-01
3.424051407467448294e-01
3.089452419570098973e-01
1.456993539906464297e-01
2.811745144602129653e-01
1.996992945793734653e-01
2.111262835967100127e-01
2.202776692323726859e-01
2.603947566986236084e-01
3.756206015690095046e-01
4.700377105293526703e-02
3.707784617827660223e-01
1.555363029917709583e-01
3.933971367635309968e-01
9.096268081667178984e-02
3.091724547673567747e-01
3.069414761436455308e-01
2.028817510208084651e-01
4.800898637212033249e-01
2.362667058423373323e-01
1.806845576172761980e-01
2.643268624666731403e-01
3.888851091084649658e-01
1.901522164266196968e-01
4.130765574820458585e-01
4.650093304819763462e-01
4.065789771208948578e-01
3.856731214767510352e-01
3.439910405514144953e-01
4.429804925315927733e-01
1.093975841819791461e-01
3.471726745602872199e-01
1.748107933115385093e-01
3.046564060404297059e-01
3.781354152581467565e-01
2.052710781735452017e-01
2.255371903153676749e-01
3.951216572754973622e-01
2.379286831822638726e-01
3.264284132144263939e-01
2.807776707263242022e-01
1.024000116261615939e-01
1.926814319202060088e-01
3.164924838312688227e-01
1.724808671053825460e-01
4.525165729834107475e-01
3.857180510623868797e-01
4.388714207649508925e-01
5.820159060421633071e-03
5.620128470942055143e-01
1.779541122613737258e-01
4.253865066305492215e-01
8.450841122276402106e-02
1.734266493762455230e-01
2.781216419675109353e-01
2.649149475094287332e-01
6.308386795053286256e-02
4.579139483504308661e-01
1.403585086207867483e-01
3.925022287288061351e-01
3.367599905261138837e-01
4.106938183786939534e-01
3.202919627522794466e-01
1.664760570130917605e-01
3.609098900989527459e-01
2.978868408966245940e-01
5.840200334237918151e-02
2.528929214873780196e-01
3.120573037445530939e-01
3.982921066454894743e-01
3.064292864023807628e-01
9.846109026547290866e-02
2.116192021172200177e-01
2.014985358262944559e-01
3.828103461453525869e-01
2.877068030511592545e-01
4.224302191956100794e-01
1.962171281288038194e-01
2.224711406450985973e-01
4.092581372033131659e-01
2.332243018330511231e-01
1.537640861524221525e-01
4.372093843401239077e-01
4.490250700397722672e-01
4.919407048536365012e-01
3.515863955007665909e-01
3.355910853108416414e-01
3.385800124646615172e-01
2.172252899990081421e-01
4.124896224372543996e-01
4.683439567080983634e-01
4.306003869515082072e-01
4.297879918101092933e-01
3.935844074135662063e-01
1.914367900644497467e-01
4.065139372176349575e-01
1.539774572460406998e-01
2.574890955631493616e-01
1.900698081195839328e-01
1.396123621802534132e-01
4.709824617318784101e-01
3.632931104289025548e-01
4.028826657548562062e-02
3.128455125815330917e-01
2.942148412737214946e-01
2.220903181719942054e-01
1.788665875097764923e-01
3.215291556316950405e-01
4.123095851026359338e-01
3.480221736084352924e-01
2.511246425280184713e-01
4.302096839810303774e-01
1.365328325793542241e-01
1.744997712746729907e-02
4.234401538307139279e-01
1.683500772240910659e-01
4.153877212863615886e-01
1.806107512201187981e-01
3.637921605845382822e-01
-1.213269980482709022e-03
1.590465780671718454e-01
3.741884382895152017e-01
3.827130504505882325e-01
4.558830757622800989e-01
3.679988767879306955e-01
3.062349332610953545e-01
2.872863335725461265e-01
2.856751341653490095e-01
3.875964429491962071e-01
1.784425462369020887e-01
2.249358196344201921e-01
4.046441583243093887e-01
9.767580422242384819e-02
4.090956353045298033e-01
2.507487748673649097e-01
2.524194799889613594e-01
-3.312426092632695523e-02
4.023045433977531782e-01
3.142254072378354857e-01
1.234084067914771460e-01
9.566307385211958447e-02
3.956509219721019988e-01
4.067561372200239056e-01
9.890155648198431515e-02
2.058225613652366615e-01
9.531533523046230305e-02
3.409058180799018345e-01
2.110488847266134560e-01
3.043638398947035584e-01
5.558242781899040974e-01
4.936903231915355517e-01
2.690680570282442119e-01
4.038628777727983343e-01
4.538506169271179225e-01
3.785853303441786832e-01
3.319952361509328487e-01
2.885263713650231820e-01
3.911505080890506636e-01
5.027039410129290342e-01
3.581121164150008473e-01
3.135929740812100630e-01
3.086029100186660767e-01
3.368185966065163073e-01
3.764795596159627444e-01
4.102889542844908033e-01
3.284946038225687315e-01
1.747341822695049618e-01
4.814784282568029261e-01
5.733934502584145942e-01
1.635251593326462749e-01
3.567985550984765220e-01
5.692176908163405769e-02
3.526663451205234723e-01
3.285666094580128593e-01
4.372862757864813821e-01
4.308002989695164375e-01
3.943195426578239293e-01
1.329216447054394346e-01
9.558752437260095713e-02
3.120353324600258493e-01
1.624489731803934189e-01
4.087324381808695728e-01
4.293714504815633881e-01
4.650093304819763462e-01
4.265343235154246404e-01
1.556748183918504336e-01
4.261005626726952489e-01
4.317232600502634021e-01
3.335628978492694574e-01
4.066381060030849759e-01
4.017470544582870673e-01
2.679041556069712282e-01
3.152673635654210105e-01
3.744169719419818687e-01
4.192066047010906682e-01
4.075785638489316520e-01
3.671866594821239782e-01
1.455565811376118568e-01
4.448807994394988197e-01
4.083281036101913952e-01
4.229264807431070694e-01
3.900498994587459078e-01
1.058938917412303449e-01
2.777128030860017693e-01
1.197601651333973088e-01
4.194931498299105943e-01
2.579348286575814872e-02
4.525940631207995835e-01
4.355023267330243586e-02
3.504241502408711462e-01
4.101539347479368214e-01
2.260814359386913719e-01
3.787232179879369554e-01
3.133921522221224665e-01
1.813862888147379782e-01
3.769086905717015656e-01
2.924046560997628497e-01
4.460420621224788218e-01
1.556274380276119196e-01
3.373590109407330340e-02
1.762890134576503842e-01
3.476549387952856951e-01
3.265643159177583077e-01
3.310581393811825035e-01
1.485228452903487317e-01
3.905472885361778168e-01
1.877062961463320245e-01
4.182517267371727576e-01
2.272700994932094209e-01
3.841349085807331254e-01
2.205465566478282957e-01
1.279927076237275529e-01
4.229417734422573072e-01
3.566945163809402408e-01
2.505088734709153830e-01
4.399319538582498468e-01
2.113786740432465894e-01
2.550092690144118990e-01
5.608782134655052598e-01
4.066863493222108716e-01
1.937375437856287130e-01
3.809348619259721180e-02
2.425453175831576991e-01
4.220951360285294940e-01
7.453471877212314300e-02
2.865664931020489026e-01
3.433436550976917689e-01
2.092639626368549832e-01
1.745652643480201938e-01
1.887873855984627536e-01
2.191472818952243107e-01
4.312696614522071314e-01
5.710610517392014085e-01
3.342880570396047357e-01
2.087216962747120430e-01
4.842152047968131118e-02
4.280197289497255086e-01
2.029811762200292025e-01
3.297151498009811554e-01
1.437859903155533359e-01
9.039969212687558320e-02
1.854995135621483326e-01
5.101568200689604593e-01
1.180430615606025274e-01
3.495406318995057937e-01
3.931859418323537803e-01
1.664301146934868761e-02
4.216111501989456278e-01
4.699431849709159170e-01
2.774056602721134968e-01
2.692683887814019683e-01
4.239590717820332921e-01
1.385259375773713053e-01
1.845056601181330469e-01
4.240152518131874992e-01
5.542085403445370373e-01
3.652498029203481988e-01
1.906496393409450874e-01
2.332948795764856476e-01
4.283576468642772417e-01
3.879824057671477089e-01
2.881999057970611178e-01
8.261768913877598486e-02
1.476370907758467986e-02
3.384472175326986854e-01
4.032682069212369380e-01
3.828133589358769795e-01
3.418625920923826222e-01
2.093827067728666336e-01
-1.070837613263426503e-02
3.066127608683080208e-01
1.130384386922908269e-01
4.051058443340838644e-01
2.433155703985628027e-01
3.832962864652705859e-01
3.984361130617897762e-01
4.119887518940922866e-01
2.796611571378866956e-01
3.144253340478148639e-01
4.197097903018516263e-01
3.474441152400927213e-01
3.063769330313593775e-01
2.974925215225781017e-01
6.280539284819709744e-02
4.949243518338771186e-01
5.575227854749027490e-01
3.670233247517943331e-01
2.943914504393476128e-01
3.639408639392330280e-01
3.990718042693655598e-01
2.126236206385052341e-01
3.072901704137769863e-01
2.171580290594867790e-01
3.053528854034884832e-01
4.690825674224626263e-01
5.907896278040421917e-02
2.226503952707549194e-01
3.555879140563465435e-01
2.193963957023025158e-01
3.893060417230744807e-01
2.617837778403838134e-01
3.079071752332327438e-01
4.397433602085001336e-01
3.165256489659462047e-01
2.551783806215113803e-01
3.666989149566396988e-01
3.294020072141958244e-01
1.606005089574450428e-01
3.110236914994682356e-01
4.744083665776180903e-01
2.175360233875671956e-01
2.935673857811560983e-01
1.642669104260664481e-01
2.831085093875685410e-01
8.591101734304526505e-02
3.330905417039610183e-01
-7.396755152680034584e-02
4.069302364391625404e-01
3.141695430453485538e-01
4.473718577622621817e-01
4.075759241978101910e-01
1.986731021934741714e-01
2.704182952137399454e-01
3.533069636934562108e-01
3.812336423203981917e-01
4.341388831371090773e-01
1.873846085717875698e-01
3.861052481074794818e-01
-3.604874655154022278e-02
2.943038527384914116e-01
4.079961983829856198e-01
3.924982498545179221e-01
2.674930276004915952e-01
4.619869920202245295e-01
-4.007041517946342141e-02
9.910954854165777983e-02
1.815412910025865356e-01
3.783084566750015698e-01
4.138316910979574770e-01
4.373714635993033450e-01
3.779450355764167324e-01
2.404295803857187108e-01
1.437461875068134221e-01
2.215324704494282260e-01
2.994892188898038432e-01
3.611886954170049346e-01
1.966214253305645365e-01
4.032329256840854748e-01
8.255333871149278524e-02
4.022156662225059853e-01
3.447923944095023785e-01
1.021901496528281189e-01
1.557792747699259794e-01
2.917515368381795038e-01
2.332930709312533990e-01
2.862170548766750922e-01
3.933025555095883141e-01
2.070102564086969132e-01
3.973852583988241594e-01
3.928604720773206660e-01
3.357094762652011455e-01
3.958400816170251635e-01
1.858552269597458784e-01
4.215282379846351790e-01
2.038128249065033759e-01
3.209131628901127908e-01
3.870863201006499721e-01
3.077480523351783792e-01
1.952238613845725113e-01
1.497420235663819710e-01
4.185822063440671204e-01
2.871214739206846001e-01
3.601684855069396396e-01
2.041661010778898500e-01
2.995939212336728441e-01
3.321788884109601603e-01
9.290281766922002527e-02
4.180210397429777180e-01
2.069987312847790251e-01
3.779684811204930828e-01
2.985049368106724166e-01
3.029736742163907093e-01
8.758074658871740914e-02
2.063888080074392506e-01
2.101752612544842691e-01
2.685114762701693025e-01
4.022043378131337499e-01
1.770218916089201788e-01
3.792759671068143823e-01
4.357962781608585301e-01
1.849119421099108818e-01
3.115771144517609503e-01
1.888380866668817326e-01
1.892965370314967644e-01
3.305153975183660053e-01
3.517782363305088644e-01
8.150145412900536290e-02
4.460482265364468235e-01
2.685069790130132361e-01
3.457849060941398656e-01
1.128816095663339458e-01
2.048778181214345739e-01
4.291562787092160214e-01
2.080779409740374786e-01
3.857226864470946759e-01
4.096522866823382181e-01
1.483524167465833377e-01
2.925147444845731526e-01
3.903743070963058837e-01
4.679239206570626197e-01
3.625200642545011176e-01
4.367516932828672260e-01
4.640476396639048318e-01
2.019573230246327067e-01
4.273651860905757771e-01
3.269690188925414298e-01
1.550475717608967852e-01
6.324875577560186424e-02
1.916007253322138670e-01
4.206176590908002888e-01
3.931445268024818529e-01
4.037382051474984190e-01
4.367273559468207722e-01
1.321553696492195340e-01
1.774192246188947275e-01
4.399316258208741393e-01
2.908609402585150550e-01
1.632468424815818053e-01
1.801869539629041839e-01
3.696474230387393756e-01
2.865158127226808404e-01
1.442118497146289147e-01
5.239341145469926797e-01
4.452809486084364776e-01
3.069874636975340465e-01
3.100134590333142315e-01
1.359119385139603842e-01
5.064002196156850572e-02
2.120972733159122436e-01
9.847350680793104383e-02
3.400176197497080111e-01
1.270536048303239629e-01
7.761532944206028795e-02
3.366517205164580306e-01
3.521737610271887808e-01
1.472169141492192350e-02
1.904137597217241129e-01
4.060495458823576431e-02
3.721648813373166220e-01
1.639913968713814785e-01
3.049468555442831352e-01
3.205086877619956615e-02
4.469492347552057598e-01
3.779522125661646803e-01
3.624353871277429251e-01
2.833805079715674968e-01
3.079753721124307009e-01
3.539375596582120531e-01
2.549045005319675594e-01
3.718071209373265962e-01
2.214884540242482158e-01
-5.585985776768184752e-02
8.755851730565716862e-02
4.104952881341091264e-01
1.371716463243375927e-01
1.758730395765051302e-01
