5.550908052893623879e-01
4.046438866333486040e-01
3.969659295409367905e-01
3.990895935960053209e-01
3.941020059542468812e-01
4.185643352362905523e-01
4.421620743816617738e-01
2.401769337922387837e-01
3.970372389579209238e-01
4.213550002266645000e-01
3.907484891153699680e-01
2.033274536521820497e-01
4.146350804806566148e-01
1.884484306277298682e-01
4.334019591638776925e-01
2.443551757777918665e-01
4.101622613207268619e-01
4.490082525020745452e-01
3.796384223498425192e-01
4.075329176929089470e-01
3.542367114882673529e-01
4.891964517994275563e-01
3.612551052891557757e-01
4.127494095332741586e-01
4.195463730020332904e-01
3.400077028636703802e-01
1.420550541750615070e-01
3.845318483275851351e-01
4.076614015432412641e-01
1.816079340349989468e-01
4.146900925892139655e-01
4.346538414042851461e-01
4.423650130485909937e-01
3.901487064448526665e-01
4.650093304819763462e-01
4.316800884063847765e-01
5.381206537417947411e-01
3.940914162720991487e-01
3.952066547220811077e-01
2.182851438234128805e-01
4.320260190466850836e-01
2.637029059186524194e-01
4.297896406273664649e-01
2.525022969371683024e-01
2.586608269214467071e-01
4.377657082614475059e-01
2.898204835422161230e-01
4.665832550552842517e-01
4.742590394498538697e-01
3.039261940123084149e-01
4.542793509969460242e-02
4.075329176929089470e-01
2.180387896629140954e-01
3.966583875720328112e-01
4.144855360997050653e-01
2.391977258934465111e-01
4.808019337804313453e-01
4.486366541196546431e-01
2.933919997227599774e-01
3.473088698407187924e-01
4.271350787009975947e-01
5.796664110720546326e-01
2.140201441000226523e-01
4.888293623749656591e-01
4.146673168538089205e-01
1.734467761714615919e-01
2.033036549679457516e-01
4.874680104192760655e-01
3.419306705735725704e-01
4.199702289084801810e-01
2.151545276344550006e-01
4.231980731184153965e-01
2.719464494033622670e-01
3.021372314375232460e-01
4.428714652891888037e-01
2.741280206285663379e-01
4.018543718069075843e-01
2.424629057440979563e-01
4.519463236140883744e-01
9.418244361569901024e-02
4.148357592746201306e-01
4.630738088074318193e-01
3.114041311239936216e-01
3.055218621609204765e-01
4.153251855621726274e-01
4.226461495284561387e-01
4.571721233179006916e-01
4.247321137242297540e-01
4.180190318936674587e-01
4.478679655396460291e-01
3.834884171595595581e-01
3.750209529805538233e-01
4.444247232588752761e-01
4.674374800656244111e-01
4.138146177608136300e-01
2.987083777407476548e-01
5.399572737450197835e-01
2.463285784251077470e-01
3.072786421571975790e-01
3.566208229048197786e-01
5.819876773985347418e-01
1.843552356771324396e-01
3.241854256676825474e-01
5.639293772884439448e-01
4.591194238826911689e-01
3.962824429640843804e-01
3.205161566727477429e-01
3.932333469466927633e-01
3.986191167571548899e-01
2.040817686943064979e-01
3.978902168992824451e-01
4.201245123631607292e-01
3.642569949398721252e-01
4.219023210032972759e-01
3.905083734739179802e-01
3.928595219058175769e-01
4.883577332768258561e-01
4.447594807121437177e-01
3.025592884079139622e-01
3.828093216613097094e-01
5.471756362215228764e-01
4.345866675983950933e-01
2.732476333668164559e-01
3.299243778978931396e-01
4.616403334406731229e-01
4.157101178797115160e-01
4.180780591199544372e-01
4.310600058196110140e-01
3.660929484330561756e-01
3.949250888653670355e-01
4.177099964128310194e-01
3.402384316405162590e-01
4.119834198760023991e-01
3.093498128672899083e-01
4.266386010620950020e-01
3.604439312218688518e-01
4.322781464326396206e-01
1.888928577887102611e-01
3.742983486312722596e-01
4.370535344717060844e-01
3.458405162713454883e-01
2.504629065801451393e-01
3.691778939026058026e-01
4.434767936626536899e-01
4.135049981942021669e-01
4.285089250385225590e-01
3.977784839294199459e-01
4.233694028988141400e-01
4.536603350425159609e-01
4.550571662776533022e-01
3.613842494256983007e-01
2.460373971647203395e-01
4.276421285538294370e-01
4.186690054651925896e-01
4.127240488334743551e-01
4.251120005066107432e-01
4.468220755020377855e-01
4.130322022315167652e-01
4.353100027083977031e-01
4.348380965875487392e-01
4.164810257948011740e-01
4.309082442611730790e-01
4.041785605953810423e-01
3.351699024359954260e-01
4.858086897007830030e-01
4.446018816153317066e-01
3.176786524594777394e-01
3.914810800575941885e-01
4.647268425854744756e-01
1.660424801468010358e-01
3.957706019648058460e-01
4.358398636479935417e-01
4.188005996542241149e-01
4.415649605935246247e-01
4.496364763574491330e-01
5.456594677607903288e-01
3.961806927906277309e-01
3.217536801205635455e-01
1.407226204608605091e-01
4.325157198466683672e-01
3.025494062923444472e-01
2.407025724590831361e-01
4.089444226049845366e-01
4.815748240686171244e-01
3.256965691318989276e-01
5.454234887262452425e-01
4.446822691949139927e-01
2.728450411160802114e-01
4.088783112485052662e-01
1.087578502228650074e-01
3.943552393979200543e-01
4.631026122814803636e-01
3.728019789646857540e-01
3.523705675403396853e-01
4.331479027223109068e-01
3.088838251946154911e-01
4.497520047645598984e-01
4.216571271308295898e-01
2.530659936914492203e-01
2.535632341230553699e-01
4.570782052131304174e-01
4.512430855027118604e-01
4.841600363793382988e-01
2.264179231190174002e-01
3.298944621837873736e-01
3.843938458334024144e-01
4.177661214668131340e-01
4.446309923806532338e-01
5.381975863484199651e-01
5.540011953298737968e-01
4.409746936831494546e-01
3.323566211025233974e-01
4.893949820440123832e-01
4.412406721630707240e-01
1.876624256077460973e-01
5.666992238137248394e-01
4.239529682786227771e-01
4.435314249972422962e-01
4.101364845370915613e-01
4.144332085368354068e-01
4.263473123368957118e-01
4.535550289455665407e-01
3.636159432712997575e-01
3.220461961022134667e-01
4.223977959623108624e-01
3.979074346500471315e-01
3.245823265778303712e-01
4.251971630921718148e-01
3.275935116028400040e-01
3.997783177754343220e-01
3.253938375203327404e-01
4.415205433951329139e-01
4.270575436690425830e-01
4.021163953327970275e-01
1.859885581784631869e-01
5.405733993238975854e-01
2.186257283590196110e-01
4.337595677853804954e-01
4.130780360982765353e-01
4.461515764003894935e-01
4.247036900698292206e-01
1.750389651727204121e-01
5.560277234351685971e-01
2.168141986145862843e-01
3.488302795345958884e-01
4.159079257450007394e-01
3.945738405010415506e-01
3.714782035119645331e-01
1.953054131524531722e-01
4.010923652976212117e-01
4.822890055417000110e-01
5.362995994149390988e-01
4.284485851648264232e-01
4.528912485107656205e-01
3.724303360196372648e-01
4.546281925566267312e-01
4.544023134717293799e-01
4.468431588533700038e-01
4.521280281885032282e-01
3.796382077521562870e-01
2.909476831991944512e-01
3.607752066492622700e-01
1.322814927745944724e-01
3.729639225443536210e-01
3.995525720464850328e-01
4.365611708264585111e-01
4.539986128189649195e-01
2.574620282889425460e-01
5.788393208022472036e-01
4.209375449078185949e-01
4.151039458452347453e-01
1.993969430364085360e-01
3.998884185871601216e-01
4.775509653835502966e-01
3.565782187913262846e-01
2.924238364525878486e-01
3.956965071345827645e-01
3.785939210563481483e-01
4.540960448986083309e-01
4.232277383025851436e-01
2.447130427297653510e-01
4.591194238826911689e-01
2.134399666417672314e-01
3.991006177845277669e-01
4.206947633921713225e-01
1.162676010058602966e-01
2.785992933480692102e-01
4.701070261551043572e-01
3.256647933222262536e-01
4.778852094952538709e-01
4.078948550302295972e-01
2.296652587903335319e-01
3.568033135075732165e-01
4.426527803303202391e-01
3.815841505260181288e-01
4.416950011899103412e-01
4.746974434363333550e-01
4.461102749761758912e-01
4.094825985825373271e-01
4.114661863215063331e-01
4.428849832837308265e-01
4.290930714751752251e-01
4.872419212178507042e-01
4.724620949365365141e-01
4.046878020250085362e-01
3.577803483921452310e-01
3.036064335847347695e-01
3.824209634983419259e-01
4.267061061417528056e-01
4.128440283584088322e-01
2.794267399529363205e-01
2.666709470995610731e-01
4.181332588562644559e-01
3.594757457948589696e-01
3.929095468172578154e-01
3.941501922215903675e-01
4.407271525966237613e-01
4.357709950514827568e-01
2.663945544910130137e-01
4.363093612293049706e-01
3.483478933332596617e-01
3.760752012909969744e-01
3.945281238082697373e-01
3.180101743090789079e-01
4.043984508613235329e-01
4.223613483585202388e-01
4.075896256708843590e-01
2.400743431319239396e-01
4.164922422167110505e-01
4.294290148586576983e-01
2.500023192839689323e-01
4.808019337804313453e-01
2.360234374830848247e-01
4.891964517994275563e-01
4.811288468003361851e-01
4.088783112485052662e-01
4.161107245417056677e-01
3.922693202004431390e-01
4.068525677608140212e-01
3.712635469275851752e-01
3.916019678469042642e-01
2.709462911616886682e-01
3.919200874237242505e-01
4.253890342527161805e-01
3.182895699989752858e-01
2.853180955430175691e-01
4.050924052577165035e-01
4.244255816756045685e-01
4.246024731541960251e-01
5.747266524082591532e-01
4.566759660818080491e-01
4.244589262225779702e-01
4.420468314409239929e-01
3.059616710734739398e-01
2.958535829786386739e-01
2.981870429099575115e-01
3.536641446133060307e-01
3.579063702609794340e-01
3.968020189195426983e-01
4.213858947418950285e-01
3.046931302105153061e-01
3.742709251879745014e-01
2.534064583145824168e-01
2.532380878412553438e-01
5.771739932156899622e-01
4.172449231868708419e-01
3.308268204192074124e-01
4.029941364654548441e-01
4.639096611522168234e-01
1.370117293899489885e-01
4.015936128804535321e-01
4.693436311506573588e-01
4.051209149254587638e-01
4.008165705917525745e-01
1.925963767164724227e-01
4.322702039117025108e-01
4.287264610367321760e-01
4.252358832033046876e-01
2.735843731309426929e-01
3.779931423032025228e-01
4.062657792664919332e-01
4.467604287068567270e-01
4.256124096979412852e-01
4.124312102084354836e-01
2.730826827692272585e-01
4.280129248089350469e-01
1.294248578124310156e-01
5.755476899611153829e-01
3.166724489694499600e-01
2.950613549162006688e-01
2.785625180595865946e-01
3.303181658138405474e-01
4.438178201732320693e-01
3.833266294661072937e-01
3.897392728763099945e-01
4.212217985466123471e-01
4.194108616168767956e-01
1.303878980400056675e-01
2.895578465955624403e-01
2.554766428586834892e-01
1.893954212553438377e-01
3.080733975306109707e-01
4.486432851134720678e-01
4.435566075710044576e-01
3.441251521555304671e-01
3.550746758070519871e-01
3.718032441546096911e-01
4.336506289213739596e-01
1.033215086129497251e-01
3.042600051943410988e-01
4.446822691949139927e-01
4.145897711168649580e-01
3.955582938599967457e-01
4.884185512859506861e-01
4.324824968718566365e-01
3.750562094053664919e-01
2.353777199900854711e-01
2.466820865742279656e-01
3.854344705931331272e-01
4.186018711598820108e-01
5.378149098376105997e-01
2.910518576792266998e-01
1.736362504673376883e-01
2.402356375193600291e-01
5.630233127880459598e-01
3.235397551697923313e-01
3.539622144096296052e-01
4.181645927739499058e-01
3.854409074449215988e-01
5.220835577683967665e-01
4.124188490995637224e-01
3.553057137630661888e-01
3.984440564125709683e-01
3.709630407712003475e-01
2.856927351381225444e-01
3.740133813472921731e-01
3.734781439929467095e-01
2.671993664339734065e-01
4.384635063297774860e-01
4.251634709235017628e-01
4.249928607009286208e-01
4.050683827645243928e-01
4.638727915104592370e-01
4.195050485911379079e-01
3.030397000989269451e-01
3.969919914590074317e-01
4.783396044117156354e-01
2.131463534402384397e-01
3.716722421423332423e-01
4.030380518571148318e-01
2.846294762973760051e-01
3.117842413004083824e-01
2.110744966772763742e-01
5.531142617235919046e-01
3.700952941150041364e-01
4.306998362991925067e-01
4.229369123814445408e-01
2.117414613069021345e-01
4.795093224592911763e-01
2.150046549671744966e-01
2.716322605491262032e-01
4.262928618668302971e-01
4.475805265442456826e-01
4.152093228108709733e-01
2.215582782692331609e-01
3.757269886623855193e-01
4.752715019975700672e-01
2.049032576979167852e-01
4.784645301394683248e-01
3.393010337618314609e-01
1.988560455591726617e-01
4.757005324384413480e-01
4.040489111460153770e-01
4.266298678656923471e-01
2.619148941792456275e-01
4.596702285108559272e-01
4.745725791170446461e-01
4.105855487839601414e-01
4.434767936626536899e-01
4.061570082799483838e-01
4.010147525507655186e-01
4.194357839100346097e-01
2.104695867112104934e-01
4.723872288491999250e-01
1.433335813820095783e-01
2.716738527714611662e-01
4.750668243093292831e-01
3.904012368031057889e-01
2.820253247450352774e-01
4.510287473087704058e-01
4.214683421605209257e-01
3.201519905401232213e-01
2.966154837657857257e-01
5.641840559471225092e-01
4.037043082562870588e-01
4.828800932923740796e-01
1.858699846013482371e-01
4.317842553348356649e-01
3.969944301218860661e-01
4.043048501719243570e-01
3.995695977920693531e-01
4.281046795101171587e-01
4.826817571483260072e-01
4.096970835759013441e-01
3.223141969952090236e-01
2.820549001400725619e-01
4.159213609211008245e-01
1.611329640156534959e-01
3.947696620514751786e-01
3.527683415917112764e-01
5.240119844625372725e-01
4.511222566323333516e-01
3.977750589968195860e-01
3.921023473298158035e-01
4.580263321462807458e-01
4.323763041279706232e-01
3.868859510045073447e-01
3.602930120381843682e-01
4.402196951243663170e-01
3.301486616074938429e-01
3.899605932126029018e-01
1.801290260311063929e-01
3.818691633062014090e-01
2.391810345335453336e-01
5.705466484717643949e-01
5.030638545264404238e-01
2.798837407458644178e-01
3.290017537338538189e-01
4.016698218630170292e-01
3.337738538475820138e-01
4.186665168456986663e-01
2.891733932640424554e-01
4.707821474054469379e-01
4.110412791685441047e-01
3.222976763757329222e-01
4.619280231319783381e-01
3.969386461960704993e-01
3.128846772401543408e-01
5.489245096083666953e-01
3.825429628638339907e-01
2.404262709674180876e-01
3.205054011462551422e-01
4.433602809774470632e-01
3.725363966523413950e-01
3.877342509279201321e-01
4.163572241738764945e-01
4.206947633921713225e-01
3.676583876843962928e-01
3.228028195787434607e-01
4.045322725179084089e-01
4.078610269330947280e-01
4.215221107476831985e-01
2.549662625095107105e-01
4.711028436482205817e-01
2.596614395598209613e-01
4.206087741574025540e-01
4.204968166109784855e-01
3.551750048517284819e-01
3.525703993746610032e-01
4.278723012521388758e-01
2.840920576355556726e-01
3.879016547158463668e-01
4.168446685032548560e-01
4.360835563324708120e-01
4.272623191959036837e-01
4.440777607904117241e-01
4.199541940797446027e-01
3.711876491988003179e-01
5.148529098855506581e-01
5.653867880147634972e-01
2.486357395801016001e-01
2.292693489630032999e-01
4.352843723922473762e-01
4.393615869415096187e-01
4.151289831962781118e-01
3.625919846857015849e-01
4.313937358428899249e-01
3.934997452240018845e-01
2.836534119984721047e-01
3.971294879972378511e-01
4.420260370413099937e-01
3.142937868072137042e-01
4.243882605156680810e-01
4.914627817821174416e-01
1.718485121045125186e-01
4.533120139117874370e-01
3.469526637802342051e-01
3.936264307191689182e-01
4.062111924945319141e-01
3.343982364168214261e-01
4.123907987090427718e-01
4.457688147890669361e-01
4.382269868255450618e-02
2.541110524742149490e-01
2.305601368676860885e-01
4.276976793971813406e-01
4.923386482969365208e-01
3.050032968933468203e-01
3.005882869560152493e-01
3.413539733985194724e-01
5.680842927140060672e-01
4.010470822813799185e-01
2.259246728527658787e-01
2.938911533599559700e-01
3.810355955637365066e-01
4.192645451635344522e-01
4.328919129099425556e-01
3.506981780426660644e-01
4.364118176000971183e-01
3.398185333850945455e-01
4.034623900274647568e-01
3.932865518000067673e-01
4.343664619916917657e-01
3.310917576107426097e-01
4.297983765622547248e-01
3.521920201700700637e-01
3.232772705825168180e-01
4.290871420730584807e-01
4.569927918486800245e-01
2.934795385669228818e-01
4.317116477927142038e-01
2.223375374034828322e-01
4.087996577526621933e-01
3.386389851286984443e-01
4.053046797953314684e-01
4.109426487940094908e-01
2.708673757514856728e-01
3.907319715663171156e-01
4.284646480422927839e-01
4.249589936011206603e-01
3.287103020272717502e-01
4.487323112457365371e-01
4.452080341899641303e-01
2.529532310717642618e-01
4.805542102111863834e-01
4.095179567462375325e-01
4.527096977894483065e-01
3.814113257192214279e-01
3.845280452350249845e-01
3.886557573749310768e-01
2.785784848411053671e-01
3.922187843332398671e-01
3.148704245654286860e-01
4.091197738929125416e-01
4.333489412536949970e-01
4.325915958957758933e-01
5.832827303699923416e-01
4.165726510403024996e-01
3.514767839236343505e-01
4.037642731234310500e-01
3.296578848108947524e-01
3.229251410897180374e-01
4.142338757085219925e-01
5.724774004513323300e-01
2.860231203087574836e-01
4.298595040409932677e-01
4.468220755020377855e-01
4.541571985589284988e-01
5.389019133397421335e-01
4.234860320111490939e-01
3.973479878801243759e-01
5.423227255566708260e-01
4.801102467670932405e-01
4.562861519573537250e-01
4.361838381797637498e-01
4.055810442306720387e-01
4.467604287068567270e-01
4.158049081506387523e-01
2.767306979576635850e-01
4.226335881782012360e-01
4.376355136874876539e-01
5.678957652443239468e-01
4.329766771288398597e-01
3.734942812244451127e-01
4.073373250549723878e-01
2.997029990965673907e-01
4.088841822295968820e-01
3.823468473826174829e-01
4.799566374777655686e-01
3.643697640530872417e-01
3.462896832529145374e-01
4.409268735015339780e-01
4.337228482624219117e-01
3.426221207494023480e-01
3.881484010606703339e-01
3.043547099083408480e-01
3.915947977033702454e-01
4.526263703211464429e-01
3.336857219968199506e-01
3.981918075374391575e-01
3.911299127690380240e-01
4.017552796241271595e-01
4.239573003138170648e-01
4.612839617018125171e-01
4.300672948479111191e-01
4.502594265535207474e-01
4.455213995898923418e-01
3.651508012113215962e-01
4.252014243416637473e-01
4.276000766186050517e-01
5.403005718501119325e-01
3.535349436116960176e-01
4.293738027576704530e-01
4.048081539424862596e-01
1.728287781271531653e-01
4.082496274105418821e-01
4.859617942374322985e-01
3.973792709076198748e-01
4.310009818297160233e-01
3.257494053062220396e-01
3.233422880384936304e-01
4.147748275561065068e-01
1.329534270138287844e-01
4.208840022042223405e-01
4.741238918683540748e-01
4.040994658299338349e-01
1.847237856375965881e-01
4.056947982236199790e-01
4.294914195504620502e-01
4.361068573591959097e-01
1.434021133315120378e-01
2.752671144981889140e-01
4.402511628129218701e-01
3.694860947677310881e-01
1.739758943175968298e-01
3.980772362725219504e-01
3.963734430050351865e-01
3.092851660196914709e-01
3.364365680794783597e-01
3.216111477563513565e-01
4.045768138194864028e-01
3.975847286078295628e-01
5.652669540029932049e-01
2.534716740203164509e-01
4.138933337024258141e-01
4.337366737142057116e-01
4.291652222296077346e-01
2.700239033372511255e-01
4.131311632989281835e-01
3.986977861445126226e-01
2.982555528893372498e-01
4.229500128814160931e-01
3.915803501589512625e-01
3.315025072912936577e-01
4.758406035680152191e-01
5.741375325499015192e-01
4.393715115450974595e-01
2.213975175493560765e-01
4.384632445969459669e-01
4.042938257344487196e-01
3.759678163515739469e-01
3.614240827727013827e-01
4.666962838889588960e-01
3.434582318395800749e-01
5.394914248222801856e-01
7.923195455674700294e-02
4.091980521747424215e-01
4.210544888630078919e-01
3.370992675593448840e-01
3.664934270708506414e-01
4.496279968443901431e-01
4.107708557116455106e-01
3.340964242102880122e-01
1.976289065315645910e-01
3.101326672181508037e-01
3.862385434769313730e-01
4.625505452944592699e-01
3.499834609467040170e-01
4.434970771272507273e-01
3.601548863121517008e-01
4.083123095192314200e-01
3.862077544348869185e-01
3.994718870507746322e-01
2.216170320826328088e-01
3.330950670928323198e-01
4.660221074991170997e-01
2.820418526671394921e-01
3.788352110931810235e-01
4.112969722286596297e-01
2.380815749883762045e-01
4.527096977894483065e-01
4.278308792515764236e-01
3.767576858310895949e-01
3.931256614584801024e-01
3.108159001116595488e-01
3.018227705603887534e-01
4.618089509585909802e-01
4.331647141191622419e-01
4.564225970830999013e-01
3.233112655613016861e-01
3.015807044533465597e-01
4.295054593509788354e-01
4.206160852084660506e-01
4.323050354563321429e-01
4.293299303934274280e-01
3.494068372958388791e-01
5.429740312769416599e-01
3.389447072494747304e-01
4.156105809004894680e-01
3.053544125655994756e-01
5.733753566694328452e-01
4.764679826420883946e-01
4.166768105001563693e-01
3.940470601087415203e-01
3.943879918511227767e-01
4.735868399146448970e-01
3.128321358264581908e-01
4.592150709676594000e-01
4.213660850560450588e-01
4.909075218869084489e-01
4.725246731487437457e-01
3.303516272858487146e-01
3.109449880885021278e-01
4.101462610964906053e-01
4.619854246106743223e-01
3.274760086854059948e-01
4.947390315457015908e-01
4.578524235008414323e-01
4.769908926829633522e-01
3.953776676057612627e-01
3.667203561367510800e-01
4.129709155056939252e-01
2.207394632048655658e-01
4.016461622606531390e-01
4.483742711882822696e-01
4.027010242408137763e-01
4.344046758149346377e-01
2.316915288141109808e-01
4.175677695557269975e-01
2.212040407234481532e-01
4.608601718509565681e-01
4.459637055033652264e-01
3.217988070431282432e-01
4.251484462639982254e-01
2.187358109971594688e-01
4.290343002972876740e-01
3.320315322459356233e-01
4.502705389959639759e-01
4.317228420577864378e-01
5.250538539261908610e-01
4.162535424552752383e-01
3.339888296937356116e-01
4.445772242499052007e-01
4.253094189675525327e-01
2.935673857811560983e-01
1.742588338723137786e-01
2.722997078160848683e-01
3.774263043400215567e-01
4.137582696032432450e-01
4.130888604603378811e-01
3.290693932690030854e-01
2.389594828367152535e-01
4.441110124985756524e-01
4.775963910914858834e-01
1.931793873195625511e-01
4.230525425274428986e-01
2.309627910299792419e-01
2.783511731133408440e-01
2.761658310194606281e-01
2.630758461685918093e-01
5.771739932156899622e-01
3.842198727505681255e-01
2.313699032289213420e-01
4.019340361773501846e-01
4.311071940749386378e-01
4.217224909637368180e-01
2.242821179052577885e-01
3.066889782322970159e-01
2.576151587582201641e-01
3.228976262805840491e-01
3.278380697317369585e-01
2.976990357803053766e-01
5.433330785576814259e-01
4.966754490784522913e-01
2.424870926294077356e-01
4.721739585401482642e-01
3.974374370046765415e-01
4.387556836520470904e-01
4.729223347562387936e-01
4.072458521273569776e-01
1.888494188520446482e-01
2.967013815932260656e-01
2.391932839454002091e-01
3.964827340548808809e-01
3.098605936992289700e-01
3.967536057105818803e-01
4.714063344841606940e-01
4.062489050504416443e-01
1.793047477917877330e-01
4.511222566323333516e-01
3.697241490764201499e-01
4.087968498091557046e-01
4.212414978009577649e-01
4.302572927183672680e-01
4.188281929666107239e-01
4.254641707862473754e-01
3.639097698464946462e-01
5.575026325862760812e-01
3.912392703723812093e-01
4.427186125687339602e-01
4.017243767274711330e-01
3.805569734730335218e-01
4.471755691755648354e-01
2.635606713025059888e-01
1.675919959344848165e-01
5.546671571758799990e-01
5.696078870762266710e-01
2.728812576134734824e-01
5.185868745436634786e-01
4.559684152706049431e-01
1.460329832137989559e-01
4.811172312234105464e-01
4.142429193910975305e-01
3.501335746007133709e-01
3.952273260558139545e-01
2.107495518816256408e-01
2.460677027655204241e-01
4.545087897318547676e-01
4.512304549434583700e-01
4.210553437684074196e-01
3.961250348144015332e-01
3.205261796128622831e-01
4.361824246233110824e-01
4.169862167138478348e-01
3.421874131375308159e-01
3.897197553578241602e-01
3.065487140394915766e-01
4.587382617958857822e-01
4.116720173270877470e-01
3.680080214210418310e-01
4.979794379357358469e-01
4.280697000872675240e-01
4.113237976033091159e-01
4.086224673642231964e-01
4.162122400352487039e-01
3.309766449970218960e-01
3.240321859909203739e-01
3.994420358985404373e-01
4.507148136315974329e-01
4.446018816153317066e-01
4.068530350460309308e-01
5.458466514639092049e-01
4.135666500514322830e-01
2.444766248995888791e-01
3.144435845395712747e-01
4.408215891465002145e-01
3.067164613413860819e-01
3.902879575224795228e-01
3.301260965695076988e-01
3.444182436340689213e-01
4.529099448155226582e-01
4.708730120988237622e-01
3.962356507933492700e-01
3.170873140128988021e-01
3.761303826877522849e-01
3.833175149563372019e-01
4.509079399313543624e-01
4.426999129446004266e-01
2.100830964443442528e-01
1.809366729964237697e-01
2.863603880404510527e-01
3.963161672477214514e-01
4.486020618190811882e-01
3.321113259268362317e-01
1.911716990820553352e-01
3.180279882405964709e-01
4.160009719325673538e-01
3.551149389925566391e-01
4.766573594779606182e-01
4.111142284404689651e-01
1.456273740025716967e-01
3.598989544229020399e-01
4.272307571125808501e-01
4.664550822305233990e-01
4.381692348129182513e-01
7.288300967422929599e-02
3.975847286078295628e-01
4.541580936702750426e-01
5.454584064916776498e-01
4.712520478345803010e-01
4.852542018095472032e-01
4.096451815570900101e-01
4.773764653497077903e-01
4.127377178596439156e-01
4.740474308621351884e-01
4.798644622530820469e-01
4.775509653835502966e-01
3.221428691234517472e-01
4.111446985734229509e-01
2.831394795845816326e-01
3.634908682545921477e-01
4.359198769678833685e-01
3.776841295393485454e-01
4.056491245997573269e-01
4.414313007980329440e-01
4.155718470139443954e-01
4.495944432596860052e-01
5.398652807748484106e-01
4.088460434242612851e-01
3.494749184532761066e-01
3.582102478042736293e-01
4.141733797411492057e-01
4.460954693955166972e-01
2.773655901135347879e-01
3.622199846587336736e-01
3.851441167703052448e-01
4.238527582128451821e-01
3.104626553083802976e-01
3.686183476966128358e-01
3.445691086289331406e-01
4.197657278525576130e-01
4.215286813288495749e-01
4.175708946656513376e-01
3.955332874413925448e-01
2.424398526747922056e-01
3.604022131329288614e-01
3.216723192998120484e-01
3.950437329221793137e-01
4.182075962914123535e-01
2.350323948870303714e-01
4.140106501746349532e-01
3.841948526187900503e-01
2.306371468157821236e-01
3.796407810987336151e-01
2.357213327928092128e-01
3.719872614215676276e-01
4.416269727275740076e-01
4.400864903738909706e-01
3.133498115841330534e-01
4.209849405411886791e-01
4.163142892845217435e-01
3.095182060783455147e-01
2.919216359597668342e-01
3.871192430038323806e-01
2.232988072416386138e-01
5.245953858444041273e-01
3.573502265817959933e-01
3.936260343026387609e-01
2.780565244323347507e-01
1.731963384310943044e-01
3.134462139102234812e-01
4.468220755020377855e-01
2.484302475035997937e-01
5.643095025680213705e-01
3.904242506000391577e-01
4.539107652727940589e-01
4.153719157435529219e-01
4.514224910770113230e-01
3.601384646100932452e-01
4.155053375812468031e-01
4.013990668833975484e-01
3.786190606026932914e-01
4.678640460769574738e-01
4.165642205710302082e-01
4.523556654641111008e-01
4.053054143733353931e-01
3.814977199386607731e-01
5.294057339916985461e-01
4.208391325333310506e-01
4.119785938968492656e-01
4.076831198083001317e-01
4.770813153598763567e-01
3.451815262776237736e-01
1.390570905583098649e-01
4.448631624307449184e-01
3.930131409043212676e-01
3.834271368650286060e-01
2.296149887429439485e-01
4.167174395016897126e-01
4.454185879628377864e-01
2.700001624931491206e-01
4.781654110882552211e-01
4.094825985825373271e-01
4.700670748872536331e-01
3.894290744934335580e-01
4.414115740136093091e-01
4.920640199369609724e-01
2.345148432999666355e-01
3.580183958961125623e-01
4.627324350900788863e-01
4.212152870088542445e-01
4.798644622530820469e-01
3.396601182610794467e-01
3.250050767170040156e-01
4.481010080048479227e-01
2.861194266218846649e-01
3.726211472203031505e-01
4.257223876927391792e-01
1.932006446892041152e-01
4.157998133227409077e-01
4.344046758149346377e-01
4.358803339003490818e-01
3.884630068493321042e-01
4.486366541196546431e-01
3.427684761224333299e-01
3.424582531139330199e-01
3.892828031421184942e-01
4.540699585001365390e-01
3.983033370917647975e-01
2.247641301166008743e-01
3.709937679068743832e-01
4.286846147783697769e-01
4.581414575810929257e-01
2.754544947083924500e-01
5.239284792831198079e-01
1.966814158398914603e-01
4.415521211210171049e-01
4.217456763101932737e-01
4.243883948674290751e-01
3.341564299057621090e-01
4.220527323223879357e-01
5.065089557824885569e-01
3.027448316752011648e-01
3.975340949227521015e-01
4.179776714260456383e-01
3.906993542117350171e-01
5.641085793019838812e-01
3.717647977675556659e-01
4.306366103936593581e-01
4.402065961181141907e-01
2.485116669113452970e-01
4.897715201149742681e-01
4.148896998054814600e-01
2.271324817225347376e-02
4.473550826295983329e-01
4.808019337804313453e-01
4.064455359478332808e-01
4.676235678766149095e-01
4.208930606995152091e-01
4.057061616109213231e-01
3.629314615661397569e-01
5.090101765006687096e-01
4.067409564046054471e-01
2.694450930056705440e-01
5.066062816005939551e-01
4.370304552623109351e-01
4.361436211128453810e-01
4.569636346950728956e-01
5.070793785892293570e-01
4.436153169669982410e-01
3.945747713371769438e-01
4.557078529342199480e-01
3.731633013045383418e-01
4.340568612625415046e-01
4.078964299083767675e-01
3.813329967131705023e-01
4.311152599107100913e-01
4.165210421639221061e-01
4.428637489007710148e-01
3.416575378416319420e-01
4.341446332928985963e-01
4.717287651841033935e-01
4.628417089621515990e-01
4.485596525529841339e-01
3.375651056318728083e-01
1.754160857527535256e-01
4.037757636635957437e-01
3.938644793849179759e-01
3.518677190015090939e-01
4.190598656911287967e-01
3.507124656968716447e-01
4.700601470996911835e-01
3.653360210676140363e-01
4.167575447886067708e-01
4.465765487790985810e-01
4.128519284743120132e-01
4.666656211491875816e-01
3.023284823725816972e-01
2.462800701367583722e-01
4.542826478353286235e-01
1.204090006567134497e-01
5.694113015713077042e-01
4.956364392368469707e-01
4.032194582270496319e-01
4.110912862383360178e-01
4.040985905933536793e-01
4.503098999127166380e-01
4.332252394630164427e-01
5.382940758911261003e-01
4.400105978108856952e-01
4.291521266672086443e-01
3.845597687645189167e-01
5.338683729975476355e-01
4.527096977894483065e-01
4.818200565703280591e-01
3.940371709394970834e-01
4.396172214146311652e-01
2.286005708750494803e-01
4.753908864827872671e-01
4.153343194902948121e-01
4.053253267316475617e-01
4.360662681071953428e-01
3.493171117294683881e-01
2.406541476530509593e-01
4.232316849581758689e-01
3.269053390622814748e-01
3.974079880778812468e-01
3.010171350801361112e-01
2.237452563177868836e-01
2.866768423691005152e-01
4.024553754478063516e-01
3.909970029866506880e-01
3.643302030401741609e-01
4.402778576530932964e-01
5.771739932156899622e-01
3.990902061454332794e-01
4.426635089698637837e-01
4.285133521323593597e-01
4.025931104832332075e-01
4.784932000086155046e-01
3.810847282682845449e-01
2.778242655266852656e-01
4.078777536858471109e-01
4.088765536386856358e-01
4.449059226794072619e-01
4.306309367080042860e-01
4.775509653835502966e-01
3.883252215875906410e-01
3.077963014009746923e-01
3.149518196587418606e-01
4.063826839285627490e-01
3.637064489741156925e-01
3.963662216186275011e-01
3.487844644223128676e-01
3.042255427643704713e-01
4.271048270659971169e-01
4.309230121669097580e-01
3.484683747271642429e-01
3.872407585702097865e-01
5.679354868528179168e-01
4.647474205202530295e-01
1.140667887143617665e-01
4.019128429546581227e-01
4.156762231460948143e-01
5.216233675733721320e-01
4.370339473707918199e-01
4.066666616234447251e-01
4.455402980031817894e-01
3.744145084667643841e-01
4.565298275470423550e-01
4.187584256489315093e-01
2.303566684749574212e-01
3.457335341797443951e-01
4.247655347828299122e-01
4.453155867993890960e-01
3.580322061824953161e-01
3.941068240083887564e-01
4.248687702942545164e-01
3.704591778516788669e-01
2.336551876030722175e-01
4.604777773211750080e-01
3.655305889725544710e-01
3.179106553789662337e-01
5.428525142168448836e-01
3.501098520131816771e-01
4.462126698555196613e-01
2.961780002423902713e-01
2.992568066912015823e-01
3.698291154974302497e-01
4.207816011840321835e-01
3.848747639782741925e-01
3.893482492540690232e-01
3.619633436676941707e-01
3.704812083870753781e-01
4.640022657797338024e-01
3.023676635451006955e-01
3.119670817654375261e-01
4.364314778517694449e-01
3.834014113035208449e-01
4.405179108072840299e-01
3.305412270800865415e-01
4.126342675845642849e-01
2.030585041643872268e-01
6.496345547673219867e-02
5.645473946421873945e-01
4.550357801162062121e-01
2.069698516310414516e-01
3.711455075574279228e-01
4.107404915912762911e-01
3.594955692768672662e-01
4.234501587632113484e-01
3.485664448739418941e-01
3.164098239725514627e-01
4.024160637408092378e-01
4.378068862878423118e-01
4.450188634251299180e-01
3.185149307632431093e-01
4.170255759709122767e-01
3.047995191295483353e-01
2.523814646644289561e-01
1.611001048185658757e-01
4.358552788321340410e-01
3.263879314272377652e-01
4.053253267316475617e-01
4.019255851279440184e-01
3.088350874128781287e-01
4.292163502113278128e-01
4.798644622530820469e-01
3.697902981908062769e-01
4.033928381373159122e-01
5.707340057782706033e-01
4.446822691949139927e-01
5.632109068905681859e-01
1.798630261671398112e-01
4.046600787175425595e-01
4.267770138312044770e-01
3.097439918057807717e-01
3.841817614960569283e-01
3.331665355079473922e-01
4.176251793328640827e-01
2.980088328920636465e-01
4.341355701504787667e-01
4.032304761087568412e-01
3.741643203435046638e-01
4.543124733453798858e-01
3.776272019016378989e-01
4.770830796914332650e-01
4.591194238826911689e-01
2.717681339952667807e-01
4.530759262506487417e-01
3.625985506612331988e-01
4.056133184032234551e-01
1.279506904849039006e-01
4.464010449658236124e-01
4.195060497150691625e-01
5.278029535811790129e-01
4.150710841430552689e-01
4.530697307175267086e-01
4.230430857899629138e-01
4.387737329273535547e-01
3.685754602743410158e-01
4.597352244531242582e-01
4.268584324920902673e-01
3.772380164463333130e-01
3.365270079756565447e-01
2.561787846007713143e-01
5.303299544438631052e-01
3.518367689074694549e-01
4.273445218105177967e-01
3.498719402717103133e-01
2.884678910889874603e-01
4.219776553301714528e-01
3.132196931898622583e-01
3.250650220828115167e-01
4.227952204003599945e-01
3.962873116594629597e-01
2.515898138830444108e-01
2.690997407252209705e-01
3.079344073559715511e-01
4.181307759626948783e-01
3.998698340001660134e-01
4.976343406663804592e-01
3.983740520914147432e-01
4.892939659091610216e-01
3.987526590052287712e-01
4.021811099786589683e-01
4.334560869075696488e-01
5.693396062768135701e-01
4.337852009230007688e-01
4.471238589337267477e-01
4.467604287068567270e-01
5.303386405466126163e-01
5.235040161175011919e-01
1.711588405076256425e-01
1.960585604120169412e-01
4.547878573013910963e-01
5.054953648335009930e-01
4.558657720189198126e-01
4.015502887112279984e-01
3.980621524451335436e-01
3.775394513434970900e-01
2.983774206415538699e-01
4.798166002888157311e-01
4.299056116733241395e-01
2.278004551703025626e-01
3.891889181066359171e-01
4.112570342383146116e-01
3.809043853020812609e-01
4.252055197883029547e-01
4.057042949595859871e-01
3.938483585013484722e-01
4.546378563402115325e-01
4.286649995457403328e-01
5.351522102939549885e-01
4.341614257693042767e-01
4.971333157722143681e-01
2.164589706239263556e-01
4.256227058227359805e-01
3.036454473776972751e-01
4.415071296290107861e-01
2.091890757878561435e-01
4.815467608570047076e-01
2.240630429040991189e-01
3.292124298257488868e-01
5.478224504728003152e-01
4.287570660193535943e-01
3.902850387740385840e-01
3.353910210994241470e-01
4.439905821815758880e-01
4.527777289902702451e-01
4.700601470996911835e-01
4.236460136733780635e-01
4.728590160948805132e-01
4.044435323084311085e-01
4.868590481584645357e-01
3.888819321332839252e-01
4.391999816062999717e-01
5.643095025680213705e-01
2.185109888017174040e-01
5.140736549835058788e-01
4.146616780630986154e-01
4.844993422911442749e-01
3.895490006593919086e-01
4.407232107541288468e-01
4.649554725206036521e-01
6.011037129899772236e-01
4.133570430477008228e-01
3.596238029499472244e-01
4.367184037130658614e-01
1.894474275025750942e-01
4.414159868548735433e-01
4.291871412754483806e-01
4.470492129625396882e-01
3.810592286733272549e-01
3.343187292395988774e-01
5.837912643990104122e-01
4.510218449144376418e-01
4.075606845256984356e-01
5.372098206252176045e-01
2.571532357449685668e-01
4.353171985356069085e-01
2.614946652102009828e-01
3.356401980161466958e-01
2.092071906778988910e-01
2.430799710176969330e-01
4.028809808316006214e-01
3.941668629598654716e-01
2.903312382599984587e-01
4.843876286773955431e-01
4.008230500145437691e-01
3.303288802630498511e-01
3.654743042980583279e-01
2.373515652762483163e-01
3.836830131547230849e-01
3.836506648356006188e-01
4.409746936831494546e-01
5.016877675683329985e-01
4.588270083951627165e-01
2.908418936765602147e-01
4.098512355002908447e-01
1.526571101282807041e-01
2.778107230309959652e-01
2.779431517942463903e-01
4.020551101836780106e-01
5.794105309650772195e-01
4.576053295758130135e-01
4.106194504882673679e-01
3.491808373856394865e-01
4.518321745738530515e-01
4.065854176239974138e-01
2.259463104310448500e-01
2.758494922051109022e-01
2.967439614752716559e-01
3.981686029385994030e-01
4.916385971188703130e-01
4.527096977894483065e-01
3.451887201132071148e-01
5.173772079252305645e-01
3.322504840411769633e-01
3.548902904005018510e-01
3.155000722673229063e-01
3.640990328692475519e-01
4.257381066828074268e-01
4.097834939980468660e-01
4.060153267548995415e-01
2.261296561051666376e-01
4.691510831692589090e-01
5.574194394697352672e-01
2.222873856918629876e-01
4.043185037629935530e-01
4.264208256123682150e-01
4.281132086478537935e-01
3.804312954915974321e-01
4.105355729992910541e-01
4.650093304819763462e-01
4.804067603567620526e-01
4.367131703426943012e-01
4.090429109102079464e-01
3.982273346781457501e-01
3.681457231174817268e-01
3.661859308263569757e-01
2.507745333736837723e-01
4.266713968331601881e-01
4.271410875191954393e-01
3.676469226826840075e-01
5.674991454023753379e-01
4.204653700834476426e-01
4.828800932923740796e-01
5.308329044103896610e-01
4.416561567681301925e-01
4.189143520289760891e-01
3.456683245318722952e-01
3.938142314113816655e-01
3.125714383084681192e-01
4.439905821815758880e-01
3.880053497949377261e-01
4.834979178110931364e-01
3.441428111551532165e-01
3.437878469978676854e-01
5.299047203738146417e-01
4.323969269158231543e-01
4.223881418671560084e-01
3.895566888331100652e-01
3.858768830585893594e-01
4.001551049241050539e-01
5.666992238137248394e-01
3.450822050578696842e-01
4.295646483968667551e-01
4.527096977894483065e-01
4.527096977894483065e-01
4.053109551594565874e-01
3.517640503944447494e-01
4.695137962448512337e-01
5.565425762291587031e-01
1.808261744404172644e-01
4.671876734217008664e-01
5.684184341325013712e-01
2.413993145507863369e-01
1.944629629920554825e-01
2.894503227817279978e-01
3.904740990036377202e-01
3.020265824307800662e-01
4.783584474329108938e-01
4.361744504853135029e-01
4.183826885020099917e-01
4.093804919910364881e-01
4.622729567975679132e-01
1.604277173495992082e-01
2.590873675966018919e-01
4.183002883844982311e-01
4.298283498675415371e-01
3.559516121361483432e-01
4.101979017973924613e-01
2.423078105618440836e-01
4.192530990407756231e-01
3.213318233085715736e-01
4.556554308521064689e-01
4.398051176633929193e-01
4.539898247698667677e-01
4.007790002296306442e-01
2.925646129496530246e-01
3.259545822701701567e-01
3.473847757434680994e-01
4.622773632697786406e-01
3.907851741583058813e-01
2.726274101266529803e-01
4.389111402573424026e-01
4.888293623749656591e-01
3.543732372126225383e-01
4.485807941593726866e-01
4.217172630288441026e-01
3.847805456359058018e-01
1.601144530817350531e-01
4.041480856493313012e-01
4.857476614299074957e-01
4.965321933806238208e-01
2.468954023639232942e-01
3.418789887124029092e-01
2.665584084548007215e-01
4.352938423242486699e-01
4.189025678277278342e-01
4.140450891615095608e-01
5.351874687103935768e-01
3.672180380869146110e-01
2.674476196097277381e-01
4.595669821284735224e-01
2.557166307871273636e-01
4.028988150113144151e-01
5.355453827975122927e-01
3.782166252132395101e-01
4.244945285264146717e-01
5.596955517377484313e-01
2.967245466085019490e-01
2.923439974258932317e-01
3.927818921471576963e-01
3.488936275101972573e-01
3.883252215875906410e-01
3.917252853367766963e-01
2.293397141833619091e-01
4.250049011580372404e-01
4.367907411824225594e-01
5.802644870644343422e-01
5.773558549210865420e-01
4.667783060124796601e-01
3.581317610656039596e-01
4.241759717877188751e-01
4.614152488485243064e-01
3.531383482708947419e-01
4.372405767693890444e-01
4.468476381029089506e-01
4.487163570778482380e-01
3.454251352308306267e-01
3.911863577694157379e-01
3.145175124466521588e-01
3.837714888928832613e-01
4.443795856313216275e-01
3.812387828519602784e-01
3.316417428508356413e-01
4.159059503840873417e-01
2.008830106603745336e-01
3.811797772016201069e-01
3.203609601405957297e-01
4.115607580944800614e-01
3.861292397719630065e-01
4.022918100208148218e-01
4.504108789950286296e-01
1.262755133126661489e-01
3.092879754569173856e-01
1.718810744974820504e-01
4.994092533580429261e-01
4.606165520267919145e-01
4.238676899298086664e-01
4.073354935475350103e-01
4.927129834222384597e-01
3.044364130397867463e-01
4.099394609574682491e-01
4.723967837987300689e-01
1.887317907163213460e-01
3.520316563853757019e-01
5.020896440992725918e-01
4.798644622530820469e-01
2.167164521640623231e-01
5.695667919512581445e-01
3.840106081820076622e-01
4.138538970209061363e-01
3.798732873186732584e-01
3.922610784169748288e-01
2.643599885416257345e-01
3.901719412707640444e-01
4.642692888674175289e-01
3.710147695185620487e-01
3.053150930580678102e-01
4.129461514638074204e-01
4.070329586920067300e-01
1.780556404722777597e-01
4.485016561590474682e-01
4.590932447906325709e-01
3.500978218461400227e-01
4.515547462368744713e-01
4.418053327812824782e-01
5.032689807869135112e-01
4.139259489823975957e-01
4.202405972637299758e-01
3.635894176363418384e-01
2.499200042254782206e-01
3.065122543822152434e-01
3.300217455816337742e-01
3.111141102346217102e-01
3.931815068549979753e-01
4.585163414823031913e-01
4.511222566323333516e-01
3.795883152008512340e-01
2.656344984265707754e-01
3.620776794228536821e-01
3.929778943546535230e-01
2.988627284957853236e-01
3.924589591633228514e-01
4.033927112541518811e-01
4.631000897213624068e-01
3.902068384145703783e-01
5.666992238137248394e-01
4.264639420301215011e-01
4.479362935757051911e-01
2.342026769158566946e-01
3.534879079646997546e-01
4.401857720930655304e-01
4.710399558211768034e-01
4.730591540379469606e-01
4.153091294064434891e-01
4.295670015028179578e-01
2.401641545819730439e-01
2.934847188168985266e-01
3.665682985729200039e-01
2.208871443368426168e-01
4.776542788588288291e-01
5.339839775221091323e-01
3.089594288888869444e-01
4.303018498699677230e-01
4.623509628905305702e-01
4.132460101550735065e-01
3.711836999706928375e-01
4.212116151976318945e-01
3.232772705825168180e-01
3.526407791172914696e-01
3.929859664142557607e-01
3.519032345866365263e-01
4.033593386584475859e-01
4.404759600300562905e-01
4.236244051966946422e-01
4.730558595983324621e-01
3.973291966412013654e-01
4.161231094671032915e-01
2.380811086419204192e-01
3.778492112574932671e-01
4.144580108345352620e-01
4.244188843357507568e-01
2.795302420932727072e-01
3.795333193572383856e-01
4.396265575757623556e-01
4.163422717937946826e-01
3.099583826118385566e-01
1.304485755772691880e-01
3.587266198768556680e-01
4.667772292897501840e-01
4.004231878056984661e-01
3.449121809541896844e-01
4.239057091546083456e-01
2.938918846185834544e-01
4.407626695095017699e-01
2.254966334272873185e-01
4.328760370793379719e-01
3.941829428076438768e-01
3.807505895467827028e-01
3.250254290586619965e-01
4.233891741836280365e-01
5.597296763796751895e-01
3.951140044531382123e-01
2.530886306769194460e-01
3.762891634825732967e-01
1.732609507571778451e-01
4.713256889890298229e-01
4.949313805719752213e-01
3.885671725537629406e-01
4.267019501164937556e-01
1.881187163290040376e-01
4.421055238251135888e-01
4.233592973892109090e-01
4.051841270140875695e-01
3.899977492335620077e-01
2.888316164084220872e-01
4.133117020253564422e-01
3.233112655613016861e-01
3.937877775579390893e-01
3.992617114378607668e-01
2.883807410267889559e-01
5.658947502811914054e-01
5.715013183107802153e-01
4.208091387308947606e-01
4.073868788431667110e-01
2.922430717596091188e-01
1.867980528487376557e-01
4.462532711817519537e-01
4.633105787663956976e-01
4.495410090167146211e-01
3.805372150508032902e-01
4.118501644842904041e-01
4.395728089878430667e-01
5.682332045877789284e-01
3.059826600715311318e-01
4.347513023625035333e-01
2.440274392205947496e-01
3.259405647924598637e-01
2.126186510081505832e-01
3.701619797236057607e-01
3.956671041811510303e-01
3.590210080697964212e-01
4.110495228399077550e-01
3.416950122737750783e-01
5.780902311069391342e-01
3.130635912562967915e-01
4.135763653890822678e-01
3.462004812351914818e-01
4.487677237642258565e-01
4.454773329591438236e-01
3.314886567782177607e-01
2.779317779094170882e-01
3.460196318151294026e-01
3.095246533031852931e-01
3.579786637071061817e-01
3.877012479447812798e-01
4.162144431468774441e-01
4.221231198655530648e-01
4.502594265535207474e-01
3.898361307038310519e-01
4.658336989668416805e-01
3.131026201109298190e-01
4.415799770790637124e-01
4.412406721630707240e-01
4.523546899823627232e-01
4.342636425641026032e-01
3.614907948896357581e-01
2.249991257858785509e-01
4.460302409931677925e-01
3.091673667856728036e-01
4.387787693342262707e-01
3.642586787765506040e-01
2.499957160484369278e-01
5.317282012270788671e-01
4.063648038169775933e-01
1.843479702363756967e-01
2.501183558876111102e-01
4.620917673073905996e-01
3.400026286159064104e-01
2.738771378428042080e-01
2.066824725503856597e-01
4.650093304819763462e-01
4.555057229088813053e-01
3.196896228134144535e-01
4.363186363139098245e-01
3.911733591743006277e-01
2.907780297038928263e-01
4.556692331512396943e-01
4.156612586502890228e-01
4.210553437684074196e-01
4.456629259340930682e-01
4.065316326059217888e-01
4.405876118204190006e-01
4.219310041084580187e-01
3.421082168821492075e-01
4.556096941600916161e-01
2.607079094924914520e-01
4.144332085368354068e-01
2.572543416274601924e-01
1.334869904429463183e-01
3.893386056356960001e-01
5.496300087544906399e-01
4.471928130871650198e-01
3.995131710482619503e-01
4.534157460019260233e-01
4.061974159620582170e-01
2.833047768132410660e-01
4.010610976429877517e-01
3.787756131831013784e-01
2.169044263196261979e-01
4.489973381019275456e-01
5.589319722589563000e-01
4.252863274349724110e-01
4.122741497634336838e-01
3.973500745853709160e-01
5.548768061697233467e-01
4.212950123728387286e-01
4.843827676165827767e-01
1.696270997317707863e-01
5.020896440992725918e-01
4.845812978611676036e-01
9.767036204771521735e-02
4.084527882682308375e-01
1.999986872042561481e-01
4.558672018818091809e-01
4.499134434878189204e-01
3.619558984723306727e-01
3.985857838279989740e-01
4.271186287842394513e-01
3.875314683131753646e-01
3.978355814362193876e-01
4.509079399313543624e-01
4.761360971133071218e-01
4.897715201149742681e-01
4.069844351345257571e-01
4.602168544590174992e-01
4.475498373324473533e-01
4.307109740518810237e-01
4.047367692586416044e-01
4.486881531661673916e-01
3.816907621129713157e-01
4.298328127276593302e-01
2.937866800789932231e-01
4.568706724877300562e-01
4.068060227176540922e-01
4.479362935757051911e-01
3.720270624046504992e-01
4.060273306988674835e-01
4.268088607585171501e-01
2.858792896534391170e-01
4.349513993527632794e-01
4.534211738462641805e-01
3.979435883852932010e-01
3.267822895290714014e-01
1.501635100760005670e-01
4.277461212980021577e-01
4.446822691949139927e-01
4.547878573013910963e-01
3.381012847348036643e-01
3.566615587072897164e-01
2.358125696712682351e-01
3.527858176936927159e-01
5.852014218102242760e-01
4.017243767274711330e-01
4.096540837097529808e-01
4.794214374041666504e-01
3.230369766283122113e-01
4.948969111298219259e-01
3.782014407672530942e-01
3.835977507389158325e-01
3.578977451932639497e-01
3.914418898397744595e-01
3.330181305029553673e-01
4.703330250694908177e-01
4.519869051485387312e-01
3.409299838871712729e-01
4.446822691949139927e-01
3.375381443909968304e-01
4.376859902830755877e-01
3.483435234364279931e-01
1.807769987655039878e-01
4.255428162326025943e-01
3.061353608475299581e-01
1.942861497677633442e-01
3.971370184590833352e-01
3.413205156608097868e-01
4.252145672466691728e-01
4.530657151018906426e-01
4.502584046005023710e-01
4.646335072802208477e-01
1.969702791797178498e-01
5.233366441333503483e-01
4.212334100573018603e-01
4.116064838325527164e-01
3.529608414421514517e-01
4.885047647860895070e-01
3.523380790398014106e-01
3.199875419307942059e-01
4.163516566667749830e-01
3.972107536348702395e-01
4.687304595885950498e-01
2.497247551015099598e-01
3.490544924584942366e-01
4.397209389824978665e-01
4.197178416983355920e-01
4.275630041629475686e-01
3.248902571627299007e-01
3.010489415110563782e-01
2.995401157184477969e-01
5.555790287178811182e-01
3.343073610392016670e-01
4.020370458881931675e-01
3.255770951479947661e-01
3.588494927362552156e-01
4.263338169141134282e-01
4.239523805000414702e-01
3.594459291641396437e-01
4.470055268982988661e-01
4.567755265456183156e-01
3.626548758321218036e-01
4.046196239832717811e-01
4.559966266508827526e-01
4.161966078468741226e-01
4.435094603099757338e-01
3.590396363273366531e-01
4.273734371475519933e-01
4.087909115691992223e-01
2.071369464680064831e-01
4.718701756820667392e-01
3.476431161100169698e-01
4.559804552298071245e-01
3.212497767876340560e-01
3.844013800710386342e-01
3.820116352577626051e-01
3.831696836225766956e-01
3.137655541047411623e-01
4.306928415432105806e-01
2.362109577502275737e-01
1.918341797320307351e-01
4.320982323298710459e-01
5.569299321893979027e-01
4.481920588322580445e-01
3.981160792835671258e-01
4.662026706229621120e-01
3.860332158132933622e-01
3.325182515820094831e-01
3.975703996896257086e-01
2.318025149865150514e-01
3.828563658764463917e-01
4.649488047232001042e-01
3.971365807578088880e-01
3.857401615947553819e-01
4.362566038071876151e-01
4.323601240765162501e-01
3.543340678861281456e-01
4.193586988610468747e-01
3.286619551436012476e-01
3.679817466479576304e-01
4.232608381285312693e-01
4.619260526671451483e-01
3.079455263541832077e-01
4.350347346215996946e-01
1.984778643553857524e-01
1.936870274405080306e-01
2.846569001555958045e-01
3.824672552315880325e-01
4.585163414823031913e-01
3.942820867312044064e-01
2.219865818911428978e-01
4.364464552931432428e-01
2.826988731088564966e-01
3.629312231311815906e-01
5.787614343728049171e-01
4.446065330575229568e-01
5.437648939553774152e-01
2.551568889038938748e-01
4.308368342670831352e-01
3.916342406709590329e-01
4.497407466014914368e-01
2.967471845068007097e-01
3.927637917534542167e-01
4.174173420546762325e-01
4.483513086549686388e-01
4.758406035680152191e-01
3.913813664875461229e-01
3.323583094203600430e-01
1.851856948391303048e-01
2.942902296234470860e-01
3.998884185871601216e-01
2.811692415477696216e-01
5.261559043069018449e-01
4.397518286846325841e-01
3.859564074343310724e-01
3.876333782316226939e-01
4.728303915352215503e-01
3.423199647384552735e-01
4.344290377973511474e-01
3.925660535120855665e-01
4.093808390318422474e-01
2.743015471515403148e-01
4.385946012016095352e-01
4.399265692072974465e-01
4.318103388288530575e-01
1.812825280949776907e-01
5.750303235278315661e-01
4.403934756003832773e-01
2.936918507794603062e-01
1.985192519589099036e-01
4.026844378976843775e-01
4.699390561645435671e-01
2.787340494921034528e-01
4.268147158066019076e-01
2.301461031620641307e-01
1.988604700182543816e-01
3.071144617949763123e-01
4.715863095389789539e-01
5.447852863481620345e-01
4.009156733965375530e-01
5.646210643017820496e-01
2.903498444177528004e-01
5.611057091489622950e-01
5.251957856051526347e-02
3.652602660927617428e-01
4.155449164358081537e-01
3.047204978882890325e-01
5.326109610079455825e-01
3.481302228173202562e-01
5.556736956324818122e-01
5.560699961919099987e-01
4.038500279894777778e-01
4.479362935757051911e-01
4.154155799828937456e-01
4.619538711992224878e-01
5.115568883392461741e-01
1.786101450174475136e-01
2.172900571740021269e-01
5.441435456392810233e-01
3.553491253978606768e-01
3.826292705512789882e-01
3.902654331261085630e-01
3.889685930023810689e-01
3.689772722019168949e-01
3.002759162487264599e-01
3.414662115567285161e-01
4.173053073949884451e-01
3.865162240242803193e-01
2.830270155428065704e-01
4.037629165772685380e-01
4.110932794408977409e-01
4.478498987546288834e-01
4.468220755020377855e-01
4.373714635993033450e-01
1.981348763422905446e-01
4.264379472464391307e-01
1.821448198539178387e-01
2.939761942903709180e-01
4.458846039746884871e-01
2.053827124541972304e-01
2.841258994458644715e-01
3.294046981496830950e-01
3.683146316409819376e-01
4.907530433358782140e-01
3.478793378532173408e-01
3.265716649704953900e-01
4.107490608519755448e-01
3.102890637048822398e-01
4.095383649364039425e-01
3.794466796491659522e-01
4.237234245191623949e-01
4.375162357957460557e-01
3.897055543185973248e-01
4.252817875238292245e-01
4.007556198698088989e-01
3.518177912648138284e-01
4.006336540300187710e-01
4.273626870980304915e-01
4.815748240686171244e-01
4.165313174181375366e-01
4.147314150914678810e-01
4.396132470422472460e-01
2.548524576237795949e-02
2.432926714728000372e-01
3.757713128974911054e-01
4.564499634331231070e-01
3.530461157247294368e-01
3.692011034805101621e-01
4.536523837667235659e-01
4.268203202417661379e-01
3.889457897161516797e-01
3.210231742446438274e-01
4.309461235742562124e-01
4.174198932444158627e-01
3.995466825183776605e-01
4.852059552955215183e-01
3.281615187333839501e-01
3.992666310026831145e-01
4.225766976345222137e-01
4.453020243252029386e-01
4.432729681828190271e-01
3.267838415865056412e-01
2.912156320609645133e-01
3.943762410925920614e-01
3.709152074158096890e-01
4.931444312819792120e-01
3.978916031331178882e-01
4.874886705501134676e-01
4.258001825903764415e-01
3.155411004238719008e-01
4.219287406671626273e-01
3.869315467889927196e-01
2.296887801406691243e-01
1.976218295380316181e-01
4.886593440801943466e-01
3.462779353988382214e-01
4.500228526037350352e-01
4.501442866794210795e-01
3.719069142346472789e-01
4.424134483521511285e-01
2.312907294882477205e-01
4.051250085049487581e-01
4.446822691949139927e-01
4.527096977894483065e-01
4.069762242420043030e-01
2.833567093962481853e-01
4.247655347828299122e-01
4.464802855556266326e-01
5.553905910580775318e-01
3.942037651315121183e-01
3.187536598596681370e-01
4.547878573013910963e-01
4.337745241487139802e-01
2.372326127041429478e-01
3.886409447405970163e-01
2.590746106780234537e-01
4.515129429229446933e-01
3.807539757464093455e-01
4.556371020853046128e-01
4.629311709700335564e-01
3.251225076247156176e-01
4.219060489949656989e-01
4.101287932929502111e-01
4.692119962577723236e-01
3.483034703467052795e-01
5.696778374575158788e-01
4.058514465680380656e-01
2.159917812799325154e-01
3.911307815328341486e-01
4.252752449499014875e-01
3.403867509226119470e-01
4.045309280044854794e-01
5.480760987762889336e-01
4.160410373039828413e-01
4.088560511782286522e-01
4.471361163950695050e-01
3.730183067098748473e-01
5.063333019333989826e-01
4.106575269930565764e-01
3.639655808252281743e-01
4.221328174237930497e-01
3.988140383416539647e-01
3.861288959260570364e-01
4.343346256033992492e-01
3.757809915975237613e-01
2.443629555662994723e-01
3.949590794459781340e-01
3.990207041289152712e-01
3.994503099629445608e-01
4.297986783765566088e-01
4.758406035680152191e-01
3.662371416472651187e-01
2.808854416677338262e-01
3.616726285722341450e-01
3.704741033448115672e-01
3.996469192636433188e-01
4.019952645651322376e-01
4.124175922176785414e-01
4.321243773153368717e-01
4.081799688854251817e-01
4.224907936662354868e-01
3.011336485122024786e-01
4.220963263569172397e-01
2.468566961319331177e-01
4.337366737142057116e-01
4.225545207146251259e-01
4.436523402958845730e-01
4.238435654487757720e-01
4.499910321484493769e-01
4.059761513912893416e-01
5.054019629747500408e-01
4.599256424943981569e-01
4.750398919677742970e-01
4.107708557116455106e-01
3.669172632477538665e-01
4.920507079304725084e-01
3.074600069726887153e-01
4.219426759903062707e-01
3.301503165344782387e-01
1.071464155341173285e-01
4.052907497002056769e-01
5.531497962706571903e-01
4.836453361106952120e-01
5.034304309412751532e-01
2.950947634026626076e-01
4.133334236927761474e-01
4.073888184170529891e-01
2.481528247265767373e-01
4.872419212178507042e-01
4.028623010407412774e-01
4.424947402958417375e-01
4.257695349952601016e-01
5.828212732312226807e-01
3.550061897479286355e-01
3.063339380612912222e-01
3.058153488942073062e-01
3.617244271509774678e-01
4.557321536741413270e-01
4.052259704924721651e-01
3.756585713351003886e-01
5.621470281562733762e-01
4.420148646841222106e-01
3.957499750069866096e-01
4.629311709700335564e-01
3.880866682936398027e-01
1.890668169560961731e-01
4.386765230799621329e-01
5.009071745011728360e-01
2.898813828138251392e-01
4.547878573013910963e-01
4.988501836485365049e-01
4.828800932923740796e-01
4.232106609406973696e-01
4.031372101369783967e-01
3.843585039346467114e-01
2.872586357257346235e-01
4.301281710913461565e-01
2.104029967836344439e-01
4.035780401727060984e-01
4.254119678244704938e-01
2.938932842336551277e-01
4.384604167371809469e-01
4.467604287068567270e-01
3.979893312181544407e-01
3.831096318707546411e-01
3.021086594899807243e-01
4.149666709168732814e-01
4.639096611522168234e-01
4.891964517994275563e-01
4.019428253882301183e-01
1.725460199504254832e-01
3.235465374856827392e-01
4.025969227870629941e-01
5.484900215732458895e-01
3.049597904903552648e-01
4.888716399448028715e-01
4.141939203329429442e-01
5.582495766781520041e-01
3.211910426622858750e-01
4.462126698555196613e-01
3.389172460482700600e-01
3.749514000116076495e-01
4.154668965466872810e-01
3.776383173937582494e-01
4.446822691949139927e-01
1.001790144918516673e-01
4.441746158794471766e-01
3.170134352740813233e-01
3.889189830959789984e-01
4.171170425502202517e-01
3.422255417357839002e-01
1.847672956919022280e-01
4.311505959175726543e-01
4.828800932923740796e-01
4.059012829388970456e-01
4.634934083604670407e-01
4.186000849204407070e-01
3.303845667029289279e-01
3.970872823748847202e-01
4.436509533774277703e-01
4.108475670818316772e-01
5.014280316736946519e-01
2.892908053342927444e-01
3.111510226133508694e-01
5.051249841850705691e-01
4.274240065197111305e-01
3.747228032702427103e-01
4.374993179298957147e-01
4.325284635966580860e-01
4.318947418581026154e-01
3.933841652835720626e-01
4.141473298973103456e-01
3.726534143806718435e-01
4.039218551254544209e-01
4.744214328050279650e-01
4.068154721525059081e-01
3.997837842075234738e-01
4.055969747065110709e-01
2.000989575997003667e-01
4.743465027782029497e-01
1.855829491332047498e-01
4.343682957812004530e-01
4.527096977894483065e-01
4.063173361531389749e-01
3.788077140012187094e-01
3.837595592407090916e-01
4.101576877179128888e-01
4.003091951910773827e-01
4.524671334647500376e-01
3.786314884310313378e-01
4.082261646472002958e-01
4.450016200944206246e-01
3.189353512810538804e-01
4.108062920881528912e-01
4.105188056671618124e-01
4.843459963943362867e-01
3.822541287345201377e-01
4.566759660818080491e-01
4.528190233608089255e-01
2.356281637260764505e-01
4.461597901973652913e-01
4.353008130147514865e-01
4.327403067813059279e-01
5.803065700954734146e-02
2.264832939226151809e-01
4.332097136606564147e-01
3.187676102444823578e-01
4.226148182247796425e-01
3.825372967712525329e-01
4.177927895860042984e-01
4.253483998571961910e-01
2.752992131172193879e-01
3.906642761204210945e-01
2.464242332276261882e-01
3.996229975135258683e-01
3.557664161586200913e-01
2.783430502724657529e-01
2.647672072095668128e-01
1.964068776891569057e-01
4.381103380381249912e-01
3.466747839458228508e-01
3.808470366014705122e-01
3.858154828100926470e-01
2.064502850165159109e-01
4.552007577718998887e-01
2.676335577168412749e-01
5.571635699847624634e-01
5.747279338120376835e-01
4.730753005222071983e-01
4.410893130790248806e-01
4.357028844345797736e-01
4.389419598791422517e-01
2.789398485071944989e-01
4.907544173502591534e-01
4.520962957381851610e-01
4.200558604389463824e-01
3.942232379214005156e-01
4.476991825923053447e-01
4.679161732324751966e-01
4.087909115691992223e-01
5.217753939973031052e-01
2.436706700693910821e-01
4.686772470799691614e-01
3.116653098685816525e-01
4.276805077650029374e-01
4.291505937791733061e-01
4.766927561464274210e-01
4.095833326948687958e-01
4.245175962009766768e-01
3.624602852724372326e-01
3.612259775742683865e-01
3.589989761444110083e-01
1.173316055497083676e-01
3.115272784128395589e-01
4.195519291402704520e-01
4.539020558099328695e-01
2.587448805603943525e-01
2.469127992157924556e-01
4.013605621997949902e-01
4.115607580944800614e-01
4.853999026637844660e-01
5.721399328516855176e-01
1.595252977060496458e-01
5.151746961078134124e-01
3.981334377966385119e-01
2.973064913027686496e-01
3.623449117557290822e-01
4.430864794741402046e-01
8.526117505285793485e-02
4.407519169704479101e-01
4.779597002855928145e-01
3.140940498033277795e-01
1.646806055552925696e-01
5.514802814981946133e-01
4.239457317890523158e-01
4.178668388992780591e-01
3.919083382418973582e-01
4.639298320069684678e-01
5.345190210663632868e-01
4.209126650611868525e-01
3.988383214888802097e-01
3.533415774040076229e-01
4.140341823336900484e-01
5.240119844625372725e-01
3.679167062052990933e-01
4.376793485427769581e-01
4.486366541196546431e-01
4.570793905624535580e-01
2.897591849496226057e-01
4.067078444629353418e-01
5.123098272042083678e-01
4.494231237278619728e-01
4.053673144369380199e-01
4.262736699791722095e-01
4.328843001690537706e-01
3.745287409893169328e-01
3.213285474159728872e-01
4.370750059826195577e-01
4.100573738386374401e-01
5.009071745011728360e-01
2.256357226853131781e-01
2.542336806125872761e-01
4.192356875836501517e-01
4.817426489609357154e-01
4.891964517994275563e-01
4.995145215103705127e-01
5.648195945463668766e-01
3.957616808916972206e-01
3.800552293114872748e-01
3.907680510305155952e-01
4.057114324487544055e-01
4.365074835640187501e-01
4.647996280876647290e-01
3.991970313964980366e-01
4.168589721527056202e-01
4.272156271043678899e-01
3.825388468370609085e-01
3.201816953908412922e-01
3.213238836920888630e-01
4.134389315663202780e-01
4.573636846146553747e-01
4.857141078452033578e-01
4.330959246067949131e-01
3.608938986088257028e-01
2.404816496181177155e-01
4.394827402809341477e-01
4.229099007897773044e-01
5.448430425229756624e-01
4.639227069654616731e-01
3.552456259130254423e-01
3.406447019055595105e-01
2.082799465486926405e-01
4.415548802696900865e-01
4.270187989530319084e-01
4.585382905685005395e-01
3.715221105636911658e-01
4.478679655396460291e-01
4.517621860197348349e-01
4.454482843491459620e-01
4.723967837987300689e-01
3.684770718823481839e-01
4.031266029866121814e-01
4.822890055417000110e-01
4.218932986062231549e-01
1.899084655960030787e-01
3.758654393761167722e-01
3.731147550923132328e-01
3.917215472417562294e-01
4.649911984712123414e-01
3.150451558768239679e-01
4.338936743274474095e-01
3.178081986969825690e-01
4.169352755715285408e-01
2.921000504512487606e-01
2.527269678779621720e-01
2.980112429045744804e-01
3.168860263830597379e-01
4.004595085055789316e-01
4.030463379750046093e-01
3.927567397382288328e-01
9.782029170453980516e-02
4.078373167932247134e-01
4.728610512875541239e-01
3.902356530085299702e-01
4.467759365845840880e-01
3.499456617135772163e-01
3.769593156264002820e-01
5.480760987762889336e-01
4.071412458794356204e-01
4.597530781549207246e-01
2.796427031476089731e-01
3.216791948071957563e-01
4.250658360299585103e-01
3.512977940182482883e-01
4.686690899613459305e-01
1.750068873827770322e-01
3.872697791314768101e-01
3.476192730913592599e-01
4.164025753203189906e-01
3.421230263630756774e-01
3.187820540131106051e-01
4.154448551403329692e-01
3.985900556994954047e-01
3.783824226719269546e-01
4.909075218869084489e-01
5.738001041603887353e-01
3.585924268650327318e-01
4.562012346737107649e-01
3.926368072239631024e-01
2.768600706332733363e-01
4.702739439863212745e-01
3.464783833301710581e-01
3.858259771846446751e-01
3.158174065626639382e-01
3.766036074723801974e-01
4.571645263440499707e-01
4.547878573013910963e-01
4.316830014911396396e-01
3.422143586113687852e-01
5.059460422143301495e-01
4.062461291804099206e-01
4.462979056333310490e-01
4.187248840969669539e-01
3.978085778110556081e-01
3.373515504580851254e-01
2.874978236792723463e-01
4.905493707133281589e-01
3.943748457927097606e-01
5.823338536726908599e-01
4.241326828038834984e-01
4.578531407765957240e-01
4.138809011439763541e-01
4.824601559927871319e-01
2.051289881214287958e-01
4.327610932974009228e-01
4.569749257199680614e-01
3.820477811924740674e-01
4.435783196952169383e-01
2.780499019444194753e-01
3.917081110490971407e-01
4.075746687474061103e-01
3.581291350239258486e-01
4.126252066827235110e-01
4.518357585045844615e-01
4.254454692119802317e-01
3.081421163402603414e-01
4.139948262092870701e-01
3.222515019409514236e-01
2.636562526638209225e-01
3.696199843885483172e-01
4.314504290496402050e-01
4.151151449234027901e-01
3.929892857906856496e-01
2.039239031086189646e-01
4.426873850370630636e-01
6.051529786386528054e-01
1.552612242546521915e-01
4.150166743353511101e-01
5.857914140007076664e-01
2.077851417665937117e-01
4.886294455023694194e-01
3.990683441513749874e-01
2.745955580091788417e-01
5.819876773985347418e-01
4.516266822691441529e-01
3.247376530635696090e-01
4.402085578695842938e-01
4.105396851257968605e-01
5.399490418574424133e-01
1.993509046701280041e-01
4.486219491990857122e-01
4.335267063921628417e-01
3.630424478007821532e-01
4.009304045816725059e-01
4.071990992082481498e-01
4.962113236589394960e-01
2.155014947863512498e-01
4.498051817558579857e-01
5.567203861169699453e-01
3.112149933869549079e-01
4.366464623283017321e-01
4.186468911155412087e-01
2.991804085041815942e-01
3.203559749351044816e-01
2.939105149092417490e-01
2.155862059263448649e-01
4.649648659409782447e-01
4.510000916299574669e-01
4.180212305656302307e-01
4.147305678206341661e-01
3.199642292655055509e-01
3.936205737002044236e-01
4.221750018851214148e-01
5.142776446894894438e-01
5.435813082488475390e-01
4.833564547632516750e-01
4.299162799002166357e-01
4.046371003342064676e-01
2.355128745422757630e-01
4.762497543049399318e-01
4.125243304595886396e-01
1.828410693501588413e-01
4.669092107670266834e-01
2.498069233605780537e-01
4.083030421521767761e-01
2.731322924007434372e-01
5.643080423328377115e-01
5.452849747161546690e-01
9.205003476196985113e-02
4.010802192843421210e-01
1.053681012699660968e-01
4.167206185514810146e-01
4.941482862716906621e-01
4.875688342377555440e-01
5.545079339081808723e-01
4.056676745200138434e-01
5.432658395260444584e-01
4.821935468728363872e-01
4.672894171638656835e-01
1.966872428392453520e-01
4.137916466801057069e-01
4.269100105397620748e-01
3.613156823945362084e-01
4.133394024706172898e-01
3.908850778041468299e-01
4.512701354331768444e-01
3.215675863346954544e-01
4.798441173385288305e-01
4.315999312745111283e-01
2.883511093683211457e-01
3.932143481637585536e-01
4.430383922901831029e-01
4.327315368228092929e-01
3.089814419975571713e-01
3.825844641974930904e-01
4.028623010407412774e-01
4.334161808247306014e-01
4.215428538629313326e-01
4.028618651236316461e-01
4.321415028911673173e-01
4.170673799072251442e-01
3.045171988615561487e-01
4.987679539810044305e-01
3.187687507199853387e-01
3.282140787563342377e-01
2.313234329754615959e-01
5.767107579699511932e-01
3.683745164281695961e-01
4.582906808953593480e-01
4.860904316089244559e-01
4.056961783373551622e-01
4.470492129625396882e-01
2.986907765812592541e-01
3.774715263627209660e-01
4.843827676165827767e-01
4.161145332772057115e-01
2.258567437798209565e-01
1.769697492672553107e-01
4.168060938223018264e-01
4.312249457173977230e-01
3.989802759911481589e-01
3.941029231394466703e-01
3.515510808001515164e-01
3.902613214352709248e-01
4.181645927739499058e-01
4.045102263814426835e-01
4.591496852268677209e-01
4.742235378890918285e-01
2.074774749891359626e-01
4.426873850370630636e-01
4.254198284397941454e-01
4.210479961627109913e-01
3.938168778672248571e-01
3.751535872132052973e-01
3.460606833732822185e-01
5.105990227913186352e-01
5.778358601959479035e-01
4.089428888041207188e-01
2.929034314110302017e-01
4.217067850022210296e-01
3.832221255587104913e-01
4.011979899302312580e-01
3.296790909999009478e-01
5.282254227143917680e-01
3.050985297616287673e-01
3.583608804427877437e-01
3.809171712911360586e-01
4.246498900315752723e-01
2.609378281755195816e-01
4.304260165393152815e-01
3.304009646714459181e-01
2.932685002480748260e-01
3.602120341904884726e-01
4.142247470499099138e-01
4.335960488296589643e-01
5.874387356298208518e-01
3.231432169015195366e-01
3.680167567335470014e-01
4.532883478366395158e-01
3.955272616736287827e-01
4.284797735278553787e-01
4.141729254429925566e-01
3.444961220140234093e-01
3.946053965679945930e-01
4.235210367442439616e-01
4.270013341369303106e-01
4.138277496288924051e-01
1.495450856007379536e-01
3.791067677022083582e-01
3.242370000640402705e-01
4.337366737142057116e-01
3.560842794795796573e-01
1.966296852668727169e-01
4.203438036061342142e-01
4.930211720056709712e-01
3.052463878578617895e-01
3.670251408033852192e-01
5.640593177226459476e-01
4.130066258552334002e-01
3.177328509058877093e-01
3.131993844357660595e-01
4.808473594883668767e-01
5.656842068398769685e-01
4.534790185446980204e-01
1.490611623673324115e-01
2.712535120898401098e-01
4.676235678766149095e-01
3.323060021886710125e-01
4.973649374613198226e-01
4.370163528085640459e-01
4.182615203913603863e-01
5.376316673546036595e-01
3.079772918737889720e-01
3.302533281850818514e-01
2.512803826080609038e-01
4.840753709118897907e-01
4.191334556856891047e-01
3.295069016669757156e-01
3.221934075424256472e-01
4.265831518746462381e-01
3.374431076563696452e-01
4.289280396306613952e-01
3.597278138469598430e-01
3.683828902190893206e-01
3.967455256844761857e-01
4.035701744953333892e-01
4.203285770040671721e-01
4.031059675021447797e-01
1.820133773603891392e-01
3.836436414914892179e-01
4.170255759709122767e-01
4.263547654157781586e-01
4.192101458118661084e-01
3.229989372175546269e-01
4.262288062001740596e-01
3.645889424580082139e-01
4.236881657707862181e-01
3.685499488748512631e-01
4.433806769689050409e-01
4.391576934974426027e-01
4.730706299106170465e-01
3.957493483709549342e-01
3.266353731814238270e-01
2.298147008515066536e-01
4.858086897007830030e-01
3.082251693376236168e-01
4.049262672310073863e-01
3.477401791579857737e-01
2.870169528977530304e-01
5.794856103638416078e-01
4.244544800423267206e-01
4.335885885311327459e-01
5.716596910712535839e-01
3.991650953439282445e-01
4.158617776992618587e-01
4.398387556847350166e-01
3.243964863923214925e-01
4.708517338171106514e-01
2.127623375195474564e-01
3.466322452447910818e-01
3.735986466930987238e-01
4.382064237786884031e-01
4.843513281427268558e-01
3.429355154428275765e-01
2.033428104152973925e-01
4.283265189138992790e-01
2.563317085270371276e-01
4.328220101617050175e-01
3.743518149892106073e-01
3.974547335283931115e-01
4.196443314517940282e-01
3.920923660478754513e-01
4.352734212714986506e-01
4.137058610475887188e-01
5.582495766781520041e-01
3.616477640777183700e-01
3.817276881633820951e-01
1.935528216802050172e-01
1.696130481734003104e-01
4.025536908135177172e-01
4.296091687863732855e-01
3.184374352733598257e-01
1.969005715278299984e-01
2.760523579702352515e-01
4.388619552726155670e-01
4.028529333455340145e-01
3.742460348438148010e-01
4.118166781169589896e-01
4.357713526520547997e-01
4.888293623749656591e-01
4.170028818091830458e-01
4.798644622530820469e-01
2.959881839833170547e-01
4.592540596163454669e-01
3.226252598266922123e-01
3.538822348643949622e-01
4.120085379293851879e-01
4.231597099232331516e-01
3.321930000759766299e-01
4.041238005104791364e-01
4.133580281556408220e-01
4.356003352042320254e-01
4.852016128457836697e-01
4.205287760651520990e-01
2.639189017261985293e-01
3.149268707275881818e-01
4.808019337804313453e-01
4.335515854504426447e-01
4.345997606297696270e-01
4.342549165873436645e-01
4.021979530755552257e-01
4.283906298481730546e-01
4.629753517043468936e-01
4.084158711593903202e-01
3.922012359518366464e-01
5.305585835491481994e-01
4.115883609708200219e-01
2.844863777305292052e-01
4.535315346481488818e-01
4.640476914876693337e-01
4.291984255786062685e-01
3.532976488593185804e-01
2.544495659108308994e-01
4.346721947344726056e-01
4.533016125627599147e-01
4.801938260100973022e-01
4.566994139909401063e-01
3.702016951497611452e-01
2.960198903765300926e-01
4.138666715581122424e-01
4.291277787921419784e-01
3.979744711167373938e-01
3.917535367570326721e-01
4.019339279241863627e-01
1.807841687015770138e-01
1.729824694880630342e-01
2.100154983391620267e-01
4.386292193103347725e-01
3.211288791231790563e-01
2.958202574350952685e-01
3.213569572119768236e-01
4.005701522013198623e-01
4.329804908019124210e-01
3.648813712230424278e-01
2.096936279499606870e-01
4.088718544804582078e-01
4.121854103838005212e-01
3.728553394552620581e-01
4.869039519774409075e-01
5.181457829203269805e-01
2.030080637759349993e-01
2.770371575401521236e-01
4.423182142805952011e-01
3.910227011425568278e-01
3.999819572872044815e-01
4.478253948688700192e-01
3.413804588690225739e-01
3.788466582117528403e-01
4.875717866571211423e-01
3.582895760463605250e-01
4.174610395707657462e-01
2.385096578717533500e-01
2.872998091620542205e-01
1.469633892150235266e-01
5.726484928963163634e-01
2.380539407646751204e-01
4.718094311763837423e-01
2.168624323645722829e-01
3.998884185871601216e-01
4.073789318203253629e-01
4.234211817687599244e-01
4.011517867828436334e-01
2.398472610998218790e-01
4.375583447620067234e-01
2.416134985596925799e-01
4.323562809854700761e-01
3.943863234495447179e-01
4.175033729891113876e-01
3.875406483806299041e-01
4.212326307507004985e-01
4.012751909084408264e-01
4.113972594699392138e-01
4.023410022666775721e-01
4.836695019179647059e-01
5.007201298799263123e-01
3.075459224758085308e-01
5.484080709407950227e-01
3.915259467410467376e-01
2.275484413225815350e-01
4.220173746565941686e-01
3.862876995415910342e-01
3.215165242011052693e-01
3.450621869151799248e-01
4.105856472864556905e-01
4.521168750007142911e-01
3.302536802879366129e-01
4.174086174056678700e-01
3.675990153259450222e-01
3.083627315165229366e-01
3.029431524256410713e-01
4.347513023625035333e-01
3.485406644597385806e-01
3.345758177655654975e-01
4.346120607450995044e-01
4.107556808918507718e-01
3.904382306517801826e-01
3.854734199072084588e-01
2.601274086439873678e-01
4.730969466738131346e-01
2.584573930191137459e-01
1.991869156077195890e-01
4.230897081745936261e-01
4.459296259634657478e-01
4.247075693420784281e-01
4.633218360996201324e-01
4.211835151824332435e-01
4.147840421450759152e-01
3.417034472242055365e-01
3.908743571311066867e-01
3.201864569740917044e-01
3.143818490548012656e-01
4.629311709700335564e-01
6.119319746547344785e-01
4.122356410965793971e-01
1.457082899438972012e-01
4.814116439797369029e-01
3.185987084634654409e-01
3.258388668991819559e-01
4.263157917042860734e-01
4.257416750954540197e-01
2.935013214768377177e-01
3.853316402116017669e-01
5.167837639151977580e-01
3.019097275178634909e-01
1.339205978475002112e-01
3.739112421221718052e-01
3.957841199593478132e-01
3.797703956116623702e-01
4.704397860076372506e-01
2.375851960179380107e-01
4.424931326803445142e-01
3.291132120875550071e-01
1.018015156133733473e-01
3.919944058554420407e-01
3.958504836299279739e-01
4.100868242591521606e-01
3.923506702124751611e-01
-1.630662223655994503e-02
3.646264196286369552e-01
3.836413386325987496e-01
4.615617799825372236e-01
4.004771583769164978e-01
4.522024540850329566e-01
4.099715118604625452e-01
4.301121566352834047e-01
3.014795915171800123e-01
4.312373844996779670e-01
3.959203271272962454e-01
4.502886146603130579e-01
5.787614343728049171e-01
3.510212901483515391e-01
4.843285885885248998e-01
3.718065308351817255e-01
4.261591022825846897e-01
4.003879395133580488e-01
3.937458572359901487e-01
4.484548521215415695e-01
4.629311709700335564e-01
5.341742860239608870e-01
4.651829795106866561e-01
1.556927265936586258e-01
3.743666980773093789e-01
3.825951378183722884e-01
4.609714678871503768e-01
5.357410751412183814e-01
4.670051252277663822e-01
4.321428670718955867e-01
4.091076933543335015e-01
3.284757348272528410e-01
2.857885228246151987e-01
3.517778286280988653e-01
4.170612432515425905e-01
4.058425960316785486e-01
4.334877440495349954e-01
4.102923330777588085e-01
4.146264148335642719e-01
4.279144252178317953e-01
4.072815078109158771e-01
2.893881976644034348e-01
4.168996896156207943e-01
2.962044525191290245e-01
5.323462803212239969e-01
4.582874621790196668e-01
4.218376334103531855e-01
5.102464037319885959e-01
3.861000962692914262e-01
4.917185091977789857e-01
4.060016842007570514e-01
3.783652992536911674e-01
2.217239553175405775e-01
2.044907019239041446e-01
3.297865753961403135e-01
3.964414656584627772e-01
3.560842794795796573e-01
4.313477786198035568e-01
3.728700652256641823e-01
4.761998162781777566e-01
3.367038265316970591e-01
3.851634997710612907e-01
2.113594644176707560e-01
4.229686449562392037e-01
4.366089052436855078e-01
4.246530102869115475e-01
4.457766120872851956e-01
2.476592788439214710e-01
4.273774516843907301e-01
3.220902171745204656e-01
4.499862175589066093e-01
4.660138485586218238e-01
2.319514805097094845e-01
4.087218734355372862e-01
4.130547154872305504e-01
4.104378796017382203e-01
2.065239982169935207e-01
3.008144935388896157e-01
3.216094117224785331e-01
4.033311904293063188e-01
4.646995708376795431e-01
4.296886387243414873e-01
4.322158855528190347e-01
3.070804402611799766e-01
4.159481544297366495e-01
4.363007876119241457e-01
5.469377368862209376e-01
4.236681901368608560e-01
3.524978585520057717e-01
4.247298321508406471e-01
4.169677056302955598e-01
4.626019066698345839e-01
4.106449922600514113e-01
3.887442258934475925e-01
3.898039246199886398e-01
3.306810720771410916e-01
3.786864019541086868e-01
4.185428812765799034e-01
4.243136773636799752e-01
3.220787059089991744e-01
1.682255770403967010e-01
4.426873850370630636e-01
3.803337569014628161e-01
4.051841270140875695e-01
1.725238677858154379e-01
3.907706395217478423e-01
2.386655030100597874e-01
2.757498620343956097e-01
3.718891594087762598e-01
3.359609263323951600e-01
4.094460547375762816e-01
4.653758684750288199e-01
2.155894734945698332e-01
4.527096977894483065e-01
4.553794682687749007e-01
4.272371301078652928e-01
4.245734527588977958e-01
5.787614343728049171e-01
4.267033844190490921e-01
3.203559749351044816e-01
3.252740235492977416e-01
2.979517055523685509e-01
3.375969098844522898e-01
3.493492098920846223e-01
2.954521421573476636e-01
4.918590220533712309e-01
3.246926297885339707e-01
3.089582295981828097e-01
4.988876472097218406e-01
3.420952125611097516e-01
4.071667144589694032e-01
4.142186544174571994e-01
4.166407486286530237e-01
4.439247179526717990e-01
4.228908966958407900e-01
5.369736036743668617e-01
3.188593578090050951e-01
2.244976952224204958e-01
-1.251722000362934586e-02
4.404027857459016926e-01
4.264537017538352348e-01
4.032391324201029525e-01
4.221512447760748521e-01
4.301361490051344161e-01
3.495779432672818099e-01
4.086397090767364682e-01
3.922054498172300452e-01
4.401670809333419476e-01
3.933908982237380725e-01
4.137533453083094837e-01
4.729013030834483544e-01
1.245370019324594339e-02
3.018149846310347884e-01
4.094420169651025176e-01
4.198662977387402351e-01
3.678322380332870734e-01
4.284032089570918855e-01
3.508084668140822315e-01
2.806514608977995762e-01
4.801102467670932405e-01
2.984856466954046716e-01
