6.339057794181993666e-01
6.288933690746451033e-01
-8.401812148192494556e-01
-2.486882431972171625e-01
2.495889857351697438e-01
7.136006154771686871e-01
8.730301491934638891e-01
-9.809762697692194777e-01
5.772860023474699620e-01
-9.661548763379327331e-01
3.337354601854436442e-01
-7.296073290753585239e-01
-7.614903108872618231e-01
-7.344301892016664723e-01
9.119703163345700414e-01
-9.334377389368295752e-01
-9.396952434156542466e-01
-3.982908122498690084e-01
1.750167550961772012e-01
-2.381434587063809283e-01
-9.299497421772955352e-01
6.212028911765984374e-01
-6.682367442630909871e-02
-8.344943250030411042e-01
5.775549736441106807e-01
9.539277652165505383e-01
-1.215020857573265167e-01
-8.327741099349376119e-01
8.869164355048908543e-01
-2.216733628924025812e-01
9.919904320382343377e-01
2.099113047150026334e-01
-7.115943588601995884e-02
9.470976587145434333e-01
-2.288200967966652899e-01
5.098931572536151702e-01
8.176542927139149874e-01
7.647619755822738785e-01
-3.187725125297086737e-01
2.972004530334032557e-01
6.936750173148671372e-01
9.882102286731715424e-01
-6.167032393722056138e-01
-7.957688089538255127e-01
-5.075688843006879170e-01
5.306545176421150201e-01
-3.254756419879403229e-01
6.700113113422540012e-02
-2.269398353373091592e-01
-6.081461426308640839e-01
-3.998042041952496461e-01
9.484673951654186697e-01
8.712906980950931857e-01
3.341394752081703889e-01
7.624074879873845578e-01
-1.235183326627211642e-01
-9.923913471048245727e-01
8.679158865849281312e-01
9.733531109074485821e-01
4.054271370699493726e-01
9.622929112870215462e-01
-7.636769675017471837e-01
-8.186042362135501627e-01
-1.646159935266375274e-02
-9.649751647042251745e-01
9.970336627857520062e-01
-5.045040686128006158e-01
-1.504777093956977119e-02
9.093424020209186498e-01
9.065047791229774443e-01
2.637986847971455218e-01
-7.163090720550333579e-01
5.054548486124728068e-01
9.738732175231910038e-01
-8.326005311924827845e-02
5.865738882008353361e-01
-9.481247938666715891e-01
-1.833150815286100910e-01
-8.675902851191236165e-01
1.532636322445668775e-01
-3.317969642353590376e-01
6.739837191225704904e-01
-5.700419309835723647e-01
2.550892936862879656e-01
9.949670286089402627e-01
-8.248118762262179882e-01
-2.947305459117332549e-01
-7.034802319360446976e-01
5.730816055444780677e-01
9.843725350554933806e-01
4.964809812820621393e-01
-6.957103303006768880e-02
-2.491887534666652193e-01
-1.907404541192636027e-01
7.353506143720784927e-01
-9.832938656719630854e-01
-3.483872706422527221e-01
-6.657634150542207641e-01
1.327978105021948019e-01
-9.343896698040354831e-01
-4.227991441632383274e-01
-8.579777143346227763e-01
-2.210672128704420092e-01
1.321317416897100361e-01
5.699946754947887717e-02
8.658903967319105943e-01
-3.902152708440006501e-01
7.945409727489450846e-01
-6.834608028482369591e-01
9.177536259965705101e-01
-6.583061038028864553e-01
-6.797677750764217208e-01
1.504839983287729055e-01
7.255616666759073796e-01
-8.824313738064473167e-01
-9.770158717219965538e-01
4.009797979613318741e-01
3.786594049536858853e-01
-6.813362880294837609e-01
5.561347886416544428e-01
-8.347153782976614034e-01
4.317867863909485848e-01
-7.576490149060801649e-01
4.632854411023005214e-01
1.570737577406496333e-01
1.458674009104442559e-01
-7.096566678975402276e-02
6.271355761192901612e-01
-8.599023491409341080e-01
8.228265539830182940e-01
-6.003802281831172039e-01
2.116753351115154280e-01
-9.482885006523947835e-01
-6.663080972484050069e-01
9.945857390021102251e-01
-1.897774748840518333e-01
-9.388270596942883961e-02
-9.384166579190516000e-01
-7.505387014536922807e-01
-5.130343294483430405e-01
7.228615767560810923e-01
3.106223688686963746e-01
5.070407964554758395e-01
-4.270305834710214077e-02
8.177108912488928461e-01
-9.671917842246970931e-01
-9.995845932258848321e-02
-5.201535577512710340e-01
-4.286188334652955012e-01
-3.850574679664170441e-01
-7.667553111901613816e-01
-8.724308841753110055e-01
6.438346825020300201e-01
-2.719201864613940423e-03
-7.984891429865685897e-01
6.889652892607307511e-01
8.085766465682600046e-01
9.669156225417507855e-01
1.690386984523033209e-02
-5.817591999179235612e-02
7.225814307386946300e-01
-6.214819277314916901e-01
-9.600756363156650597e-01
6.501932897194411254e-01
-8.501044045847561126e-01
-7.618273594071778287e-01
-8.272717260866113698e-01
3.715296161550402099e-01
4.305665274790242969e-01
-5.737505536049400945e-01
-6.472689701788244543e-01
6.520667270480183797e-01
-4.125032794188930874e-01
8.680548901447768806e-01
-2.641230212283823264e-01
-7.999568505123919593e-01
4.858992643680765111e-01
-8.477159483632842329e-01
-7.862080183983393145e-01
8.919992836803501968e-01
6.243802387441254043e-01
-8.359592335074740310e-01
9.313842602996550424e-01
5.448413358836322606e-01
-5.519280268507699150e-01
-5.828518766893735492e-01
-7.928969925661698559e-01
2.249520271579803499e-01
-8.502480812847663660e-01
-5.075671877715857150e-01
-3.597114017239244066e-01
9.034197658119118568e-01
9.802782886796017614e-01
-8.635732391067343361e-01
-4.725031109858844891e-01
-2.661666043988235586e-01
8.625576819417352104e-02
-5.613542207693732466e-01
5.122035233970256840e-01
-6.152890582550839538e-01
8.938667623759120051e-01
4.552414214739430864e-01
3.569824957966142298e-01
-6.754461940263544184e-01
-9.414326279205836867e-02
3.850632310453105944e-01
3.489764598572352439e-01
-7.512092431787197322e-01
-6.030633886607261740e-01
4.719701133729197751e-01
5.863337886917614483e-01
-5.890349677124596672e-01
7.887436519032897664e-01
8.784364430886772990e-01
-5.821012780004659604e-01
9.027689871737285543e-01
8.370362839628501250e-01
-6.558413430263416721e-01
-9.206450208331803386e-01
-7.026794006198719966e-01
-7.997248829673500037e-01
-9.707530252265459403e-01
-6.120557821367764717e-01
7.726434051663058078e-01
9.331727510750394972e-01
-6.540120230249539812e-01
-5.516984493315922888e-01
-1.608636034598051601e-01
-7.632109543342274760e-01
-5.987206898491302942e-01
-6.544168118509028353e-01
-7.097449089875735861e-01
-8.395356043879711461e-01
-5.652312434656090456e-01
-6.472568693564874076e-01
5.683060938464556955e-01
-3.862134396043307438e-01
6.151242727721646375e-01
-4.248092645335523332e-01
-3.476092962483748883e-01
7.998323888811598170e-01
-6.430599928366463880e-01
-2.966629664484438100e-01
-9.349120484027559352e-02
5.818894550328251869e-01
5.682297221584038383e-01
2.753132027451412056e-01
9.598518273819584001e-01
-7.555674036101717173e-02
4.275676460435239024e-02
7.254483981090273925e-01
-2.428415802614481422e-01
-8.716473855153540340e-01
-2.002675068206658665e-02
-5.679454603464326734e-01
-2.868156346661432932e-01
-4.785616775879857343e-01
2.013387723225156245e-01
-4.565379223317787560e-01
-8.102998460790769020e-01
7.935635789972511622e-01
-8.766723169305649099e-01
4.993814200580644624e-01
-8.074043504587925801e-02
7.117700324621749619e-01
5.040836500222867222e-02
-3.905502664724518902e-01
1.531282444905218698e-01
-8.172310776381054298e-01
-8.047826875584884743e-01
8.447969492055950047e-01
5.949229317626399949e-01
-9.869703362363040355e-01
-8.574099292405895634e-02
-7.069358258810332085e-02
-9.996479673775910957e-01
-7.232290815923477778e-01
1.045230836266285157e-01
-2.586641579223097898e-01
-7.375445683356711690e-01
6.956319944943775146e-01
9.547935864006824591e-01
-7.514379701287750013e-01
-8.317267462358004515e-01
-1.752598165128548269e-01
9.743323566856921802e-01
6.274784696223718594e-01
-8.466191232953712564e-01
9.051114126158644746e-01
-6.550734380479582564e-01
9.612851573676951533e-01
7.850520342805884511e-01
-3.822805757602679710e-01
-1.153150450407258720e-02
9.211955654138581640e-01
1.815761000510460188e-01
2.063928948512396833e-01
4.349531402690591797e-01
5.239159054742786870e-01
-7.799946169380183036e-01
1.985586451928162133e-01
6.468081228976639840e-01
8.427385123868701422e-01
-5.515548276646800030e-01
9.575710372976995455e-01
-6.145235346289062983e-01
1.481587497401033043e-02
-7.031293275175369839e-01
-8.411951443952742080e-01
-7.535064523224096478e-01
5.297918830084318298e-01
1.031324655800120449e-01
4.383774207649286381e-01
9.370705356322047708e-01
8.843003476137538676e-01
3.561684760221991292e-02
2.328853458690163802e-01
1.321297179128136934e-01
-6.727322737189983526e-02
-4.717785250062764835e-01
-9.339715871620544174e-01
1.669748256506017048e-01
9.313189379857711447e-01
-9.495367794916336202e-01
-3.872375066817298483e-01
8.165308263187536220e-01
-3.458703520663765629e-01
-5.374678824601735183e-01
-6.839810289112975283e-01
-3.877893371678852175e-01
-7.357262752851146947e-01
-2.648784498283249245e-01
-5.821362930265655544e-01
7.945246003985015903e-01
-9.633921112468359915e-01
-8.493229338593961675e-01
-3.310414878110709003e-01
-8.725719307296651017e-01
6.374080282409521070e-01
1.302450685822249543e-01
-3.076921467200197102e-01
-8.913949581031632707e-01
-1.727866222005292884e-01
-7.290377947268729120e-01
-3.744249570340391631e-01
5.161927605315119738e-01
-8.593685091376584984e-01
-3.388972839912977597e-01
-2.088352002702264787e-01
-7.323400274491435047e-01
-7.296300724923708847e-01
-5.896296913370770998e-01
5.815341628133188223e-01
8.185920376156620160e-01
-4.130883466301270568e-01
-5.661454675466111031e-01
7.241333468690388520e-01
-5.327456260533055543e-01
9.727152112984249754e-02
-3.969131678095687565e-01
-6.148744704755705337e-01
-7.665916422875317382e-01
7.399192335945713461e-01
7.137833260686277104e-02
-1.888735582087178733e-01
7.648367215036165900e-01
3.665480998281671621e-01
-5.302755824920981631e-01
8.707539807193575010e-01
9.794392794273187874e-01
5.012791042286915966e-01
-7.669753092216553547e-01
-9.159112265049853541e-01
8.839631556826018643e-01
6.963489526280092212e-02
1.391485385591517687e-01
3.185065515794157642e-01
-7.093244887044969360e-01
8.454826831385604535e-01
-9.139684885053624974e-01
-7.739479768320320918e-01
-1.659356450828330665e-01
9.347859770270372515e-01
-6.534838034202578028e-01
6.758584043727735580e-01
3.264412061421904654e-01
5.497253009842490989e-01
2.471852955153611420e-01
4.723400058318654171e-01
-1.747331414570108543e-01
-6.309117184635462117e-01
-3.461415566919517905e-01
-4.582141648115153343e-01
9.262841904883174493e-01
-9.967834853940393813e-02
-3.366291048814769038e-01
8.791537417948382949e-01
-8.977886500176399664e-01
2.827203919210447558e-01
-4.068278483835560122e-01
4.653251361611101533e-01
4.797639542524048673e-01
-3.222555027562067909e-01
4.584550256702467630e-01
-6.613393728771170821e-01
3.060644528121055363e-01
9.719223960465074308e-01
5.662109860969738451e-01
3.311360862860251442e-01
5.523438048436293268e-01
-9.489433602694878900e-01
-5.879708015844997693e-02
6.018514861418391426e-01
-7.278982229431585349e-01
-4.669822549791586841e-01
-8.536607325041190020e-01
-7.035992996880363615e-01
-7.787922346078890445e-01
-9.815060997083567829e-01
2.859838667960950542e-01
2.088614632352012723e-01
-2.664413793421199772e-01
8.492509426160852470e-01
5.435860588393708337e-01
-8.501942657555916494e-01
-6.649296073811084007e-02
8.813761752958416684e-01
2.089249747783352151e-01
-1.882144556201570396e-02
2.587667354721210344e-01
-2.468200456726808434e-01
5.558533667887276541e-01
3.258930113369422621e-01
6.219621567752552371e-01
9.697395513022633029e-02
9.813641343643850767e-01
8.921068389847623958e-01
8.103985925900418774e-01
-6.215920336283791148e-01
-1.353812297547618004e-01
1.107940498833842602e-02
-1.325163526076329479e-01
5.068288485848256864e-01
-3.758470183052209368e-01
-5.645184533319902442e-01
-4.452945725864522197e-01
8.604994342594732837e-01
2.202368656140695768e-01
8.895804771721407267e-01
-1.990313488917427598e-01
-7.267628239147208014e-01
-7.177075573397746489e-01
8.079412358611559597e-01
8.866726784494393110e-01
-7.422654299356868934e-01
-5.067400314641320458e-01
-7.012664008229024803e-01
2.774860860412844410e-01
6.414948335488898090e-01
5.993864925669064592e-01
-3.897131393902109608e-01
-7.475839782177340354e-01
-4.616203593299224028e-01
-9.126165908122227943e-01
6.272231003731235655e-01
-2.871432849479895189e-01
9.763652262108712954e-01
-8.657525417635146825e-01
-5.613208733949206497e-01
-7.486337596287750973e-01
6.769885337396908120e-01
5.784514740311763603e-02
9.351451986475076694e-01
-2.534694308603165358e-01
7.360167295035268120e-01
2.929921712290091129e-01
-6.590338807858373560e-01
9.511286775708641672e-01
-1.591098379603791968e-01
9.021926166240589184e-01
-5.416542631665424712e-03
2.908790586481473373e-01
5.413607833906144418e-01
-5.651685414975092803e-01
-2.063965958967844960e-02
1.177504529476023770e-01
7.238953403217825988e-01
-7.040679906335386429e-01
8.553159748003102969e-01
-7.041286637712936836e-01
9.272201704045410775e-01
7.356404575577412119e-01
-9.334979384143244907e-01
1.338694369086946279e-01
-5.526766476122179084e-01
-7.408047950225249423e-01
-4.785866125816795602e-01
-5.464113250248847642e-01
-6.300615753787615070e-01
-1.407682695859407973e-01
-3.151024290389871085e-01
6.171303266882468552e-01
5.114506523209334521e-01
-9.244643644871373134e-01
-8.539325718686081590e-01
6.003227892096999474e-01
-5.941704308628936726e-01
-4.459762379203522364e-01
-6.395447894799981547e-01
6.000086260931817295e-01
5.120599080955375859e-01
-7.644364319599374902e-01
-9.628192627222205147e-01
6.178293432137194063e-01
-7.677191716462830051e-01
3.939289857841221654e-01
-8.237994405180640856e-01
6.445213752225280590e-01
-8.359650507451071855e-01
8.016321412398810242e-01
3.000575772673550468e-01
-1.723930893829628275e-02
2.859938350486311287e-01
-8.381687867957516858e-01
-7.562855453218881863e-01
3.885635003218131933e-01
7.882907637517934107e-01
-3.892306528184423797e-01
-4.944502704675349802e-01
-6.831785699125079159e-01
-8.905090974405286408e-01
-8.348881334936052445e-01
-7.621717929932678715e-01
-5.561674192784051840e-01
-6.610449503687174655e-01
-7.690039801844756884e-01
9.582995805205608564e-01
-8.382556007418140442e-01
-9.418363349859262268e-01
7.362294773551940619e-01
-6.275793893777620314e-01
5.050275712241808490e-01
-8.878160665554005737e-01
3.827990911028944510e-01
9.575426812162234347e-01
-8.854821566380006725e-01
6.647519521544027477e-01
4.006255786604084879e-01
-8.250775109671483198e-01
6.320387926859316607e-02
-5.309994080153924711e-01
-7.857192950896106920e-01
-9.561306610179698406e-01
8.286108906193581092e-01
-8.162983390196691946e-01
7.209666806935971506e-01
7.721007954628474890e-01
-8.899993052729091580e-01
3.539078445559141195e-01
-9.098062558355549667e-01
-9.350519793387885858e-01
7.763244393788321096e-01
-9.790622643569517614e-01
8.238939269163818580e-01
-9.650323019748191511e-01
-9.117499924705402270e-01
8.636825136417778381e-01
-2.264628371239498505e-01
-2.757843706692438279e-01
-9.083179942645367433e-01
-6.348135264506957753e-01
-7.911724204700049112e-01
-7.762306952474627986e-01
6.504889400854170223e-01
-2.984137345961733190e-01
9.240128885928091673e-01
-1.506741277473806484e-01
1.594296266304380816e-01
3.875210322093750603e-01
5.443589875021372926e-01
-4.979697132587868058e-02
-9.175182171244785634e-01
-5.256443108215892446e-01
5.994193295329955928e-01
7.222124744785101136e-01
-2.814121244471933236e-01
1.558473961371398264e-02
2.282187803024805506e-01
-9.506340875622587561e-01
-5.908379507789222052e-01
-3.523910757431386598e-01
-7.059430934900884358e-02
-8.022664430953969639e-01
9.339789604098021059e-01
3.428508970291967439e-01
-5.757707069097396137e-03
7.784192900098203527e-01
8.849836405828396257e-01
-4.099830918695487880e-01
1.207660956975105115e-01
-1.481283607086916199e-01
-9.978898042584815054e-01
-9.617174170025579727e-01
-6.857498484787538651e-01
-1.358881951629543616e-01
-1.073917802635403485e-01
8.942808679938125671e-01
8.432520616772364308e-01
5.262774497434175025e-02
-9.781699553836203931e-01
-7.177472386523835457e-01
-8.812338212116248570e-01
8.559334295254668046e-01
-5.905011677737979081e-01
-7.849282439677985890e-01
-7.002643601552078767e-01
-7.750050825741470195e-01
-1.845042039715054927e-01
6.906763051998265901e-01
9.632256613130356637e-01
-9.265504792215448759e-01
-9.526865876509462705e-01
-4.824692975196946676e-02
-2.117237869578377785e-01
4.783236266613249965e-01
8.955907082908400874e-01
-5.987717092372508709e-01
5.175102675913884065e-01
9.716831654233886173e-01
5.912901377895167787e-01
2.201150783603008088e-01
9.858469982061270898e-01
-9.285683315319495090e-01
4.391410637008704709e-01
-9.011758234394373623e-01
4.651499640028734506e-01
-1.170547759677105157e-02
5.894463396021736301e-01
-6.375663579943218195e-01
6.998710199308664226e-01
9.132851666278785085e-01
-5.220709678140191823e-01
-4.685684713564951531e-01
-3.720575803857972264e-01
2.298619312826606642e-03
-5.185946630935666102e-01
-2.805345516665183614e-01
-8.209674892218368214e-01
-2.211681324249495650e-01
-4.906014214235476789e-01
-5.219778011099801551e-02
-4.942696125222767467e-01
-7.424001713199381847e-01
2.625933885692563474e-01
4.683786480915506090e-01
-7.091842049668539705e-01
5.479236558293020254e-01
4.793187049357011675e-01
8.397920447370579300e-01
3.829656703194738721e-01
-4.741169909060329313e-01
-2.566375972983826470e-01
4.666203217577563622e-01
-8.887612122613294252e-01
2.765539370852918011e-01
8.940237385045117779e-01
5.549749621252749732e-01
-9.819726697504043145e-01
-4.519169863461923731e-01
-9.181119766863989895e-01
3.850772724665113000e-01
-4.819515759893274742e-01
3.797864330545859257e-01
5.539193946121366841e-01
7.600634254906397658e-01
-5.039636385147950870e-01
3.559902814815351091e-01
-2.724970783632260640e-02
-6.303233013300348908e-01
-5.258215822761179714e-01
-3.266713897250531629e-01
-8.198235296800910898e-01
-5.300588078162210559e-01
-4.294911287081634166e-01
-3.083329656390485507e-01
-5.642581192169393578e-01
2.856262584707580654e-01
5.001692903169575599e-01
8.366984709572925505e-01
-1.273082062304048689e-01
-8.228243927628837717e-01
-3.197211174191686434e-01
2.803310412076845948e-01
5.994092240571240460e-01
1.748744737493742041e-01
4.714140249411627459e-02
-9.376064235431247340e-04
7.743768276760765179e-01
-7.593234503428543114e-01
4.478604778058197788e-01
-8.209219554832215549e-01
8.725354573962014193e-01
-7.806687127783484836e-01
-7.845855948624664844e-01
9.992519288114212195e-01
-4.184988726347227961e-01
-3.198239010676725558e-01
-7.234277854431849786e-01
2.362622715233273496e-01
1.698628372051252389e-01
-8.222202138370058311e-01
9.828121039083080879e-01
9.793126746877598432e-01
8.208107621912483776e-01
-6.966212587724897043e-01
7.556169956593464798e-01
8.840366565576871505e-01
2.275596502806890298e-01
-6.004988573536939045e-01
9.653309033940500328e-01
8.128426796601586624e-01
6.582759197913851112e-01
7.324722913799031065e-01
6.030613245358579233e-01
5.963559559568216706e-01
4.754908007718183782e-02
9.656448885050535891e-01
1.425272648110999518e-01
-1.429587245398148410e-01
-8.923413206472032844e-01
5.140848266800537303e-01
-9.722646513857176043e-01
-8.684201938784054109e-01
-9.265555566819310140e-01
-6.777460047469678894e-01
-6.911482877687216142e-01
-1.121133696934724644e-01
-4.437398257705201798e-01
-5.722901450622945863e-01
-8.056084857267884480e-01
9.384320008856732453e-01
6.607838728480878165e-01
9.805479657631419599e-01
4.860460630395586623e-01
8.154934244880893690e-01
9.514112420600069342e-01
-7.844475037875964230e-01
8.101892377681207957e-01
5.895988386249183533e-01
3.873702166181606232e-01
-4.588756251773793912e-03
-3.591470438552516464e-01
7.060016136305585777e-01
4.267588557223250256e-01
-2.597933398725713050e-01
-7.625513778499601880e-01
-9.703113977927523282e-01
-9.224000019752405244e-01
1.357405171552162615e-01
5.386629621195142548e-01
8.152284240404134019e-01
-4.989245096524216883e-02
7.719298892938102341e-01
8.515074532990776213e-01
-5.883363076012393389e-01
-8.184599265390314349e-01
1.860918048183363704e-01
-2.182085643699602229e-01
-1.392731336552217036e-01
9.405286392217431235e-01
-8.796181630119659367e-01
2.601903948509717290e-01
-6.892097252280520170e-01
-1.269164013224046705e-01
-5.931517195344158111e-01
5.797549953996508076e-01
9.643978133201791536e-01
-9.816655016661753885e-01
-8.247058844059563798e-01
-6.917369565498163730e-01
5.096451673685417072e-01
-4.305680177366137396e-01
-3.790909724755271715e-02
9.154124628225258631e-01
2.169225742844194948e-01
-5.612229647988699055e-01
-9.255341216427663831e-01
-1.131935654845599992e-01
-9.450059949999781717e-01
2.973435575795319030e-01
-3.068575813006482189e-01
1.417970235269556400e-01
5.301526206917600570e-02
-6.012255765793983464e-01
5.866007066450287244e-01
-3.909862770029002288e-01
2.656187957615568918e-01
-3.886278016792917844e-01
-9.989676541812694266e-01
-3.496561243608167224e-01
8.518219689583287346e-01
4.771066507750882923e-01
-9.665654192031428726e-01
5.661967337742869200e-01
-4.244797851421426849e-01
9.242227130718472239e-01
1.242933900094965460e-01
-9.475671257499482802e-01
6.903393381321416555e-01
-8.596676687686052309e-01
-7.200055003717923396e-01
-4.676151914768299500e-01
8.806600015607551901e-01
-8.674506710473107729e-01
-9.486225783719902660e-01
-7.844223244869203970e-01
6.681488065313248570e-02
-8.129406224466606545e-01
-4.307912615944626267e-01
2.151503586685160618e-02
-2.720948114052023636e-01
6.246917854223089650e-01
-4.176079807671430055e-01
-8.787885788633827966e-01
-8.455431409417438759e-01
-3.935271320990237354e-01
-7.665060467206097350e-01
9.691963224610149474e-01
-5.192686763465225175e-01
6.320998337571686054e-01
-5.318562985186375824e-01
8.556114267139098839e-01
9.903995281779566229e-01
1.180764424268744839e-01
-8.458597707294146506e-01
3.128597883362799759e-01
3.646649738314245437e-01
-6.876488453075020324e-01
-1.120813100679113328e-01
-4.491954569246017215e-01
-4.937308843765322308e-01
-2.007310422747991263e-01
7.163447712898451947e-01
7.044861926685220821e-01
-7.212335457544800654e-01
4.132119395648165550e-01
5.168686585938015998e-01
-8.269937517932057780e-01
-6.551181532407190922e-03
4.162288930336620618e-01
-8.497919099734204673e-01
-8.229853802194131429e-01
1.758527396486446182e-01
-5.461964603161911791e-01
7.680955753873125458e-02
1.377861543177705261e-03
-9.755465936442441199e-01
9.250712105591938350e-01
-3.422418379726284154e-01
-1.173805251210247036e-03
7.320304787157069226e-01
1.557562460405543248e-01
-8.169058821519928903e-01
-9.326077983312037745e-01
-6.067555350881925769e-01
3.566336901104498747e-01
1.452297952191622388e-03
-8.731079478367445024e-01
-1.423207970183976157e-01
-6.960371695790195101e-01
-4.473629149100150082e-02
-3.606665545700976638e-01
4.914721112646786016e-01
-8.181582074287447881e-01
6.281489082782850675e-01
5.050454881950383612e-01
-9.332064479656654310e-01
4.191721028370718471e-01
5.741930417431428957e-01
8.468841567820751814e-01
9.653079533896542497e-01
1.532812030133395287e-01
9.190602034063138914e-01
8.377968289589362572e-01
4.243927589695912772e-01
6.635517300753502878e-01
9.091303993345039025e-01
-9.174960056035150746e-01
-7.959128120084215663e-01
6.351985103069720529e-01
-3.140190808390460608e-01
3.157756135262310693e-01
-9.357237094105301800e-01
-2.367245670813992175e-01
8.322064863457734329e-01
9.945126410877197509e-01
1.364234406984754511e-02
8.997932499647030014e-01
1.747140229093566699e-01
-6.096666746903344203e-01
-1.181790836308616727e-01
-5.206838304045351418e-01
9.275680294015571370e-01
-2.764603005409297376e-01
-6.581318077552483770e-01
3.630820779546788390e-01
7.261486179550722397e-01
4.164195381456122780e-01
4.320886896311666447e-01
-8.950733661352029413e-01
4.009407993655230706e-01
5.771964717791033816e-01
-6.425723968593703983e-01
-8.735559969486945686e-01
3.325646123999825843e-01
8.194769466766033128e-01
-1.057886062853981984e-01
-8.117909246172860804e-01
5.881627790302010883e-01
-7.986471564285662073e-01
-1.694085385377857023e-01
7.032910269743901654e-01
-9.916742762372241504e-01
-6.091092076500002062e-01
2.007809192226843731e-01
-8.106090046909086855e-01
9.742503533076937172e-01
-6.723981745102799445e-01
6.368794337049019649e-01
1.253819659033334755e-01
-7.966679761643100655e-01
3.338209541298342575e-01
-8.901752645336000747e-01
-9.503245161845471634e-01
9.454449729169401850e-01
-6.796803692352589854e-01
9.945672079023560874e-01
1.943490781663606559e-02
-8.541171328982990474e-01
-6.662337219649976383e-01
-8.935926799271916021e-01
-7.904865139725406609e-01
-8.115593489799529658e-01
8.908087730641840452e-01
9.802147780915158037e-01
-6.639916133353500616e-01
-8.077969217042433314e-01
-8.963649051142372759e-01
-7.190447851253540801e-01
7.906811740680794176e-02
4.378135735173172005e-02
9.102229152062918383e-01
-2.773444887928601665e-01
8.868195802980802789e-01
5.957658176096580771e-01
-9.575391853349214388e-01
-5.588417895757253895e-01
-9.803406588152663304e-01
5.215225459852240730e-01
-4.878329650622835745e-01
9.092341404937870353e-01
-7.520483610486135007e-01
1.000929187301746737e-02
-6.802084936951562355e-01
9.129120510819666023e-01
-5.266366682676730804e-01
2.563929137326290686e-01
7.697135798669723084e-01
-7.816513359447807563e-01
5.247405460259813026e-02
7.038979874543109805e-01
6.368195272458139211e-01
5.227260945685553439e-01
7.724768577034878403e-01
2.013115735564785513e-01
-7.457101064252845690e-01
-8.315563135324420818e-01
-6.239530756695297331e-01
-6.029580932863249920e-01
-9.914335514095610202e-01
2.842918672489985754e-01
8.915063147664045173e-01
8.253253294032045773e-01
9.222513599994759392e-01
9.819576133667539120e-01
5.931283471976032118e-01
9.746236636410237075e-01
-8.668895561744094369e-01
3.354815720537677737e-01
7.914501378468057347e-01
-9.173473665901860086e-01
1.259540014006221564e-01
9.833788628124540132e-01
-9.084663789140265955e-01
-7.158232762066109034e-01
-1.608120835835654683e-01
5.990822969717140012e-01
3.114541558437959878e-01
-7.609170117259165256e-01
6.900443578228288022e-01
4.702271511132870563e-01
6.032650138041839583e-01
-9.373536309056105242e-01
-2.673573637025182248e-01
-6.600396319147280311e-01
-4.249472750564697865e-01
-4.281799942095231293e-01
9.684317680624836555e-01
5.567604468332855161e-01
6.578532405691664975e-01
6.022785634533790455e-01
-9.314842095422057877e-01
-3.795539911015342605e-01
3.855020705492251398e-02
3.473998871832461033e-01
3.198807317063198652e-01
-8.232268835102503068e-01
-8.568891493348528288e-01
3.499539515351492991e-01
-6.774605836711722340e-01
-6.428288530100196851e-01
-2.538859901291985466e-01
-7.297486038701576083e-01
6.689628146733295200e-01
3.245968243831157674e-01
6.480464533826113538e-01
-7.706168350276323409e-01
6.607746733953684393e-01
7.740150612767394689e-01
-4.805385595249989650e-01
-8.698930470277265181e-01
-2.407200362930134729e-01
-9.955056476207811977e-01
-9.563529416651569415e-01
-9.145070502851079253e-01
-6.687737667799504848e-01
7.025785106161683835e-01
-1.960349553579688320e-01
-7.735493205998542621e-01
7.536768638816151444e-01
5.787099536485159623e-01
9.227297949731037008e-01
3.269142334134570449e-01
7.563577176051117235e-01
-6.533795304466234466e-01
-5.553630577169126337e-01
-6.375756587859935376e-01
-2.664618903288493712e-01
5.240893783580000687e-01
7.210602302175839196e-01
-8.694826361660145109e-01
5.842054437342287798e-01
-9.948635009615480751e-01
-5.763656447853111597e-01
-7.656515013620588395e-01
-4.707708313489910035e-01
-7.057333326408202767e-01
7.670157988864086951e-01
-6.209581734851166157e-01
8.548131442144690784e-01
7.073445532110645972e-01
-7.138449716292357694e-01
-2.861745951751808459e-01
6.898565831253273828e-01
9.708319920992047880e-01
5.639235719192525753e-01
-5.223054113067311377e-01
2.279288050222062489e-01
4.182283474721397720e-01
-7.451266693295888199e-01
4.897451357196436206e-03
-8.493051252758324621e-01
-8.885514421971403287e-01
-8.252928842751741101e-01
-7.797950850010115786e-01
-8.502479498911735822e-01
-4.275957695464391861e-01
-1.764280306173488522e-01
-6.415227751735841366e-01
-2.459649762128042205e-01
-4.363017829888340415e-01
4.499372692886778324e-01
-2.942147225198427085e-01
-3.160729560976932584e-01
-2.789816623050854760e-01
-8.259261474374521850e-01
7.119584960292133502e-01
2.901494011219886149e-01
-5.529575897730037992e-02
5.062061844813366962e-01
-6.722821258985796078e-01
-2.525011042165937192e-01
7.817645551026286554e-01
-7.064411816156976887e-01
5.467223688632329992e-01
-4.735954276762152637e-01
-4.667048506314918077e-01
-5.136799608945057383e-01
6.203376721098612379e-01
1.325066292552289082e-01
-9.951662939875267622e-01
-8.675210349406783372e-01
-9.511849170339256032e-01
3.661436449580874331e-01
-1.534200623732293045e-01
3.200315691872673840e-02
-9.556631936345558742e-01
-1.766962327104482644e-01
1.457085270868281879e-01
-8.102791427657887180e-01
-2.077096199455479852e-01
3.079746540865693771e-01
-5.554253252903083027e-01
2.788701893781262431e-01
2.494410637323293822e-01
-6.401343295348465023e-01
-5.685756613559007633e-01
-9.060205021368193945e-01
1.221595937035378776e-02
-5.721658109804270143e-02
-1.250805719657292481e-01
-6.504637627232442432e-01
-3.618129662096189469e-01
-7.151456351649413401e-01
7.170006308236485104e-01
9.439810095626772757e-01
-3.772993639937020083e-01
-5.386919682464597070e-01
-4.232657778841185658e-01
2.893852069702860796e-01
-6.906380905384973401e-01
6.654601026974562572e-01
-9.066495322367921217e-01
-4.831039841191004380e-01
3.376124514415016487e-01
9.647274453768873714e-01
-8.620927660564881023e-01
-8.803851152171242589e-01
-1.172393975488741913e-01
8.009335870858385054e-01
-9.540721822825076748e-01
7.856097756282136579e-01
3.621646657982359740e-01
7.804855259672088819e-01
3.847203892022458271e-01
-4.262364544789366549e-01
5.041846890531173075e-01
-9.982167772489606294e-01
-7.955865617091897324e-01
-9.710484102644404425e-01
6.096248762219337314e-01
7.938101338178784605e-01
8.100514453115733593e-01
-1.493248478901126886e-01
-8.331988557902242354e-02
4.274930052525161006e-01
6.112103534437774988e-01
9.132684923685213674e-02
-8.412501635204879813e-01
7.833663175394330880e-01
-7.156915871301335885e-01
6.136227898670983949e-01
-8.263517611892871040e-01
-8.215242274855812932e-01
9.348009091849636132e-01
-1.190985258232027943e-01
3.144827179134465078e-01
8.071965748159113385e-01
1.389482836265533150e-01
-3.341551535192881506e-01
-9.335005731618177816e-01
9.691492869401843180e-01
9.786408369175487731e-01
5.820149963683091121e-01
4.944625988476365475e-01
-7.105250327249431619e-01
-2.328034710996440548e-01
-6.357329563024357588e-01
9.247345100302708509e-01
8.348896406345338028e-02
-4.650005696822318013e-01
3.001092563294417981e-01
9.775480387589927656e-01
7.839633987870762155e-01
-3.577236251947759627e-01
-6.558119419305448172e-01
-8.822735533345396064e-01
-9.331813435802323031e-01
2.029949331704065385e-01
9.369443551660394665e-01
-4.064175197832382569e-01
9.136847201135674945e-01
-8.272598649154803141e-01
-5.430339499687012461e-01
7.919786213426863730e-01
2.066417286733124303e-02
-1.034410671762068801e-01
-1.791275433032359921e-01
-8.463231119301192207e-01
-4.856322136336226336e-01
5.032555317507878545e-01
3.372207965823585396e-01
-4.164410691743936077e-01
4.142415054573785893e-01
-5.508494254428952797e-02
8.969872664792221117e-01
2.989051274738588893e-01
-9.152107238808122602e-01
6.164322513568549766e-01
9.844196734526413639e-01
-4.075455947605544083e-01
8.461334008848520050e-03
-8.927610778819744519e-01
6.091615665006087088e-01
-8.821280969515152837e-01
-9.594412365182719560e-01
8.011672065310673219e-01
8.160053898530134076e-01
7.237379190441514121e-01
9.505151794043330549e-01
6.603182673774252720e-01
7.086431389261059755e-01
1.000212179266555257e-01
-7.429660710794511180e-01
-7.795910447519256437e-01
8.600955572982682540e-01
-8.208771360891460311e-01
4.637115747281675970e-01
8.667611300175543931e-01
6.014111322967057305e-01
-3.363086398313286374e-01
7.007731382399605691e-01
6.599151901282789279e-01
-9.261302183928652454e-01
2.340602914461094031e-01
-1.020301294032188166e-01
-7.155612025899935613e-01
-7.653094765107714137e-01
2.672424161291218070e-01
-5.321696210230669744e-01
-1.002746465324260566e-01
8.991534752659628982e-01
-6.160477270012518769e-01
-3.190032004585620640e-01
-9.511400057296340860e-01
-8.458144452081981512e-01
-4.819517345210039272e-02
5.943746469655915021e-01
2.830636059220221767e-01
6.422783054989747997e-01
-7.307098097461298680e-01
4.272382013422426628e-01
-5.855953816531422884e-01
1.350064702237549485e-01
4.973124441478143920e-01
-5.709519656851629321e-01
-1.572670441753780679e-01
-6.793910831091176661e-01
2.454765492903602242e-01
-5.287406207608026376e-01
-8.897353484085577247e-01
-5.414394132543330906e-01
-4.672692496924648053e-01
5.838013578553601368e-01
-1.292245565122872031e-01
-9.877979737690877338e-01
8.088835081647981484e-01
9.066634435111725621e-02
-7.976500443223950576e-01
-1.071074776814834872e-01
8.317003067601983490e-01
5.529625481932505249e-01
9.780890318707362585e-01
7.671694888450095728e-01
4.043383548263906890e-01
7.384513002837111983e-01
-5.792260927332684162e-01
2.556397680209831491e-01
-1.072489018653388637e-01
-7.990429824798528369e-02
-8.064315150328518200e-01
-2.064966268783006154e-01
9.626738824431044783e-01
-9.140267347721473534e-01
9.804458895303005406e-01
-7.675299570327044352e-01
-8.112777481719448680e-01
-2.916569058964996186e-01
-6.312634771351104401e-01
-1.999176766973034258e-01
-7.860671341456890726e-01
8.688221499024683103e-01
-8.167415439028691271e-01
4.045025845973788670e-01
5.861895481789539675e-01
-2.585920515240523465e-01
-9.053694631918975944e-01
-9.549818772350583407e-01
-3.325541258374955511e-01
6.272843144594824061e-01
-8.749470462572767060e-01
-1.249270998674834043e-02
6.120354688047779934e-01
-8.470142157522104753e-01
9.200434064484597219e-01
-5.718763549337246843e-01
-7.174128048676400304e-01
3.723261061259544591e-01
-6.094975348719193775e-01
8.826375494075189287e-02
9.649857372600998406e-01
-5.828722709891516196e-01
-8.794541398020077061e-01
-7.809865137234747179e-01
-2.890336676588961540e-01
-2.843473196347506282e-01
-2.460818233389549525e-01
-9.131855951207148436e-01
1.434047209893576647e-01
-1.391288512171171554e-01
-9.833124096384602275e-01
2.771410918129736389e-01
-8.169927588017344977e-01
3.604195294587366760e-01
-4.175635549321531359e-01
-8.734814215604884691e-01
8.539965853056175060e-01
1.754536046018289608e-01
2.300376952733807212e-01
-6.081708705354963440e-01
7.473545218466208784e-01
9.192445256691890165e-01
-6.245483954396084947e-01
-7.558591196399426781e-01
-4.601313221391546415e-01
-2.061128025340480674e-01
-8.479751857489811195e-01
-1.052848272092788973e-01
9.174931848897384112e-01
-7.797173470327077860e-01
-8.122204018103035272e-01
7.236832738111326213e-02
-9.634631005526338443e-01
-3.635058664163499653e-01
-9.887271472866138167e-01
1.259668097452194546e-01
-2.981271113458086042e-01
-7.419557517597458185e-01
-5.381563962289509506e-01
5.411259721732226691e-01
-8.862034360008639311e-01
-8.259708017476681263e-01
-4.536206001151567024e-01
-4.198480522335176768e-01
-4.414751963021325554e-01
-5.142444254352730448e-01
-7.800619109569411069e-01
-3.250841078460854350e-01
-7.017250715530121141e-01
9.323003124913409323e-01
-1.914166238703967071e-01
-8.649537440154786427e-01
-9.899989221331813027e-01
4.915071870661122944e-01
9.130380350591118521e-01
-6.453268586452598488e-01
1.788754076491877176e-01
7.074542629323474774e-01
3.776150841327539087e-01
-9.145617136818060544e-01
-8.088882854685238710e-01
1.172568444596685730e-02
1.312616812688683354e-01
-3.742380218634329681e-01
-7.609796150523877589e-01
-5.069997759456006392e-01
-2.735848833593281793e-01
6.819427323870145274e-01
4.960625419953913484e-01
5.786906848023124494e-01
3.349049124097741581e-01
4.165922723995227339e-01
-5.277786789282403745e-01
-2.338263527745742254e-01
-9.852391011151673261e-01
5.007545800236863354e-01
-2.098178853490474949e-01
-7.728667736634144969e-01
8.619238899796018982e-01
9.636280912347343630e-01
-5.998189228814468921e-01
-3.164380196094845332e-01
1.727129684092947592e-01
-5.433041659190854800e-01
6.086641897394164946e-01
6.666121170068479707e-01
-9.815032579626555842e-01
-3.747993456337794793e-01
-8.037089100894423410e-01
5.244109245883258330e-01
-2.888734611131464347e-01
4.677437243930774313e-01
6.992471439433849412e-01
-5.940578020789650804e-01
-4.501725136968279806e-01
5.793140311250030150e-01
9.343085711866581100e-01
8.018965216676763319e-01
6.045837802126446947e-02
-3.738112696904585253e-01
-5.440618420163612079e-01
5.390695520183313993e-01
1.668264926479676724e-01
6.748024507522580873e-01
9.971018128593591712e-01
-4.834808339929413945e-01
7.773349544472103467e-01
5.417986153363740787e-01
9.131339322633720279e-01
6.086119548382110112e-02
7.234055586200099919e-01
-8.812494139343315380e-01
7.080356062103848602e-01
6.639592225548726079e-01
-8.302644229918569874e-01
-8.613131575057838552e-01
7.570816251185931156e-01
5.646384532127157740e-02
8.556046608428573563e-01
-2.228435292559116099e-01
-5.285449960300269145e-01
2.250044238928156082e-01
3.607052642490399252e-01
8.480429730765659535e-02
-6.105861673881313179e-02
4.097860309245918708e-01
-4.897828041750778016e-01
-8.921038676938655154e-01
1.165696021771145952e-01
-3.210586546093434634e-01
8.720832235420553635e-01
8.291523108705212142e-01
5.231525448999763128e-01
6.536297971021881592e-01
4.519209355033090292e-01
6.615953893668283792e-01
4.199228267717213248e-01
-6.925121974865430796e-03
-9.347006623512235102e-01
-1.059715278101954483e-01
-4.250447022210787629e-01
-9.064350578556760185e-01
4.985272854262180475e-01
-7.680323543524660845e-01
-9.939353689463645836e-01
-9.768930759488347881e-01
7.234668633801704107e-01
-8.524334738956529378e-01
7.914353745399751450e-01
9.035998284348325527e-01
-3.028594904677105459e-01
7.577344570773393295e-01
1.364310868717663605e-01
-6.045550965020219936e-01
-6.560331325191834928e-01
-8.124277288339004643e-01
4.891647818797175695e-01
-1.394357921297872671e-01
-5.623073962027030914e-01
9.182982570343360962e-01
8.061779741156983592e-01
-7.640304505271204860e-01
-2.206676939745436661e-01
5.814278684504678996e-01
-9.315913712977714756e-01
9.924241871578849405e-01
-2.411531211301706223e-01
-8.849949444105174035e-01
-8.240920524679895554e-01
-7.383495833763185079e-01
7.953460042212421310e-01
-6.547935739001301547e-01
4.267531648709584902e-01
2.461144404628743954e-01
-8.857776148127064486e-01
6.093339907797759025e-01
-6.350882033741273025e-02
-5.350354372238252942e-01
4.165630128684766342e-01
-6.985017135424717027e-01
9.116889624100310563e-01
9.034371604816955337e-01
7.319960812355490454e-01
7.150549009045601423e-01
-1.041432327986098194e-01
4.116403391173222848e-01
7.539115556787474581e-01
9.670246999826788148e-01
7.294169878026073306e-01
-3.430260810955484962e-02
5.326404377228479703e-01
4.947501460959560782e-01
9.867596463495361681e-01
-6.512072428861772622e-01
6.714182709353183620e-01
7.815512497388222846e-01
-9.769346569886198095e-01
-9.743835465285748398e-01
1.031811894971138566e-01
-5.365581541930765086e-01
-8.064865108976200236e-01
-7.982380091553834545e-01
9.372288963164447928e-01
-2.039423972480021718e-01
1.903842282130119024e-01
7.719285390965922034e-01
-4.547963944784172985e-01
1.204826679176773108e-01
-2.543073122879224712e-01
6.103655860290395641e-01
1.869130941334249396e-01
8.362809513031720376e-01
-7.207549785987097390e-01
7.490164401896265423e-01
-2.457527756915000028e-01
7.825617582510832060e-01
-2.475569537297986067e-01
8.049036766692564404e-01
3.312018051898092397e-01
4.845346535314012382e-01
6.340856159579945084e-01
-3.364291821382524028e-01
-6.382524785803139755e-01
-2.496963551009169779e-01
-9.750289240063725327e-02
7.417095410961749291e-01
-6.896519386195975043e-01
-2.209534539521818552e-01
-2.197174292777637206e-01
4.863476577336447448e-01
4.006832436688155252e-01
9.678759690217111356e-01
4.466820616214129958e-01
-8.762098265640945183e-01
3.513643632241683079e-01
-8.732337992079892697e-01
7.618439566609003233e-02
7.297954782987580158e-01
6.416800325655676041e-01
2.931056647559826533e-02
-9.876606748092175980e-02
9.303996844131134925e-01
-9.121670581767600261e-01
1.488255899429875018e-01
-1.218922027215740000e-01
9.853400171712808353e-01
-4.105180651056993812e-01
-9.687260298488781229e-01
4.153757224693551131e-01
7.312570574799477363e-01
-8.641569058733080677e-01
5.249626368759379158e-01
-7.246106092136292975e-01
5.938445381227686060e-01
-2.236236240672410669e-01
8.390750477943363927e-01
4.489897610121061367e-01
7.195240468846832993e-01
-2.714985998371706177e-01
9.455302606173162649e-01
-5.444371871321547207e-01
8.971496167722234905e-01
6.502356145512211416e-01
1.166553987147316979e-01
-4.081765585706267352e-01
9.767636796478521566e-01
2.385511332252127636e-01
2.127057233180356943e-01
-5.360953255279724550e-01
6.771076317446563797e-01
-1.750413229627457712e-01
8.001191604409738645e-01
4.381219231623547095e-01
4.323409643151692738e-01
5.575165274355236011e-01
3.103761836499630000e-02
3.070155394792323245e-01
9.181618528449100869e-02
5.006453766482203971e-01
-7.048013273924693678e-01
-4.485294901653516519e-01
-2.990691740850366376e-01
-3.580575815020324848e-01
9.910661177624141560e-01
-9.110121293999395853e-01
1.830547741520921479e-02
4.495058920145851289e-01
-4.112398705721215797e-01
-8.524962893260982222e-01
4.093882790088950729e-01
8.181066110785879530e-01
-9.493212929719418991e-02
3.415475227255255208e-01
-9.530868922736459581e-01
4.675852706616286936e-01
-7.212386725493760142e-01
9.914311455573294740e-01
3.055225215289056884e-01
2.796705921741244882e-01
8.262097183467808081e-01
7.765635229966678654e-01
9.913297237780921423e-01
-9.941811025556590575e-01
6.076849164264718217e-01
7.614687900107016683e-01
3.591446566873793822e-01
-2.358571595039284929e-01
9.644819752285278547e-01
3.813528963285620077e-01
-6.979155610147258493e-01
-1.412310157846562442e-01
7.185000710627891252e-01
8.214252982888640142e-01
8.742337404591167260e-01
8.546650350601404655e-01
9.813707082852390906e-01
-9.513540842349804683e-01
6.055180585799331272e-01
-8.206224702658907466e-01
8.587872440620567538e-01
6.487976095682324029e-01
-7.736058377281015974e-03
2.345884023753279091e-01
-3.871611352740803591e-01
-9.397324930789935360e-01
7.716802186977251843e-01
-4.235461032644760593e-01
7.710772437271962154e-01
-4.456038571430307460e-01
-2.396974623278386451e-01
9.656488979196130584e-01
-4.106169919929930634e-01
9.499537308982257677e-01
3.602321289450266528e-01
-4.747318464383597503e-01
-4.452134471724416009e-01
4.239690571419738041e-01
-2.719491794572336252e-01
1.984749752112097698e-01
8.593369374557584539e-01
-9.938502841413905387e-01
2.521460307608661827e-02
5.307703615674269626e-01
-2.588978742879644579e-01
-2.046924571660191094e-01
2.869988397560581106e-01
-9.244678210660371986e-01
6.010856498296535122e-01
5.017632467424603115e-01
3.414256109691802266e-01
6.366281372242690306e-01
-2.404401726657455496e-01
2.324340373541636251e-01
9.716814408425376026e-01
-9.647691122509645112e-01
2.384924579311075710e-01
-9.162459020246969954e-02
-7.409785425125974268e-01
1.071219436358532284e-01
-7.657978205031727992e-01
-3.477512401334515446e-01
-8.703686943513277985e-01
2.698234433589548620e-01
-4.424645537250376792e-01
-3.447162050697570868e-01
7.603336662761899234e-01
3.145437738932661542e-01
4.350030291550506245e-01
3.323344068504893722e-01
-9.633139937422694477e-01
-9.926253626429462074e-01
5.639554067201670851e-01
-3.331017569285548707e-01
-8.344803014398155527e-01
7.579310725094814405e-01
4.196163676558883893e-02
5.735723833179262598e-01
2.241434913434891402e-02
2.443710098174924905e-01
6.150378041592292205e-02
8.466869642128564966e-01
-5.663839268373686009e-01
-9.830586296633405663e-01
-3.530616550550009225e-01
-8.512832988578004079e-01
-4.067575857510306592e-01
6.241201290130177215e-01
-5.261911206318548029e-01
-5.083952062604299993e-01
7.294213664698069310e-01
1.948696690664415143e-01
-2.549196725258686680e-01
-7.534408912937563541e-01
-9.518801131824179418e-01
-4.294452087384020289e-01
9.256774372027065656e-01
-8.833558625262335484e-01
-9.206908814348049308e-01
-6.742329701133302766e-01
-8.076915142530683989e-01
-5.557095595243092268e-01
-6.556305462836627962e-01
8.138544617421084038e-01
8.657088645415812467e-01
1.227915363720278596e-01
-3.463458403573176358e-01
-8.913779493233919826e-01
-1.223514262239775996e-01
3.931892532374919869e-01
3.268116626854873363e-01
-7.295671902160617561e-01
-4.008824656506818074e-01
9.767200070244177468e-01
2.435740654198317867e-01
-5.194016186680624481e-01
5.495502630312879555e-01
-9.365130910042923640e-01
-4.426686284167142826e-01
2.506753768227212853e-01
2.509077325405055792e-01
-4.337174454510541732e-01
9.958573589843792151e-01
-8.487643694601689770e-01
-7.780631709011502917e-01
3.128683417243326437e-01
-2.138069887229111510e-01
3.046731159171497394e-01
9.177462993347097475e-01
-2.343870840665879252e-02
-8.206399054016085826e-01
7.260346662929907380e-01
-6.388916869717687907e-01
9.961751550944433764e-02
-7.253387611948545199e-01
-6.525628712264039955e-01
9.528827348233515071e-01
-4.918575102134921662e-01
9.804635312135350222e-01
-5.391305734219876689e-01
9.669810351216017175e-01
8.456104187881381407e-01
-7.865442330905938473e-01
-6.901623686048656836e-01
3.409265961482502716e-01
4.998645569288105994e-01
9.297174563215290233e-01
5.923554989860981002e-02
-9.632641083758605172e-01
-8.412745045287538526e-01
7.953207796952800335e-01
-5.000306743688823774e-01
6.629553447411746792e-01
-3.305513991957692577e-01
-5.143400833262445904e-01
-9.456325974611514695e-01
9.335186122776975015e-01
3.864169679481781194e-02
8.033840176113671294e-01
7.766222798472071087e-01
-5.693156223171866870e-01
8.538672669770102086e-01
9.245237510237841461e-02
5.362337463071786825e-01
-5.127364892795482909e-01
-5.371442565993845841e-01
-1.120633649244426322e-01
-3.820800538890994913e-02
9.041412616041889505e-01
-4.967262297837546914e-01
8.553153173054284242e-01
9.560187873626663224e-01
-6.591671627520954979e-02
-7.629832297312724165e-01
9.093600078908359308e-01
2.617321391313193746e-01
-9.407390194405154116e-01
3.024775689242896748e-01
4.614782435777478042e-01
-7.092689397012532648e-01
-5.513291869821859703e-02
4.944314018245243858e-01
6.727160564126849485e-02
-7.813899642377276633e-01
9.436725586334141491e-01
-5.773849137954436550e-01
-8.844328904438876204e-01
9.537256715975217514e-01
1.402474129361023225e-01
8.973952391917403570e-01
-3.299341040388316659e-01
4.966718099105257300e-01
7.107692997842189886e-01
-3.669081088927870771e-01
-5.479469783761223844e-01
-1.153184588718379200e-01
-7.025572292565434029e-01
4.841811399844444530e-01
5.339969172428254279e-02
-2.330615143706162296e-01
5.688415212406555677e-02
-5.858828786991945314e-01
-9.982963913497532316e-01
8.214077920453999315e-01
9.494703643227999645e-01
8.522984530226203059e-01
3.748711045924272289e-01
-9.789246054813087738e-01
3.253364964652166735e-01
7.580005932603883778e-01
8.387824879393157573e-01
1.397444770382131884e-01
-9.084726941951681845e-01
-6.805371946159288754e-01
-2.978490596593846296e-01
6.110362800826841800e-01
-6.262954171510659584e-01
-7.632351702316222397e-01
3.130269481118375108e-01
-7.863193907509938296e-02
6.529080059669991609e-01
-8.577702764561609960e-01
6.915568366630285846e-01
7.287410621992892468e-01
-5.372269527442593562e-01
9.788950074452773542e-01
-6.162055742009033832e-01
-9.539942279561289817e-01
9.027502376106937287e-01
9.419559781591172465e-01
-9.050900983053985493e-01
-9.621813085525474651e-01
4.733535196365069031e-01
-3.511297046828086854e-01
6.460941177850163530e-01
-9.883049822235884241e-01
-9.415323269919180227e-01
7.246609947588961154e-02
9.196940377265889754e-01
4.545794475490191888e-02
-9.184159178431203774e-01
-9.881886560137114195e-01
7.294227576024663318e-01
-9.848570035308769066e-01
-9.662457699694200208e-01
8.688135811638253436e-01
-2.525533225522483272e-01
9.391126017939096515e-01
-3.767972995976607287e-01
9.401411229411993364e-01
1.770257866675012393e-01
7.832521418917013367e-01
1.949997472751192201e-02
7.419972122665507985e-01
1.056768031653395612e-01
-2.468059276840411098e-01
-4.090500905259756292e-01
-1.940954346463075186e-02
2.185807129779941405e-01
9.578508409739332485e-01
4.712863343013576900e-01
-2.003604654148676278e-01
5.702039340935463052e-01
-1.635596895902353964e-01
-6.668615906727187737e-01
-6.579459530058293648e-01
9.857275920949407633e-01
9.752538880858180326e-01
8.708542267512182633e-01
-8.367187760012924080e-01
1.722881425104126896e-01
-1.627235965592659095e-01
3.272989197344106094e-01
4.095304055676669552e-01
6.607362508531783307e-01
9.804899649887636182e-01
-2.125395384359784479e-01
8.707160023314075570e-02
5.391289238636032266e-01
-4.806094081065653834e-02
1.514063790111598584e-01
-2.319340250822272131e-01
8.089596574552277986e-01
-8.504208919446832882e-01
-6.280341182905437858e-01
-9.878696497532684084e-01
4.290112955257556759e-01
-8.973904772271663610e-01
7.087247785503651976e-01
9.741582378933018038e-01
-2.027117003651690841e-01
-4.186479670806380060e-01
8.801460860713836709e-01
4.857373807510488861e-01
8.859622504539167442e-01
-9.353319241781153925e-01
-9.024465664731293746e-01
5.418922024146457517e-01
-1.437397662645918395e-01
9.858429145849699760e-01
-5.025316220944057166e-01
-1.805867917764199526e-01
5.323491539882607704e-01
3.845354312461242152e-01
-8.858173932174391307e-01
-9.226566317846389698e-01
-9.905965237635966369e-01
9.882653033814157162e-01
7.642017544439969612e-01
-8.149141290517716296e-01
-6.424476848387530303e-01
-7.789422003529260508e-01
7.021547234693721329e-01
9.982303601437920726e-01
-3.179286382609780026e-01
4.690627305473903386e-01
-3.090671744199656734e-01
1.132125617280960728e-01
-1.378712600079624040e-01
-4.232650306915903826e-01
3.371313520418541820e-01
8.574433945140994551e-01
-2.880584106216846907e-01
8.049635147610602059e-01
7.963884397341685073e-01
-5.556512421621375708e-01
-2.649565199149239159e-01
-9.519682144863889084e-01
5.166348584677898925e-01
5.050445904432834809e-02
7.567352405642346902e-01
2.661522886716591874e-01
-8.292983555878892243e-01
6.068506461929031870e-01
1.380714076322138439e-01
8.965566683493405575e-01
7.655549728419565048e-01
7.774681007645288799e-01
-9.083110920618677753e-01
7.677525015410548992e-01
9.791301083734722521e-01
-2.116987095963649701e-01
-6.458036976990128020e-01
8.744215790026761415e-01
7.396337656152114359e-01
4.281802424244141037e-04
8.330836251424265093e-01
5.592555267861917256e-01
-1.418041461812973025e-01
1.729846580020460989e-01
3.847264953751701744e-01
2.636719951894840874e-01
-8.111036371250233135e-01
1.644690985797214733e-02
-5.092736628777957408e-01
-2.715164586728295859e-01
5.386326668934809936e-01
-9.888248751003290149e-01
-7.104072561563045118e-01
5.894126000837952573e-01
-6.722965250448608154e-01
6.630295641883952040e-01
-1.726387692195249235e-01
-6.333596021540071064e-01
-6.090110741574230602e-01
-1.210185396757771925e-01
3.345831856300977014e-01
-2.480704868696431142e-01
2.600895839230517037e-01
-3.569235874074124237e-01
4.625990806530244082e-01
7.405356835964154172e-01
-6.671014747688873703e-01
-7.660553808981621637e-01
-7.825469619339769922e-01
6.310035247366324596e-01
-6.062782651336481310e-01
7.822028610512055113e-01
3.251043109552824717e-01
-9.061586822168318234e-01
2.362172711536918157e-01
-9.572227024803869888e-01
-1.358517603765934667e-01
-2.227708782500105733e-01
8.510340111085253900e-01
8.793386844417261372e-01
3.373867632870112265e-01
7.297606272631261826e-01
5.648631912502571906e-01
6.680926025981873129e-02
-7.923700378150029255e-01
-9.839025710336891661e-01
5.041054862885836485e-01
-7.910599845322155987e-01
4.172597108231603791e-01
-1.848041731108321650e-01
-5.153481248589807384e-01
-2.757212793471209289e-01
1.882872435753191187e-01
-4.183413092953375267e-01
7.510299135777949164e-01
9.815211734255364640e-01
-2.224108202959234615e-01
-7.054795445885242433e-01
5.803194874762770405e-01
-7.613595118102695070e-01
-9.514622542059173460e-01
-4.416329774520805218e-01
-5.678732823519142547e-01
-7.111732276230555705e-01
-6.359653576378836437e-01
-7.286103963588547172e-02
6.809191382079039512e-01
-7.792858410801268843e-01
1.614666300751907146e-01
7.273386865636751741e-01
-4.641596570124598142e-01
-7.758377649841075030e-01
8.111597746002051634e-01
-6.100546556481958316e-01
-3.317123820841464399e-01
6.023446685100684039e-01
4.740246323072048740e-01
-8.575687243330065712e-01
-7.406266934391176893e-01
-3.908952124974784947e-01
-4.711414396905182489e-01
3.707399503199474977e-01
-5.548708785774680852e-01
-6.651469468520027073e-01
4.998843473921790737e-01
2.314721301807517451e-01
-8.824900431708639914e-01
-9.358369231068235372e-01
-4.101416109608161387e-01
4.333984882265614624e-01
-5.953451595094568782e-01
5.130454130507424715e-01
9.217266737009263133e-01
-8.415459144325601049e-01
-2.251093786417109888e-01
-5.360780004160321521e-01
7.014741658999372742e-01
-5.854985970058830258e-01
-7.998845645062901966e-01
9.028304131030928659e-01
1.877246369870187170e-01
-9.592209154098502166e-01
6.139345490997739629e-01
-7.038661869672347970e-01
5.993647548438857386e-01
-9.502640471577022963e-01
1.624067009828275010e-01
6.703553408545940284e-01
2.684126727278958180e-01
6.584465851299702299e-01
-4.301445327360337023e-01
6.993854880744437841e-01
-9.664655466223259772e-01
-2.404261960290666467e-01
-2.095269306334970882e-01
-7.237231664455654467e-01
-7.356123437739813253e-01
-8.451663911561266840e-01
-9.962571881902531068e-01
9.122364856807203548e-01
-1.440479323654420551e-01
6.254720778826690086e-01
8.680488845658618224e-01
-7.264314961985923746e-01
-5.992673114934605749e-01
1.791787111153364531e-02
6.814056043161792475e-01
-4.516689560551534477e-02
8.824102084074249008e-01
9.157438412895013702e-01
-6.494472271602134139e-01
7.551011822323095979e-01
9.511254097069019586e-01
3.636585374574861085e-01
4.806639456813537326e-01
8.757726886663710353e-01
7.013495241216634035e-01
-9.717933359134588445e-01
7.367325506410279390e-01
8.217400153791228901e-01
6.774128298159955985e-01
7.629741365554750798e-01
-9.963908118876558806e-01
8.409556445741810382e-01
-1.588124482581904640e-01
7.940891608010129943e-01
7.181806357081016445e-01
1.841266195605275602e-01
9.187947143215845491e-01
-8.190411123184867526e-01
1.841345387199414541e-01
4.684239947073876587e-01
4.428969678335538118e-01
-5.177906763270296864e-01
-2.076017854635755222e-01
8.322893116675958991e-01
-6.647683431928869124e-02
8.275949730588761932e-01
3.593344198983679516e-01
3.813658176304969283e-01
9.900623450055856534e-01
-5.097673374292850390e-01
-5.432922810910998379e-01
4.556550826636143192e-01
-7.434408442242206316e-01
-8.570680598545655782e-01
-3.376970682017954584e-01
-4.690082092560055038e-01
-9.457870865203131805e-01
8.431756494104665212e-01
-7.320853831240619058e-01
-7.173183614649679685e-01
1.288668129376687177e-01
4.198323744453524853e-01
-4.626507342316016347e-01
7.697488651353734390e-01
-8.795554890626704481e-01
-1.443920167831231338e-01
4.831837023342668846e-01
6.876948140001057919e-01
2.808234002184458733e-01
-5.297769608266076347e-01
4.331046689602768285e-01
2.310863713592884172e-01
1.897777190239874345e-02
7.157352459427083202e-01
-5.934041592269477527e-03
4.118751738824335540e-01
6.179179185209698888e-01
-5.757587381891507983e-01
-6.122592200746710400e-01
3.302381721493864997e-01
-8.333529007244340481e-02
9.723343104698836115e-01
7.797062914723916771e-01
1.647001241174806119e-01
-1.502816714608042892e-01
-3.857361672944416564e-01
-8.028528508413419473e-01
-7.850230576824993589e-01
3.100558418540437788e-01
1.541517934951391056e-01
-7.775972887027484681e-01
6.413436470250311050e-02
1.005576978682565792e-01
-4.218809129592349105e-01
8.648242619079228310e-01
-2.395122983131627026e-01
-7.935591444220162494e-01
-3.844292305824797973e-02
6.861496088300934604e-01
-8.719769402509058853e-01
-3.987475471019460982e-01
-3.292435222213970780e-01
-9.962983153439233241e-01
8.600196596234683799e-01
6.820036376006575196e-01
-2.991811920512240652e-01
-9.923021741619768576e-01
-4.299293277485647935e-01
-6.828344599014877225e-01
5.207830112324928207e-01
-7.337395404007144295e-01
-8.123386544489885619e-01
3.007500794337675254e-01
7.150284026241793267e-01
-4.199519754275107264e-01
5.162139282788782424e-01
-7.428712413769072986e-01
-4.117990432786199917e-01
5.463074643886216553e-01
4.079680817210474819e-01
-7.476023610652365869e-01
-6.657765006154904297e-01
-5.258099494293420051e-01
-8.305975125892417488e-01
-8.847510576046010433e-01
-8.957289454362536985e-01
4.003274704800121597e-01
-8.968168184909514062e-01
7.435985169330513456e-01
-2.789594767362317262e-01
7.005527945322220784e-01
-1.937037898787107304e-01
-3.293174174905323381e-01
-9.830859121853019467e-01
-4.184035695906807018e-02
5.562264533392905497e-01
-9.597042174714708329e-01
9.905515928829726757e-01
-1.323364371505589832e-01
7.888255545970250804e-01
2.717538297435900807e-01
8.937674921021279140e-01
-4.473554090437708020e-01
-7.946711802061584562e-01
1.947801062673237549e-01
2.298406120019062526e-01
9.040286396181007600e-01
9.311605198115322501e-01
2.135078761808992948e-02
4.468841975601602901e-01
-8.508885352699089299e-01
7.132404635544076221e-01
4.424049386268186224e-01
-8.506933279251955859e-01
-8.021220981589459731e-01
-2.056653439327946198e-01
6.892319617810933607e-01
1.206908718681469761e-01
-6.060610936833898954e-01
-7.431769513663608051e-02
1.363955274421140840e-01
-4.065477195608856453e-01
-7.809244883477981514e-01
-8.166615945642501373e-01
9.578955860567570646e-01
-7.631072388690980368e-01
6.224311793857464359e-01
5.646634303795957655e-01
-7.625222148298950176e-01
-9.313782735477857955e-01
-3.782523486431465520e-01
6.734051503261893057e-01
-8.517987764489591829e-01
9.862003707331123969e-01
9.254780428715663199e-01
4.640396062054511495e-01
5.162881239332938188e-01
9.624369778592418712e-01
1.566804534983390340e-01
5.109384789608641952e-01
8.743798953199907742e-02
8.498393940222440657e-01
-2.938503035627866300e-01
-6.196060127452370780e-01
-2.437247569313294449e-02
8.801103749306187218e-01
1.190431520604154914e-01
5.237120464607518677e-01
-6.347409135143680103e-01
-9.603874333683718456e-01
3.959275741794604508e-02
-6.226523172149157626e-01
-7.020196919219696685e-01
-5.236463949224604564e-01
-8.986662544921254492e-01
2.829700333270072643e-01
3.242131283138407483e-01
-9.085625629992221119e-01
7.009967499691411863e-01
4.006596554253045728e-01
7.549871369188675407e-01
-4.100119573662394101e-01
5.300152547186869345e-01
8.676600411510515531e-01
-7.679438238201915512e-01
-4.231063148089876380e-01
7.711730583481637424e-01
5.534200191766110999e-01
-9.359879903280666769e-01
-6.130430373452939313e-02
9.453435589818472984e-01
-4.806544144865755874e-01
-7.381101262063849422e-01
-3.051330886583674129e-01
-1.765800788447471903e-02
6.069382965574311450e-01
6.577862113188495119e-01
-7.069886674546695948e-01
4.337862515607672220e-01
1.149285920871018635e-01
4.338714312143884255e-01
-3.208837309571739294e-01
5.268364640696459045e-01
-5.103222895760370914e-01
-8.185922876701879902e-01
4.388705935776320843e-01
3.463786133470687922e-02
3.409150598486700434e-01
6.321581223567598329e-01
-4.725655893554930320e-01
4.078772156388354997e-03
4.042382250386938880e-01
-6.148686330752154428e-01
-9.702400063549809772e-01
5.507566648905729556e-01
-9.890294147668269309e-01
8.165130201981676272e-01
7.673518700613335408e-01
9.348906250242567939e-01
-3.909985412813534733e-01
-9.709342377259753132e-01
5.287772598872625407e-01
-6.047199087198703582e-01
-9.740673998353699403e-01
-3.838224716512350643e-01
-9.101197791524678893e-02
8.025846293867242576e-01
-8.281002016325154091e-01
9.434143606282495709e-01
-7.118642975064282119e-01
-7.275322246314582797e-01
9.869824813318638368e-01
9.136748629425814894e-01
5.606082568127731536e-01
8.923436233244561588e-01
-9.679727742470894958e-01
9.491482905678864102e-01
-7.170460764476077609e-01
7.563727449067586539e-01
6.713382718098097612e-01
8.548135938406893342e-01
3.138768009501540779e-01
-2.904306247844984368e-02
8.503443038279172583e-01
-6.757000231536018919e-01
4.158820628611438197e-01
3.622037337073789609e-01
-8.510266500261851608e-01
1.892174903758855331e-01
-7.814482234125427196e-01
9.061700393118025110e-01
4.878560736784604002e-01
-2.656699363159593652e-01
-5.711639016527021440e-01
-4.857429404822142249e-01
-7.089060949852076243e-01
9.024312488076324801e-01
5.851720671043041389e-01
3.690394074925577028e-01
7.508298969040458903e-01
4.174303972111886168e-02
6.583589787227926982e-01
7.833558752810456660e-01
-9.480800065619101602e-01
5.865460887957218983e-01
-4.336761652799943079e-01
2.188456089938232707e-01
-4.467443714802066257e-01
-6.885586960226954822e-01
-3.275424238734491733e-01
-7.903127901039606051e-01
-6.125759491123022871e-01
7.773050601240008017e-01
8.167436912893362155e-01
7.504610011035008910e-01
-5.870697624687969407e-01
-4.164999455468158529e-01
9.736722124249662658e-01
9.824017020346264006e-01
5.067531971275516245e-01
-7.290510073442226791e-01
-9.006958306609678111e-01
1.701020188475210748e-02
-2.587144639452647055e-01
-4.717907160967140245e-01
-8.075593472246204163e-01
3.302930712600845031e-01
2.545628215291623198e-01
-3.750353320562289094e-01
7.846249397533641146e-01
5.127557762186712997e-01
-7.768797722678818518e-01
5.167585928138275220e-01
9.489698456145037042e-01
-1.946583176272764781e-02
-8.777784507459922558e-01
-9.471298789265480966e-01
-3.382867609901246686e-01
5.329516977441105530e-01
-3.340274639513956534e-01
4.007660162051047137e-01
-4.284693069456706471e-01
7.767991819427992883e-01
3.752552465109638136e-01
-8.615797375764772115e-02
-5.512577969385974441e-01
8.826252976101196523e-01
-8.871592707533521027e-01
4.451712900473051571e-01
8.876340490922940418e-01
3.758628254978645944e-01
-2.750101849472648130e-01
-7.840589028723785603e-01
8.687020251873469601e-01
3.852014463970492297e-01
8.892898870665830735e-01
9.076461448796496745e-01
7.567217841461262307e-01
-5.498366487522023949e-01
-6.513045974343358857e-01
-2.618910435949203253e-01
9.424847361838388782e-01
8.667453563934679472e-01
-1.587320241205554816e-01
-7.617771325174734764e-01
9.390446920860564539e-01
9.242235356461878659e-01
5.745526063948651618e-01
-9.644355125324852729e-01
2.356408549151780552e-01
9.914613794892508380e-01
-8.498102655027619523e-01
-7.546480391146910272e-01
-9.391657824365956531e-01
1.195751667056862422e-01
8.384722764738546941e-01
7.718308456337953372e-01
1.562058832012545168e-02
-2.181333677087445855e-01
-9.119816045871667054e-01
-9.774714680505069975e-01
5.338277488681355543e-01
3.299751506993280348e-01
-4.760946124366118304e-01
-6.583149998969449745e-01
-4.468581892537789035e-01
1.511785895674477853e-02
-9.624298954525307703e-01
-4.441352870625033811e-01
9.053294731131356077e-01
-5.369095388117111067e-01
4.398510078172424009e-01
6.125261478095068712e-01
9.853915039133621656e-01
-3.290721548826784915e-01
-6.632552471691607332e-01
6.087661552330830839e-01
-9.243849684655918164e-01
-6.829708293101622862e-01
-9.043340625441745884e-01
9.001058514890840634e-01
6.615749334915498325e-01
1.136818315330042073e-01
9.137301062573777166e-01
-5.184778878655460499e-01
-9.066089730236385202e-01
-8.019209524370620734e-01
-1.135662172990474228e-01
-9.645983128335754442e-01
8.034896167336821327e-01
4.993346186823677813e-01
-9.413605694100866117e-01
-7.601694390609032848e-01
1.106697584355359476e-03
-8.517827106490574174e-01
6.238402376998953835e-01
-5.559323418135464490e-01
-5.034809925922868468e-01
-5.790690298049444573e-02
-3.325701962140510948e-01
-8.751502372941861729e-01
-7.802121742844614349e-02
-3.193496149923770178e-01
3.880169780246527367e-01
2.916080585997515295e-01
7.633330347578789477e-01
1.243349059649248578e-01
1.314949485846065580e-01
-6.425831208624330770e-01
2.636584033387361914e-01
-7.699748892752006357e-02
9.649501435992144938e-01
-7.528972883660809412e-01
-6.778412853155459938e-01
9.680741790953393267e-01
-8.484971325095886918e-01
9.474301430940330615e-01
-8.742005558876884130e-01
-2.576115552139180975e-01
2.105630394936303385e-01
-8.415571555600727116e-01
-4.569204935509372234e-01
7.746340340389397117e-01
-2.388221582156802025e-02
-9.723280689488564832e-01
-5.616041215356891714e-01
-5.327259532174463130e-01
5.726474732902016029e-01
-9.025960549163017932e-01
3.155495758608312107e-01
9.410587916055701552e-01
4.937964186076859718e-02
2.419934241440355183e-01
-6.039058356525616178e-01
-7.725508134760057377e-01
-8.859798159565357434e-01
5.689049348128624173e-01
4.588082931418839827e-01
1.885106867186500668e-01
7.511440062628778058e-01
-9.057462861290437317e-01
-6.893252875739519503e-01
7.969525790437148594e-01
-8.972010266997946237e-01
-4.297788329763417292e-01
-1.595447360203329223e-01
-7.450932374581125117e-01
8.903948893184056024e-01
-6.174816949114544373e-01
-4.599670586855054699e-01
-5.645217205876853495e-01
6.737991704899326528e-01
-7.989972273563048510e-01
-7.628012193572880628e-01
-8.123425834700668258e-01
7.787536724333432581e-01
6.591476916950647080e-01
9.966790235661251440e-01
-5.007529907937376956e-01
8.104943828167683328e-01
-4.252055101787514113e-01
7.783440174189951710e-01
-6.050348003978865963e-01
-4.486339173397058677e-01
-7.027139866208546026e-01
-8.041737883386956831e-01
-6.592523203791886832e-01
9.231420299364306858e-01
-4.105489059697997045e-01
-5.841989021124486259e-01
2.110561764797979079e-01
5.396973798144800716e-01
-2.946334236309759991e-01
-6.146924960932649284e-01
-5.727820658270748044e-01
-6.791526029242378470e-01
-8.950319350111055616e-01
-7.661175133436883833e-01
8.210851902465557961e-01
-5.469606303128607960e-01
-1.294736577918231824e-02
6.150074376968437395e-01
1.422941947050885281e-01
-4.565739537785684643e-01
-9.950539762802008692e-01
-7.494467115939186241e-01
-9.657122515689479103e-01
9.700810860449144979e-01
2.107662351442145254e-02
2.677431523382415302e-01
-6.678366561866235784e-01
9.697127385235462249e-01
-7.900511247543321458e-01
7.205439717460813132e-01
3.531471633627919493e-01
8.832110962731759551e-01
-8.703412113345413426e-01
3.816367399592374143e-02
8.785781394172191838e-01
3.782476992727423770e-02
7.883255604350446477e-01
8.049625165665696969e-01
1.740069555438651938e-01
-6.387765270458569677e-01
9.494028041151516550e-01
-8.407181463335133831e-01
-8.202082841103142119e-01
-5.738644391033680403e-01
-9.702576225551848843e-01
-9.712201364040161655e-01
-4.264765730102172414e-01
3.024996929484900510e-01
-2.373222530610463732e-02
-6.144295561449041321e-01
-8.975143131178323630e-01
-1.909512289660654782e-01
-1.937404725669667482e-01
7.734330735878686136e-02
-7.628296754662312606e-01
8.449508432589599716e-01
-1.533160717188223887e-01
-2.827348199782805938e-01
-8.185434992614577521e-01
-1.630571791024372219e-01
-3.860703761860825312e-01
9.751829135526616232e-01
5.072332489203629224e-01
7.923573556464234002e-01
7.673511490462404661e-01
-8.954911974323204182e-02
6.280286628104255753e-01
-8.158334703620356843e-01
5.911987660159132574e-01
-8.962184748020902703e-01
-3.102124146770571245e-01
1.975791093051479097e-01
-6.895033471506147871e-01
4.334655637499795766e-01
-5.889284094540674364e-01
-9.446755753580479142e-01
7.824202006946961996e-02
-7.035516133718850984e-01
-5.026286712530023681e-01
-5.795502733634572134e-01
-9.764842590153945956e-01
-2.526111536963540072e-01
8.263623729191149625e-01
-9.151293306435632768e-01
-5.140519648772755579e-01
-2.328633868892642234e-01
4.845088159363445390e-01
-5.830910420180321907e-01
-5.677650823541591230e-02
6.094877505569953335e-01
-2.840234325206092425e-01
-5.644415845423207401e-01
-9.795686677934087871e-01
6.454661337042221225e-01
-7.549657684837571825e-01
-5.114695321060678257e-01
-7.070270712209087982e-01
2.600295260136101239e-01
-5.194906954380229536e-01
-3.701847017007394158e-01
-8.138117880465767229e-01
-2.833296352897939352e-01
-7.311179562284314537e-01
2.803795314078272871e-01
-1.116535061322199707e-01
-8.247195790117781700e-01
5.832356950891819380e-01
-7.293870194117256789e-01
3.534129481819657803e-01
-2.351313341118580480e-01
-5.956424701653394438e-01
7.278409064230417780e-01
-8.430209970512411166e-01
8.938453456632997618e-01
-6.514317825349466018e-01
5.369774281003421024e-01
3.579258048585876595e-01
-9.922095366739058786e-01
-2.396403582720805503e-01
6.145470604344315246e-01
-9.949822753032455669e-01
7.689656782747582575e-01
9.533470350987806041e-01
-7.853606205274636931e-01
-9.834765798056420705e-01
-4.706165466956181431e-01
-2.162380089761747337e-01
3.814903566118206246e-01
6.009148942928428383e-01
-3.182690275223578613e-01
6.159623698890861476e-01
-3.692632053309752305e-01
1.634093269653064395e-01
-9.589182145803512025e-01
7.974210578877272138e-01
-7.591800966105324289e-01
9.143282497741482828e-01
-7.563507640852474845e-01
6.507191527184850166e-01
7.454538597505027120e-01
-6.789398846866865345e-01
4.338659943937150931e-01
2.875305559008644596e-01
-8.561877526786765280e-01
5.164858148885649314e-01
8.034071301113960839e-01
-1.616273780862702292e-01
3.461651078083907707e-01
-3.598322597417762392e-01
-1.943627459883985886e-01
-7.625257351820984297e-01
9.863246215776386716e-01
-6.922050351504304144e-01
4.633851626768575871e-01
2.263235716663359043e-01
-2.110438716928011993e-01
7.581358906696065159e-01
-6.575889293886815201e-01
8.381074647542130496e-02
5.313257852672375048e-01
-5.447467649370978382e-01
-9.802358610219985557e-01
1.519874956167515667e-01
-4.548602572271223665e-01
-6.302916890042457032e-01
6.896909004771828444e-01
9.347718328413568978e-01
-9.181071071088656721e-01
8.877721915504148686e-01
8.971918091004714713e-01
-6.647217208337843353e-01
6.954358031829896980e-01
2.706577814955430927e-01
-1.162501629247462420e-01
6.800882566103496618e-01
-7.298121618991028070e-01
8.710680301595996600e-01
5.369621577090158970e-01
9.733277634617292229e-01
6.618367734195080843e-01
6.503490664013522604e-01
-7.372247751826660478e-01
7.473060947510341556e-01
-4.339064714723094296e-01
1.263654957117007482e-01
4.220521330372873359e-01
8.621730743995795754e-01
-2.848969336695843513e-01
6.512824070604081861e-01
-9.681331874466101439e-01
5.420757134008464817e-01
-3.686928525678414004e-01
7.457171562972150225e-01
-6.878129887229191830e-01
-5.342924144144538534e-01
-9.211962647784370795e-01
-6.518709734960511648e-01
9.644694404485911754e-01
-5.823714154906836082e-01
-5.622107884422170715e-02
-8.214062506465787949e-01
5.623197801746365743e-01
-4.206659207973266756e-01
3.664620865400161631e-01
8.158743837667632448e-01
6.645691388229457708e-01
-2.952721860464956327e-01
8.576747256585330881e-01
-1.884534131182136196e-02
-9.972468126720295256e-01
-8.990852019020685315e-01
9.788100143368042572e-01
7.897977743882461654e-01
-8.298224083816487795e-01
4.417001118003170412e-01
5.628639333160085495e-02
-9.615726000012171371e-01
-8.483090677196776230e-01
-9.542574473403249158e-01
9.506358091787339148e-01
3.595503491475185442e-01
2.195076739933414789e-01
4.765609424663310167e-01
-9.514198370251388814e-01
-9.728594854319637664e-01
3.634574256239396783e-01
-9.846799947381293938e-01
-7.042256023661206399e-01
8.894849248653178275e-01
-6.954764338992115436e-01
-7.031821219461864558e-01
-7.627016653211811104e-01
-5.148086645814486939e-01
6.213874828457078836e-01
-7.067043575668569000e-01
9.062051908781240117e-01
-7.577639322445395287e-01
2.816044554862784377e-02
-9.908794521224281171e-01
1.729915364820635432e-02
2.389379972343383951e-01
2.264141425674256192e-01
6.754834745465899681e-01
-8.907753067712638195e-01
2.769044623336835431e-01
-6.554960918880108345e-01
-5.345096471963071139e-01
-6.931878769757396919e-01
9.734861348347630949e-01
2.584121992476985930e-01
5.520648304187689148e-02
-1.287273724119608886e-01
8.543126178029708528e-01
-6.808659678139619142e-01
-5.702213418255899224e-01
9.247999306216463378e-01
9.803012953314282907e-01
1.502134188737352938e-02
-3.058424965480125435e-01
-8.825112017347811477e-01
8.739109892933740742e-01
-1.905744858659189078e-01
-6.723380783327237431e-01
6.919074672202988330e-01
2.934635942651059315e-01
-6.790918057425837651e-01
5.227272522517614206e-01
5.670588523666191261e-01
7.515247140626154509e-01
-5.164915670766208056e-01
-8.761782470600620876e-01
2.875002177011343196e-01
-9.103181315041655175e-01
-9.694675604710667471e-02
-7.933634370292389493e-01
1.915329339310186119e-01
-8.561174756544327469e-01
9.582775132356446957e-01
9.072821001371826899e-01
-1.747960265827036563e-01
7.580432210864562759e-02
-6.173442786989262743e-01
-9.543676204139648345e-01
-8.334538449494059975e-01
4.321584780041885510e-01
6.993836131492253694e-01
-6.717223424897303952e-01
4.000631359399229314e-01
4.095315464639590619e-01
-3.482528671305123447e-01
4.856103773063528695e-01
-2.730431516355721344e-01
-5.001151468900169039e-01
-9.785584901161576976e-01
-9.645380925692669249e-01
-7.016826364428782048e-01
3.231521080370394206e-01
-1.345363703644596454e-01
5.405520587005298028e-01
-8.448079312110334804e-02
-9.167290269190145890e-01
8.735200749568288181e-01
-2.930794413985165492e-01
-5.113254307880388261e-01
-1.394205289050420293e-01
-6.428542375628411021e-01
-9.767597863849555306e-01
1.471221618512018325e-01
-9.729474104738912166e-01
-9.817447303787769225e-03
8.641617449285552421e-01
7.572252995998939307e-01
-8.445796085838430667e-02
5.267586466066997986e-01
9.614873710526047335e-01
-5.482379856553195596e-01
1.822807554514427886e-01
-9.611705903124996286e-01
4.598303839677960747e-01
-2.493388441323045601e-01
1.299487081312128423e-01
-8.372928692331828016e-01
-1.905803349072472397e-01
6.287361041455878929e-01
5.321671199440285438e-01
9.548717145486663727e-01
7.333792110935493103e-01
6.333711680934106525e-01
-8.641907269752100440e-01
-6.330270646907791843e-01
-4.538622847251866932e-01
-7.854469941372103081e-01
4.728811933167461068e-01
-4.941331362336653932e-03
-7.541919182061347648e-02
-7.245133676515927990e-01
-3.046194641730157193e-01
6.747400536489545075e-01
3.568322195148003195e-01
-7.387111006033719729e-01
-6.798320115588558643e-01
-7.502090917851489404e-01
-3.650234745082365229e-01
-2.439769502418495106e-01
5.321273295400585912e-01
3.053433497132566621e-01
2.564036145145695000e-01
-2.832349913352456561e-01
6.004574306228227520e-01
1.619746186269599153e-01
-7.086769760512968697e-01
-9.188806252734458280e-01
-9.855065919117621531e-01
-2.977680560710979085e-01
-9.283201836540490026e-01
-7.508812316843216372e-01
7.933741355712256027e-01
-6.072880483425130427e-02
7.724884365470267023e-01
7.702136786793323253e-01
8.516404994640180970e-02
-6.461086497931404216e-01
-9.528939157938300930e-01
-2.590623084978461721e-01
5.384892036013287919e-01
-4.826210980258065497e-01
-2.963524035263458978e-01
-6.327245176882435596e-01
-7.920186365712671428e-01
-2.548377418898822855e-01
-9.672720500337941840e-02
3.932936486514138075e-01
9.849561791117050769e-01
5.986550569194416527e-01
7.462903515451664305e-01
-9.750151547412383435e-01
-8.503277987873653077e-02
-2.987495275401460537e-01
7.208088260078667764e-01
8.519200764020572469e-01
-9.306700934035019301e-01
6.322457817743856179e-01
-1.290781586607999964e-01
-7.695229893867318316e-02
-5.575614916442410696e-01
9.867297073348161307e-01
8.352799375902597578e-02
9.798074874395505951e-01
-3.791396220094656044e-01
-8.316178941197758245e-01
-8.465679348384392844e-01
-3.668230852933983543e-01
6.430345214249799657e-01
-6.587799819422474057e-01
2.452720499552413780e-01
1.792709362267206341e-01
-8.335640498837199042e-01
-7.232909212424816214e-01
-1.956643684744004685e-01
-7.713911715216420495e-01
4.504983923419298986e-01
-6.625397081407494726e-01
8.501862861285601758e-01
6.724877408281173530e-01
-7.471180490806900165e-01
9.111261605296601118e-01
7.077170392634568596e-01
-2.879161084194766795e-01
-6.184805753568189957e-01
-8.677955500807571498e-01
-8.392350216463978496e-02
9.071897814609026778e-01
-2.085144317085439458e-01
5.841081087955533047e-01
9.018559001313476431e-01
8.923322051746580552e-01
-4.318907594229535185e-01
-8.958966049556434941e-01
-8.897815539950271191e-01
8.290869977752249875e-01
4.962140980987774785e-01
-6.358350235768404080e-01
4.240087445125625965e-01
2.223146079996364544e-01
6.467600403034374779e-01
1.275540830171942863e-01
-3.722709943119495435e-01
8.434803865102966647e-01
-7.832480483057711051e-01
-5.986178491826674719e-01
9.485720786020385153e-01
5.894056414751387418e-01
-7.804912880329688551e-01
-1.679300752273205632e-01
-5.584361114370739454e-01
-6.893649233562854084e-01
1.265493899121516996e-02
-5.221695828036249099e-01
9.917876936933995857e-01
-5.927629695621029482e-01
-9.090409357058694129e-01
-6.386582056596648016e-01
2.520657547059311776e-01
-9.334848560778521431e-01
8.926653917486055967e-01
-9.638948014305790402e-01
7.791611649857792254e-02
-9.185736843903353765e-01
5.710302481536168040e-01
-8.359358869401631864e-01
8.094692415451854028e-01
-6.974762258591121755e-01
4.058531362407424292e-01
-7.872696332698054800e-01
-1.858861771914180616e-01
-8.713748746956594404e-01
7.690505394836808506e-01
9.232979383560513398e-01
8.438118826902651914e-01
-7.728290335023846325e-01
4.129917213941375342e-01
-8.847716216961509783e-03
3.511408346931569335e-01
7.171959663598602708e-01
3.389779399618126354e-01
4.801241528234873046e-02
-9.044610275712355874e-01
-8.472397600175962662e-01
7.452620731961971945e-01
2.857286269355068242e-01
-9.590776303691450622e-02
-5.022891569324937633e-01
1.328309609546517722e-01
3.197723965546918068e-01
8.671190769990699820e-01
3.265309658604577114e-01
-6.678667755544029916e-01
8.886393403931677204e-01
-9.593923503113269691e-01
7.467785460898386241e-01
-5.569828422339420104e-01
-3.393425848672361189e-01
-4.276688390650349447e-01
-8.744293777825469238e-01
5.927429555873955924e-02
-3.488510840751191111e-01
-9.911513302150866123e-01
-8.131907164846440272e-01
5.359734328222602873e-01
9.278696116589254528e-01
4.152246861899048236e-01
-8.454345264332173704e-01
-7.721786801090492203e-01
-2.693043706536397686e-01
1.616534230542588380e-01
-9.932793971761234575e-01
1.148549082829785073e-01
-9.370828984716123022e-01
9.840367799969140794e-01
-5.326266775436537815e-01
-9.354131157173857236e-01
1.770389955192868126e-01
-4.558510893956518872e-01
5.553940566626600628e-01
7.991761521988491879e-01
8.404674493269426172e-01
-5.523451655471582900e-01
7.411776905800614434e-01
-7.195061456888912632e-01
-4.422456460969385050e-01
2.138266019185794675e-01
6.846991386639824650e-01
-4.638073492795971031e-01
3.006378635455511650e-01
-5.396571909411906898e-01
-9.297849119316057287e-01
-9.331516628788296686e-01
-3.293648757092485502e-01
-5.803424424621537181e-01
9.911107887439918329e-01
5.016567325550074230e-01
1.730910089355800485e-01
-1.554436285002298579e-01
-9.053550912907905035e-01
7.473338164739650180e-01
-7.004256992795505621e-01
-7.871903519322760445e-01
-8.675436701042896770e-01
-5.488662383667817224e-01
3.084047404122806646e-01
8.557969604033851541e-01
5.888672897688096430e-02
-8.524717800397346723e-01
-1.858733898461042422e-01
-8.314336796012158359e-01
-1.556427602178786784e-01
6.396754085048889094e-01
4.421376929595009081e-02
-4.528941928003155093e-02
-3.250980909046556344e-01
5.809467810566988355e-01
2.772707804484535465e-01
3.012578969576920618e-01
2.956313093607643161e-01
1.133466873769237160e-01
8.656987562174032202e-01
3.993504733660155348e-01
-9.865145990246318997e-01
-9.616473705200248023e-01
-9.504569166188044926e-01
4.427959875423074232e-01
8.993151165223373100e-01
-4.957187759752871292e-01
5.954033602323497432e-01
7.037777940623536344e-01
7.829030889176675778e-01
1.899388838243474820e-01
4.107078288310704872e-01
9.296104226016033145e-01
1.452889404487370806e-01
4.911413865142065238e-01
-8.139894916996044394e-01
6.070380232829110101e-01
-3.648489148938752757e-01
4.010817799090304336e-01
-2.101714925705692461e-01
-7.753922521574507787e-01
-1.114902794530773789e-01
-9.656450049843803285e-01
8.651799399952415648e-01
-6.725812819248843111e-01
3.909226304343819680e-01
-4.386638295656274944e-01
7.495824287621413173e-01
-2.012647196974562680e-01
-7.967630395222863315e-01
8.664230121440610333e-01
1.394592477217976301e-02
2.067220920773621962e-01
-9.573285054801811134e-01
-1.961832269253585836e-01
-8.795411285122713974e-01
-9.125075266590195744e-01
-2.199595157998916473e-01
-4.461212741398340453e-02
-7.040525858423738459e-01
9.393222791951630901e-01
1.342048455213815106e-02
-6.126726795095926992e-02
5.659683453814414733e-01
-6.048816350057598656e-01
9.189015549892809442e-01
4.618067145391070438e-01
-2.257741498735532648e-02
8.806860009221199048e-01
-9.673136383571357966e-01
9.760425301111064211e-01
-5.466782203473934398e-01
7.340805613534481244e-01
-8.464392406117614565e-01
6.908495541639336768e-02
-8.094205556920119893e-01
-4.435412550252352815e-01
-4.381317252370842130e-02
8.056624721229206365e-01
8.952736385654374018e-01
3.976972833692624665e-01
-9.190714778179619460e-01
6.667940154070605141e-01
-3.165417302728341098e-01
7.480275992567085863e-01
-9.817000461876685957e-01
3.971288629751875132e-01
8.859426500641823243e-03
3.818816724195169821e-01
-1.971618388513181053e-01
9.034305561007992535e-01
-1.453653003361005669e-01
4.939670010568555369e-01
-5.252521656972001241e-01
-9.880455337624793888e-01
4.264304692632138183e-01
-5.084087301101499756e-01
-5.290164884761614505e-01
9.744076644705038648e-01
3.323867941923147606e-02
5.649866796420474069e-01
7.884489484217428457e-01
-2.002602625409626858e-01
4.675696836480502383e-01
7.057743052318301569e-01
4.207705044711168574e-01
-5.939693968890906728e-01
-9.199196069163486644e-01
-9.913258599972328833e-01
-9.099153262616817006e-01
-8.549649221462456428e-01
-8.376234062805971714e-01
-9.276841579111089198e-01
5.675805653772154624e-01
7.160245904021860230e-01
4.795557724895990748e-01
-6.317818306587820176e-01
-2.987726860035483378e-01
5.792247346036074607e-01
8.608243647196682780e-01
-2.925398300599044710e-01
-9.580345205409650511e-01
-9.761898365773171715e-01
-4.299579418931553931e-01
7.043271396973038723e-01
-4.560763847573942598e-01
-7.784600914905019931e-01
7.000013149202958251e-01
-9.136392147675020947e-01
-8.343259955283545137e-01
-8.806038752679268278e-01
-9.968656266531118471e-01
8.813924418117056181e-01
3.199862226877519533e-01
3.640585492208955332e-01
6.375016598189869876e-01
-3.776318013215184122e-01
3.054474414630886647e-02
8.426282469017030152e-01
4.742396436382934621e-01
-7.722827696256046037e-01
-1.560128479030742921e-01
8.685316815674857249e-01
-6.305284190902598063e-01
-9.932484027186880837e-01
-7.286710711130505169e-01
3.083311797300276047e-01
-5.854427812600779824e-01
3.646875149293019591e-01
9.871297204134212855e-01
6.543924278283486107e-01
1.768332270191186328e-02
-6.690085169424785372e-01
-5.467555752423536308e-02
8.824804360931676195e-01
5.262405177213459462e-01
-3.547106499428598902e-01
-1.780915413615993259e-01
-2.717956746823522174e-01
8.285322543416464569e-01
5.237467031964041508e-01
-9.776542492233812887e-01
8.272073073238092045e-01
-2.199570253993059499e-01
4.960110963362748815e-02
6.423677470270632295e-01
8.483654810483730602e-01
2.781283562823225197e-01
-2.387464143529959282e-01
-2.272152074132117172e-01
-8.922600090008666607e-01
-4.962127722947054509e-01
-6.211671466250215934e-01
-7.158889079180977832e-01
2.667998794443074417e-01
-9.204358626276309963e-01
-8.042087962672862522e-01
1.017606093375068022e-01
-4.815486106337349970e-01
-7.101634491322212916e-01
-8.994973006508222291e-01
4.774179211121986066e-01
9.096026183084239269e-01
8.768721853017311663e-01
-7.000627810744070034e-02
-8.946730096964523593e-01
-7.240582748015984560e-01
2.319908237257348183e-01
-8.341855630880078420e-01
1.854523816164672378e-01
-1.066086880795777819e-01
9.794369614118358935e-01
7.900043753047241157e-01
9.140922073989031782e-01
-1.745934003772099952e-01
6.884616235443463683e-02
2.353718639775534416e-01
5.641478761441515166e-01
2.478144052015477383e-01
8.167545786414522890e-01
3.983208401631818107e-01
8.800691658701856879e-01
-7.428153973804823007e-01
9.983605072364889477e-01
-8.244066934610816411e-01
-8.458802903291411379e-01
-6.863263531177827836e-01
-5.640256698706855865e-01
-7.804862669368374251e-01
-4.857763729686330745e-01
-4.209940154874555751e-01
6.294301965232957929e-01
9.076403175498772846e-01
4.769688503905391008e-01
5.470295596092652479e-01
-8.640987421961723314e-01
-7.936546117647877985e-01
8.381273054111886278e-01
8.063550193323615334e-01
-2.621839908210229497e-01
4.538393731613526993e-01
1.918891592897294940e-01
-7.144118458889543444e-01
-1.798268519417186295e-01
-8.096747915044458788e-01
7.034508047692169530e-01
-9.035492491027133921e-01
2.389033407527022534e-01
9.303799424951428865e-01
-6.216290280589507056e-01
-5.549670152438069826e-01
9.083743468093556928e-01
3.160664286274065260e-01
-2.605880117278368546e-01
-2.177796938836308038e-01
-5.338133135825642306e-01
2.160947847893611162e-01
-3.297247137896728297e-01
-4.448619355124680541e-02
-4.084684889566261856e-01
-1.356454369095117518e-01
-4.355918168517156075e-01
-4.973135223308167152e-01
-1.857161511974086965e-02
-9.513585678725723360e-01
-3.469529039239855894e-01
-5.698979601221714208e-01
5.891589157128435117e-01
-1.375777707868291455e-01
7.537205115169692826e-01
1.708073145466186271e-01
-1.717005271467421101e-01
2.950181490322331679e-01
2.298318523010496328e-01
9.352184377117220837e-01
-7.780245281067610374e-01
-8.900373001796740846e-01
5.285139966488011654e-01
-3.050108957805657273e-01
-1.649138804315782303e-01
9.490239089598107025e-01
9.612519538099029148e-01
-9.875754277495629729e-01
8.487133828838095972e-01
3.276813182373617406e-01
6.189511247832988339e-01
5.222016460001859262e-01
-2.107283268042482727e-01
-1.786312727292025115e-01
2.876530311520748007e-01
-8.516325700260558573e-01
-7.506299733002697039e-01
1.607830750880261950e-01
-1.103882499570046916e-01
-6.303599810271380832e-01
1.949994625678121429e-01
-4.263082633230798613e-01
6.267600827210850767e-01
-1.657423462116767165e-01
3.195473781567075289e-01
4.538105957485517039e-01
-9.060513158187053495e-01
-5.012121857848704787e-01
-8.403468666250407670e-01
8.945554641438658861e-01
-2.442944406685696179e-01
-5.433392215162501371e-01
9.748303401432700799e-01
6.890783109729662348e-01
2.069819378344679439e-01
6.789866560921020699e-01
-3.661526687467555607e-01
9.788548925419748858e-01
-2.401043345186493760e-01
2.381651006449212460e-01
-9.903097891455167057e-01
3.168815762273848868e-01
4.792842622503460381e-01
-4.682183204457434633e-01
6.400959948309020708e-01
-3.935480458305989915e-01
-5.473123548359534185e-01
-2.952490509825497211e-01
4.362652970166773780e-01
6.313440549873385876e-01
-5.070650952342211637e-01
-1.357118645142883495e-01
2.215183474155522081e-01
9.873798791588901391e-01
6.550020070617372792e-01
-4.053136318363758095e-01
9.241400305319953379e-01
-3.388127268973729067e-01
4.919246237543291600e-01
-7.861157364830253513e-01
-5.468932432938359289e-01
-9.237256799152409048e-01
-5.752992046958707029e-01
4.978080189559075941e-01
4.918507801819724801e-01
9.076674906513721997e-01
-6.456276520442290057e-01
-5.868456141525870695e-01
-6.170683937688781207e-02
-7.619809703532147704e-01
-9.299761453679328271e-01
-6.235916063180260149e-01
6.560359376128942488e-01
-2.179397081680548021e-01
3.763999499150835759e-01
9.178708409160903914e-01
-5.514934088189782369e-01
8.472775181709775172e-01
1.657828387225054878e-01
-8.445826788982878641e-01
4.780294596012404362e-01
3.649287913846981368e-01
-5.602757381223288924e-03
5.445955613340242030e-01
8.199383597897471621e-01
7.747581372790560694e-01
