-8.888859282129771833e-01
-6.742101653656555893e-01
-8.243881227272464862e-01
3.711924845672287532e-03
6.562387892437797632e-01
-7.538198091281370639e-01
1.530653259482758488e-01
8.486854084260984088e-01
9.871079963448086136e-01
3.906302605655648241e-01
-8.533470583270106324e-01
-2.520543408023146470e-01
8.854396378322184624e-01
2.039331409235509707e-01
6.849397192146047253e-01
-1.165283412603051738e-01
-2.224015441768955603e-01
-7.102229892000080369e-01
-7.157857928013258153e-01
5.175733363213534943e-01
-2.933902775124857393e-02
-2.010830154962493788e-01
-3.074709638420370927e-01
-9.261846459641513984e-01
-1.410647936956217763e-01
8.293017389666472727e-01
-8.058647038407361629e-01
-8.747641016253590585e-02
9.744987066401080700e-01
3.406626854605198651e-01
-5.320913542760077330e-01
-3.864032947716664612e-01
-9.497716389344366128e-01
-8.569849913475712233e-01
-8.198101668977251233e-01
-8.353049619957159111e-01
1.177545801474741416e-01
7.447705749006230391e-01
2.177483431293830707e-01
3.696704725681121406e-03
-8.423788333865855904e-01
-6.403309341359815221e-01
2.560040366994031924e-02
6.723895932038813639e-01
3.191037686100950954e-01
-9.327767927421214411e-01
9.396431859363248984e-01
-7.663631628968947673e-01
-2.499981779689234851e-01
9.155974140158589236e-01
-3.426894485454596295e-01
-8.876830875448986635e-01
5.568610365369977000e-01
1.441635789701846138e-01
-4.367118271918855044e-01
-1.415554431197532104e-01
6.565732114830448163e-01
6.332536598679829876e-01
8.766242981431611181e-01
-8.035386322551825167e-01
8.957112144912661167e-01
4.270873332212382634e-02
2.162444931510193458e-01
3.376566269258687303e-01
9.343626572278905806e-01
9.466416891487559049e-01
-8.320356466583804789e-01
-4.455536507185405837e-01
-4.969020764274942881e-01
-1.866622778100623936e-02
-5.210916628908972559e-01
8.683825216279466019e-01
-6.174964086758146786e-01
-5.482504767841414051e-01
-9.272153158986987664e-01
5.549584179799327277e-01
3.047987816485220880e-01
1.206125082285161021e-01
6.842778625361465306e-01
-9.608899659813346927e-01
8.635152097747700317e-01
3.299472257564849964e-01
-9.545871143118747071e-01
-3.751000978204742653e-01
-9.289139222607376567e-01
-8.358105443947259072e-01
9.142636960094918663e-02
-6.055178902432285515e-01
3.441166272213461164e-02
-7.956441800661693264e-01
-2.885941764763378936e-01
4.280732853472403732e-01
-6.859508276426604656e-01
-9.214630329871352776e-01
-2.191333840139725875e-01
-2.417999144690729241e-01
9.309052125596751770e-01
-3.580822402020837625e-02
-9.402717740501829180e-01
-7.979582914965346330e-01
8.396726578431534804e-01
3.536083482603261663e-01
4.956424142038722835e-01
-4.264472790830814430e-01
-1.731679991987101208e-01
5.520230884609791389e-01
7.153561306452596025e-01
-7.580890156734495511e-01
-7.691169581588930271e-01
-9.488634157113742251e-01
7.971049493354014359e-01
-8.359703254717200105e-01
-9.685141332857802876e-01
2.573284895726229982e-01
9.488631648235770211e-01
-1.339772971982947092e-01
9.792237843515408935e-01
4.328898507213126412e-01
3.485943906426690608e-01
-8.649468665539279399e-01
-9.251990956284095180e-01
1.204590114396041078e-01
6.562120821056178777e-01
-1.650452569501531241e-01
4.509897576188547363e-01
9.890981771753468710e-01
9.231651352536569544e-01
-9.387218213459522786e-01
-1.915246788760073815e-01
6.671725631354045172e-01
9.048563698499416663e-01
1.241531632364151483e-01
6.267890922931006470e-01
7.677877642047947759e-01
-7.012340157705980737e-01
-7.230539399464976924e-01
-1.471276014371774576e-01
-9.503729014487803939e-01
-9.673867307218447786e-01
2.057625530582731788e-01
3.425995834997411227e-01
-3.747759791771116955e-01
-2.356076581739290354e-01
1.531262397596789282e-01
-4.338042038460611094e-01
4.873617239127427947e-01
-5.065433236419977225e-01
3.055438808941269291e-01
-3.154247184567284812e-01
-9.397868826670831011e-01
8.193866369538670424e-01
7.979372435431779653e-01
-2.002019734547156871e-01
-8.797734921776747541e-01
-2.026645646081433605e-01
-8.112278430407339203e-01
-5.206319439626055923e-01
-8.850015311787433614e-01
-8.998948524340454336e-01
5.237931173674243990e-01
3.422170481633708405e-01
-8.070295430386794644e-01
-6.263617708201475454e-01
2.391745502889784658e-01
1.999069799438060180e-01
5.261852971547751334e-01
-7.319209416286092118e-01
5.687594814912941832e-01
-9.827287985368433620e-01
-9.279010329176120564e-01
-2.573390548440389614e-01
-5.598036157330709139e-01
6.805807195125265219e-01
-4.774604586266181228e-01
2.921249786411307947e-01
9.794591798576584019e-01
2.156735252211937348e-01
-8.651847164675570134e-01
2.962915840644581023e-01
-7.326486442878563654e-01
7.808889532311105164e-01
2.249322711295410615e-01
9.766691715987981803e-01
9.170751523627151958e-01
-8.157716167922801631e-01
-7.252202332549942954e-01
5.746378554777136216e-01
-9.915248292454718060e-01
-9.847894845317335388e-01
9.943851576770937895e-01
4.019727326518440225e-01
-9.991117512922653709e-01
-6.636493673106989011e-01
9.623827419574954023e-01
4.111034624366486367e-01
6.853914553345309413e-01
-6.069878541708808584e-01
-3.632827783273381850e-01
-9.283774774884692160e-01
6.569062998105057449e-01
5.184888756993472070e-01
-7.968096516407425778e-01
-1.612464292752908146e-01
3.770257834835271105e-01
-5.608760162375102665e-01
4.030051199493172587e-01
-2.558091715190416449e-02
-7.869202601522520268e-01
-3.817441156387169077e-01
-6.175747656208754321e-01
8.420294883094743277e-01
9.682980762569527444e-01
5.690461921433788151e-01
2.296858196054318846e-01
5.079353618643676072e-01
9.030521261074726524e-01
-8.655085492424445803e-01
5.864537481815483844e-01
-9.149024377290400079e-01
-4.402455638875814037e-01
-7.298632370374397160e-01
-3.134928479491772002e-02
-6.511810671462752165e-01
6.874480467192281008e-01
-9.932529160535600310e-01
-5.517714976975638397e-01
-8.801365710102390105e-01
3.014849056303239294e-01
-7.229783226708151878e-01
8.660948818653642078e-01
-7.769767773343061457e-02
6.017408850150008925e-01
-4.109885198910914750e-01
8.740076501456166547e-01
-9.729280255419348045e-01
-4.439864770165398156e-01
-9.273659848770976488e-01
4.919801809354942268e-01
7.444079654287864001e-01
-9.172389399008922251e-01
9.101454370899364488e-01
7.373658729383962829e-01
6.342035431036108228e-02
4.566942612474141905e-01
-9.253423469895902809e-01
7.985081624675657297e-01
6.374587808648284337e-01
-1.963071073101376740e-01
3.758280430275180439e-01
-5.986374358821628938e-01
-6.867321621060430425e-01
6.916904113851378710e-01
-2.622636975060769760e-01
3.794811413972418168e-01
9.634028052952876564e-01
-4.760266967964781326e-01
-7.403968155118269001e-01
-9.645007055493755033e-01
4.854814720907935643e-01
-8.398840972552519268e-01
-9.773673020649107368e-01
6.388003486278009957e-01
-2.054168516917606047e-01
-7.734368374675751889e-01
6.856144543733286301e-02
-9.508600410435837924e-01
2.683817264364485311e-01
1.910544955608672879e-02
-1.997706826797903401e-01
-5.380852444188509720e-01
9.919527235681171451e-01
-3.986939059518994632e-01
-6.114703755017820708e-01
-8.400729314260902969e-01
-8.672307209135111661e-01
-5.214944945910436891e-01
-3.619197637555428004e-01
-2.890734739224928296e-01
3.884171921232976721e-01
-3.442899051926513465e-01
1.397776796659551679e-01
-9.442243111351993345e-01
4.407217015569147023e-01
8.252061631183947865e-01
5.693824126472110114e-01
-2.915223804782890449e-02
-9.665891707632983110e-01
-8.423311095950076766e-01
-6.785992178825713816e-01
-1.538852138609690112e-01
-1.365799599062076930e-01
9.944466057988564645e-01
1.508827494854746987e-01
9.276997211592649117e-01
8.397343829726403586e-01
6.497562053730234766e-01
7.556054746828835267e-01
-9.235583810967273877e-01
-1.608256797539164007e-01
-3.569083773882835708e-01
7.579390725296448750e-01
-7.748935960392799860e-01
2.270358658204624513e-01
-1.546933543765817154e-01
-6.676227364289979427e-01
4.831255511417479886e-01
9.265371773796475807e-01
-2.811304849181498478e-01
1.913620754828565806e-01
-6.494519851665074839e-01
1.091564206241660839e-01
5.890806721851382655e-01
6.477236954334730790e-01
-2.197662817017203007e-01
-3.678603793940155020e-01
-8.969571781203893313e-01
-7.375202141435931447e-01
2.172549998718158459e-01
-9.995358911288532155e-01
-7.150107037298231161e-01
2.868965478461857899e-01
-3.009515446560624974e-01
-7.535955104366007795e-01
9.289832530465900184e-01
8.326082821741409568e-01
3.681023074821078156e-01
-6.858106151792313643e-01
6.400620237198797469e-01
-2.005247200903440274e-01
3.477278952010314228e-01
5.165627613192229628e-01
5.483001905410092025e-01
-1.338014181969560679e-01
-3.106985990773571960e-01
7.708653283262878464e-01
6.200855113020383724e-01
-9.795275339715199259e-01
-4.877233959747082070e-01
3.611943581680441828e-01
-2.338292219605308531e-01
-3.945889244961141573e-01
7.347278239088035345e-01
4.365008256157695277e-01
7.072100478233941390e-01
-4.410010216901369962e-01
-8.847554136296825744e-01
-1.039209943494111554e-01
3.660647320688201201e-01
-9.165786905517219196e-01
-7.941773682644497345e-01
-3.338871100814738702e-01
-8.894278215022629608e-01
-6.468030873206949138e-01
3.786449820174583869e-01
-7.054660106421879462e-01
-3.848797862999103203e-01
3.031257347925695456e-01
7.595107828280316387e-01
9.113913113310270209e-01
-6.597835493628055881e-01
-5.075506328341600204e-01
7.493692942813473534e-01
9.578156348662082431e-01
6.157755783014549067e-01
5.960725918753400077e-01
3.556261989325767425e-01
7.013066805189297481e-01
6.447346288466655473e-01
-3.958594648249700865e-01
9.916637180002223495e-01
6.397597925502592764e-01
6.206662711056891713e-01
-6.289425513221256203e-01
1.208735240420287238e-01
-3.050427106280473311e-01
-8.812735642456632768e-01
-5.504609612502069371e-01
2.703605753330455275e-01
-4.925591418843141556e-01
2.333050465520266625e-01
7.748109154541169552e-01
-4.658177647862483672e-01
9.604953460496601370e-01
9.126887298595608433e-01
-8.790510971068491441e-01
-9.013602334310749642e-02
-1.431982935079650354e-01
-9.751529631967981171e-02
8.490545848525755668e-01
4.856308230804257664e-01
9.558756134679708971e-01
-8.313055605946418902e-01
-8.504141963447513497e-01
-4.497836335876871372e-01
-1.353349936734699610e-01
-9.415835787028071779e-01
6.316603738708886917e-01
-4.771982656657741684e-01
1.507190831821908217e-01
-7.906069198719191116e-01
-6.765371622885349989e-01
-1.211870699005309221e-01
2.682891329109841072e-01
-9.503776898038046594e-01
9.035299411258239655e-01
7.329360373611040758e-02
9.591849115137289772e-01
1.592686402324028916e-01
-5.582507256230431203e-01
-6.145112937444722201e-01
7.259786382258393012e-01
-3.405147997199186038e-01
7.402100028479480232e-01
8.920185935949921374e-01
3.633997357314214804e-01
-3.286632372449240780e-01
5.741508214657584652e-01
-3.105562132336048276e-01
5.325557831022587063e-02
-8.248991993619635421e-01
-3.699714994229110765e-01
7.734489293302245771e-01
-6.989020092032861564e-01
-1.189125428287240993e-01
-8.208938229500847283e-01
-4.032204421434440467e-01
5.134359965389878599e-01
3.338528337852702532e-01
4.878595345662268823e-01
-9.241724012352772188e-01
-6.121504471130727598e-01
5.592371744571396075e-01
8.353896619463383466e-01
-5.292342424303829729e-01
4.308928054371983785e-01
4.692453950313664190e-01
-4.812587205334626916e-01
-4.919473418838287149e-01
-4.596394359024177922e-01
4.988162960298297421e-01
5.212705471460910012e-01
-1.877980575035068100e-01
3.944499230079523966e-01
-4.266145963547124387e-01
7.600368363169976438e-02
9.546954073584305034e-01
2.383243319403436922e-01
8.624160955111137561e-01
-9.616548900796021426e-01
-7.821760485209480196e-01
-4.594536055519277129e-01
-7.922120412220815533e-01
-9.138256568209761621e-01
-4.699217397973652899e-01
9.184245389108514068e-01
9.129082140824167357e-01
-3.800332314080909768e-01
-2.097366698838477039e-01
6.207705583316890374e-01
-4.120613879989508677e-01
-9.302486713487513326e-01
-5.341275006421377647e-01
-8.165445738095142847e-01
7.278767023836708594e-01
-8.901315224467964971e-01
3.416432464386014167e-02
-3.009411848097188757e-01
-6.526474152007724627e-02
-9.407035955745175482e-01
4.019909095643314223e-01
-9.653240821425902451e-01
9.193731405010910906e-01
6.635271751360776182e-01
-3.070159450550535296e-01
8.800092044732675811e-01
-7.640900540616808456e-01
2.572571912489615698e-01
-2.984746781729366583e-01
-1.490223286383901002e-01
-8.158957231276869893e-01
-3.967443551541635638e-01
-4.033164106337957522e-01
4.459272342477831330e-01
-9.680132193707562394e-01
9.724383677594822251e-01
-3.570441042134988585e-01
6.339437554316829093e-01
8.028742852360410964e-01
-1.723517076088781630e-01
-5.517805425952299059e-01
-7.903875347300877152e-01
4.043697850877731037e-02
-2.201787969453554705e-01
-2.363562865559343251e-02
-2.707052610729701048e-01
-7.676350951659928201e-01
9.238987596193393159e-01
1.088583473877435814e-01
1.781573881511448465e-01
9.654311517997558045e-01
-3.322684555797202760e-02
-1.585424583609066351e-01
3.922433037402944800e-01
-7.894316292709611105e-01
-6.652757250638838826e-01
5.087858428418102763e-01
3.362485368778528882e-01
1.235914635015169516e-01
7.532202756347463612e-01
9.755333999619570928e-01
-5.303596395574905475e-01
9.903844537133792425e-01
-8.092128702236852655e-01
-3.970958242139777661e-01
8.536473557231609721e-01
6.084915862113866591e-01
8.600243796973170429e-01
1.978423674801688958e-01
5.401192604769804451e-01
-9.711540531588108704e-02
-4.861676268681075497e-01
-7.961786494094431621e-01
6.072954520084115071e-01
-6.121299975568219587e-01
-8.809473849806606083e-01
-7.424416917278607864e-01
1.393989257917490621e-01
-9.616098598026281419e-01
-4.103398737267142105e-01
-5.307741911584643590e-01
-9.519165430264830974e-01
-9.474259462549174948e-01
-9.667491244330497224e-01
9.932531053719674263e-01
-1.771463988055823058e-01
1.650187192719971274e-01
8.164049000697450875e-01
-7.228606739675542681e-01
-7.210813198698422521e-01
2.314724153777678595e-01
4.416831511259582121e-02
8.532820458616008352e-01
8.484472090731064453e-01
-6.400500406796831854e-01
-1.435954731337502621e-01
-5.423022923902330872e-01
5.346934865952672755e-01
9.486570733935884014e-01
-2.441838438736046446e-01
-5.679242300940720023e-01
-5.641136579588398314e-01
-5.706905289640497037e-01
-8.379796299636046442e-01
9.715824038141200880e-01
8.025296491858751047e-01
-5.606095625941120986e-01
9.583652029653744187e-01
8.907054362642852219e-01
-4.391005996244742304e-01
-5.076372681013403554e-01
7.525427723462402296e-02
2.148916146980594521e-01
2.913402296448812379e-03
9.125800679827434925e-01
-5.143102040791882601e-01
-1.433939788858363817e-01
-3.649667508852867948e-01
-5.529715257785037252e-01
-5.570485611521990288e-01
7.618756909123528542e-01
-8.443864388774129370e-01
5.281649296723793519e-02
5.444332229121580102e-01
8.394018075009768154e-01
-3.256393925118346577e-01
-4.955451042922701665e-01
2.970061829754596094e-01
-8.363109973943393394e-01
1.199779102380072460e-01
-8.860740580183337212e-01
-7.246133396635083823e-01
-7.653627495287824711e-01
9.578778929651310392e-01
5.557216554459445401e-01
1.628252776853197914e-01
8.719329647822869900e-01
9.004506730459573838e-01
8.864419708859928582e-01
7.200159660963171282e-01
2.043266652418352924e-01
8.767141796035583523e-01
-9.243737927578576929e-01
-4.220493650643252770e-01
1.553771514060611203e-01
-9.780661283975617959e-01
9.875103850366424574e-01
5.278716667041221111e-01
-3.412083270728863971e-01
7.576215749038871516e-01
-5.441682929260838186e-01
4.205910420186183551e-01
7.453469941097887186e-02
-5.860363701895806576e-01
8.397154698629485381e-01
-5.605097349308469923e-01
-4.654670280110003167e-01
-1.344641772935259993e-01
6.784437662997524487e-01
-2.728871624551804098e-01
-4.619102808326119858e-01
8.870997692337275753e-01
-8.191826819166100893e-02
-8.787839852414509600e-01
-7.145345635485487179e-01
1.553742200071980828e-01
1.749141473091934129e-01
7.067419110416815753e-02
-5.108832846085830104e-01
6.437334025635850221e-01
-4.739747498055318919e-01
9.885441956746605641e-01
-9.239321255240335873e-01
1.965119633504316676e-01
6.801294075566497455e-01
8.471514031644747922e-01
9.962787145866458527e-02
-8.955505727878652067e-01
-5.650750523015509730e-01
1.864698635778975488e-01
5.719056569677656299e-01
-3.084745930347626008e-01
6.341511193780656752e-01
4.707489752484198542e-01
9.807215743291329835e-01
-7.464978773916770560e-01
-6.056839328015339863e-01
7.614647008638621983e-01
6.452540000950460763e-01
3.033034008198682296e-01
1.932312869752069728e-01
3.930359314892472034e-01
-6.552505993573489729e-01
8.491463188760526304e-01
-9.980858462470894032e-01
-3.095739219467889825e-02
-3.280440857809812094e-01
8.120346901388783012e-01
-8.708923478964185616e-01
-1.989473704855008740e-01
1.572438127143857556e-01
8.950254770724737075e-01
7.049631584940295737e-01
9.443286256052664251e-01
-9.083050582635139314e-01
-6.710081219859890256e-01
6.935880076501709235e-01
5.026098928855757819e-01
4.628719146131533568e-01
-2.075532295125836202e-01
-1.998158726304239963e-01
-8.244619342424283071e-01
7.130019464102648197e-01
-7.134562853263548554e-01
7.015260507522773636e-01
-9.750698830748818491e-01
4.041075526375053073e-01
6.088886148608451121e-01
9.439618328084695698e-01
9.005626426058339629e-01
8.333741345790817157e-01
-4.953506553634708931e-01
3.789066925440243705e-01
9.467505455286004956e-01
-7.800954280025499399e-01
3.858112768904553569e-02
-3.358540326362709494e-01
9.024912478537626681e-01
-2.486726662537851740e-01
-5.686313286590665150e-01
-6.066586538676694840e-01
7.166148858432556112e-01
-3.257488081678572983e-02
-9.636944566058183170e-01
8.686162313737788576e-01
-9.149162604436548163e-01
2.210524173376544332e-01
4.556567401967861475e-01
7.985954672182135061e-01
7.895776315771406706e-01
-7.456174107808007934e-01
5.718255374163923044e-01
3.026539847683049067e-01
-4.828329489162517252e-01
-6.832118721664943717e-01
-3.215740401160278594e-01
7.008956164686462875e-01
4.615537323444849904e-01
6.657398049984880606e-01
4.487142873534714083e-01
-4.049678869137477433e-01
-2.766100103854968184e-01
-1.464307683812461069e-01
7.023075462819644565e-01
5.674599665651469671e-01
-5.923303318078543267e-02
-4.786905839485492420e-01
-3.121848081253970064e-01
-6.347572449312856302e-02
6.087764483069365573e-01
4.338584259458665993e-01
8.534123358129809267e-01
2.774657954346069766e-01
-6.655332755770519970e-01
6.414397655005037446e-01
9.013079226631195984e-02
5.926093978311165467e-01
9.511814305515258194e-01
-3.945832774577340829e-01
3.920237555016350961e-01
-8.228999551020670378e-01
8.190752600039163944e-01
8.806187512243422999e-01
1.408476708896428398e-01
-7.444779893744141175e-02
-3.593091402973015991e-01
-4.796808471353957160e-01
2.101921523806489500e-01
-5.808687696663763500e-01
-8.412139907053696186e-01
-9.821509721744126065e-01
-7.746387084761003905e-01
7.605983932906873468e-01
1.587150409164474196e-01
3.752853655564450941e-01
-5.044527914448523886e-03
6.136047178054500062e-01
4.811068502638086719e-01
-6.008307621343238480e-01
7.623050403818233400e-01
2.387891591643951927e-01
-8.997573556615672263e-01
-7.033378739128598456e-01
1.856817772849926884e-01
-8.498271042719875989e-01
-7.678192765832836386e-01
9.720648382302583546e-01
-1.641747488180800851e-01
2.417907193918394926e-01
-9.953050014805506773e-01
-6.903427855073502872e-01
-5.018421310819544401e-02
-8.331056778318001177e-01
-8.064592237062198077e-01
-3.177418836593953744e-01
6.882128993590921895e-02
-5.279242531760530710e-01
7.144715157568320985e-01
5.635765050264357479e-01
-4.657829081672295590e-01
2.229820891789728310e-01
-1.805543598264024996e-01
-8.026711002150620500e-01
1.791976521670564093e-01
1.318954087103177963e-01
8.049115656436499622e-01
5.605727873147319240e-01
3.394545874908637684e-01
6.293531285047327950e-01
5.003663647929732505e-01
2.845509505344426815e-01
-9.238263608186272347e-01
5.678053720644768987e-01
-1.051703721248161694e-01
-6.369070637956844028e-01
4.303893546704176676e-01
2.474410232797774056e-01
-8.901837103414915742e-01
-9.797817993095003786e-01
3.320806559451658924e-01
-8.571100697757911835e-01
6.151306217256808928e-01
6.555766825577165058e-01
1.500458535713349306e-01
-1.572094841585885416e-01
-5.161559647950740848e-01
8.817372801849551189e-01
-8.999030793265266892e-01
-4.474253934435798441e-01
-3.038733069021399835e-01
-7.774343371782025391e-01
-9.166614196902099776e-01
4.603418560351499322e-01
8.137185668708334374e-01
-6.482063380953841936e-01
-4.067603586219170064e-01
3.108203406162474702e-01
-7.432880945245496918e-01
-7.816714595964107115e-01
3.540010852964066146e-01
-5.275880324889091755e-01
-1.369734140684999435e-01
-7.281782292060057227e-01
-8.293706811425578529e-01
-9.770542372587491808e-01
-3.057747518562372036e-01
-9.703440591322259889e-01
4.015271070537106968e-01
7.001535502188896976e-01
8.254008742978224955e-01
-3.913577459420685134e-01
1.069204703200661022e-01
4.756730960837955435e-01
-7.895305781735394435e-01
-6.584478213177176187e-01
7.996961671340632183e-01
6.494407885883795029e-01
6.675834713064273673e-01
-4.186102771381914889e-01
3.647952319280355349e-01
8.343581194880248519e-01
3.649130659771174234e-02
9.295408093478367828e-01
8.073613764488503097e-01
-4.345421661097463861e-01
7.654734599526032968e-01
-8.242195073748055378e-01
3.733355426752753004e-01
4.664603665794248566e-01
-9.641510668458780353e-01
-5.042446764200987364e-01
8.182142328164869749e-01
2.825002458672237204e-01
6.999855676837435370e-02
9.039385061796524345e-01
8.536555216936666524e-01
2.137017430020274333e-01
-2.734207500936392532e-01
-1.246004674526827588e-01
8.336407693651661788e-01
3.013788724609755554e-01
-3.227562369836972644e-01
-7.066469955646786927e-01
-2.110201410780619402e-01
5.290521477383176574e-01
-9.215585539266492043e-01
1.551908546416758128e-01
-8.876677163128948722e-01
-9.044218492591722391e-01
-4.764902340966287730e-01
-5.459738828575441127e-01
5.085141108991990677e-01
1.552589479783958448e-01
-4.456805832364919562e-01
8.932441885227798695e-01
-6.008844953780312359e-02
-1.954534840300392595e-02
7.991587746471087716e-03
-5.527798911403100091e-01
3.418666983402246506e-01
2.573542242420600035e-01
-6.978321418260257092e-01
-6.730701886032729453e-01
-5.887376229923022564e-01
-3.387472273128981914e-01
-9.230258686663423973e-01
7.569265695335447575e-01
4.018602894894520716e-01
7.866654668930549432e-01
6.902935301210637586e-01
8.415566285692102633e-02
7.265038378514960815e-01
-8.019159465692480282e-01
-7.789209795331706321e-01
-3.202929713615377261e-01
-2.748453747026185501e-01
6.995652965759037167e-01
-3.833883244666310697e-01
-8.364030377028767171e-01
-7.668841205694565399e-01
-9.887047888219979708e-01
6.794008690872070932e-01
8.586056858230387556e-01
2.229735856606613331e-01
-5.775877461438555516e-01
3.658995467475240626e-01
7.748897957317135710e-01
-6.999202347887957254e-01
-6.025492742726886730e-01
-6.171222356340676507e-01
8.958412065120169299e-02
9.791874809377785205e-01
9.135909133195279086e-01
-8.381797790351106503e-01
9.126696025532194945e-01
-7.074631469569739872e-01
8.191082544269454591e-01
3.466557908635968799e-01
3.378520367632565913e-01
-6.499258760730415307e-01
1.490802307250791991e-01
6.824003798949471733e-01
9.878428180382182733e-01
-6.406379094497587356e-01
6.336425470168531859e-01
4.327804833447089772e-01
-8.906289440724619588e-01
3.091745232707120428e-01
8.066544991278854493e-01
8.875677573632769768e-01
3.674924477918817267e-01
3.052062504156217160e-01
7.365642604331919252e-02
-7.878549189972186007e-01
9.582081442535179683e-01
5.612998057813602948e-01
-2.760017973537302050e-01
-6.959399240662367259e-01
-7.590762809732118921e-01
-8.179085192604894639e-01
-7.714270762915353963e-01
9.873066478673420132e-01
4.767700807585210088e-01
8.762933064068770816e-01
-9.105989857544308785e-01
-6.227458150260337666e-01
-5.703559173886412204e-01
5.213215798238947096e-01
-8.891876608113155056e-01
5.396573120320734551e-01
4.547898519937550454e-01
-9.870590998949168027e-01
-7.378297195296270594e-01
-7.910571561503014770e-01
-4.656034819103489486e-01
-3.546984291752748875e-01
2.177709157703265064e-01
1.321688595866465921e-02
-9.210418970659209892e-01
-1.682563842778445062e-01
-4.605753888057943501e-01
-9.069266774680817544e-01
-9.029531978931621961e-01
-5.741149671935529275e-01
-3.872653688257859383e-01
-3.982494713957064336e-01
4.836029494923361205e-01
4.024141646166505271e-01
8.166123245777376916e-01
6.607862389227029398e-01
-3.732986724777220822e-01
-2.415687911675119537e-01
-7.414269385362024511e-01
-2.263213938001865100e-01
5.855987889572554783e-01
-7.988040219561620692e-01
-1.604073882219609892e-01
-1.950669650481313688e-01
5.062353703355262358e-01
-4.802725610669936751e-01
9.090345637408874246e-01
-4.544889729476239704e-03
-9.340691616544563036e-01
8.108321923274652843e-01
3.451278942296059915e-02
-8.074570195900983016e-01
-3.147463421564555830e-02
-2.774286109499189412e-01
6.575775154288603375e-01
-4.715742976111318985e-01
3.703755458760013552e-01
2.498376421594624974e-01
-3.157794195734722198e-01
-3.261384038160889398e-01
9.880797087798155465e-01
-6.325721227283753745e-03
4.124188684939614769e-01
-4.784999039305170010e-01
5.842130393257801702e-01
-3.224534254024912783e-01
7.746129027906826225e-01
-2.128803686420405183e-01
9.183912675254075619e-01
-5.499437137714909690e-02
-7.884605343220532081e-01
-9.494512920402218281e-01
2.977198244041737718e-01
-5.052344968361029975e-01
-3.160070305022943393e-01
9.722859141553841233e-01
-7.193084433243257525e-01
-8.206644057687090266e-02
6.518025890194366623e-01
-7.297298826828511054e-01
-5.245623968301590945e-02
-3.211509083259736497e-01
8.082157801994787061e-01
7.540282371369811942e-01
-7.506439806961069383e-01
9.978825653862818390e-01
-9.264799649988296748e-01
7.152835355459958855e-01
-6.116544738324711794e-01
8.872016377648090923e-01
7.450861775228674322e-01
3.394809058137197022e-01
-1.282347627034582938e-01
7.894777259460339369e-01
8.495339103785717327e-01
-5.111486116772909760e-01
8.021097743396726765e-01
9.512643566044632903e-01
7.852331690658167496e-01
5.556680711884478541e-01
-8.962943672951196872e-01
-6.463507373955883484e-01
-7.517391200553135144e-01
-2.496911246088381053e-01
-4.279752514634506122e-01
4.797534214589855850e-01
9.468518862651897905e-01
8.026531913678884855e-01
-5.051854133277341452e-01
9.819104361161251626e-01
-1.903797530888062250e-01
-7.491441525018038838e-01
-2.799504443934637266e-01
-2.712137418935500754e-01
-7.115174424393256869e-01
3.657966839445626617e-01
9.571206204942981355e-01
5.509043988717545748e-01
-5.859474546752354573e-01
4.890624203988047092e-01
3.628361078824811348e-02
-5.682229508462179890e-01
-6.747327815446992894e-01
5.772838882933352123e-01
-4.969391859442557902e-01
1.039850863959916327e-01
-6.452971471132951109e-01
1.561250137797115523e-02
-8.498387029558893691e-01
-7.210783569946590532e-01
-9.906900474308020232e-01
6.542385415378927371e-01
3.929452236547482102e-01
2.091293598461035630e-01
2.219763079122054061e-01
5.076201375502492619e-01
9.567538247430527054e-01
-2.674932042451250158e-01
6.251806880865794502e-01
-2.185356955014583491e-01
4.603212191383715401e-01
-9.369848124077513329e-01
-6.590511386676288774e-01
9.357181358092016010e-01
6.162173257089325062e-01
7.839305723600791254e-01
1.213723057167828828e-01
-1.293562452873521229e-01
5.023955794303818223e-01
5.375265345502486802e-01
-7.487255533490134729e-01
1.214508805296390381e-01
9.129088738251625035e-01
-3.758386306376035324e-01
6.866100092102942476e-01
5.724663791478230568e-01
9.430236522519382936e-01
2.404915270901597235e-01
9.799953321209603496e-01
-7.558242141747639753e-02
9.121910197792796327e-01
-6.220996044025298710e-01
-9.865941395781500090e-01
3.646718832381812270e-01
4.833954791217434099e-01
9.313498890704174915e-02
-6.557624479679842189e-01
8.509794123029801316e-01
8.372550520992696477e-01
9.333282355908277816e-01
9.372906668863503765e-02
9.016337091310919760e-01
-9.227533183733140909e-01
-3.549288478416078307e-01
9.232486066186605944e-01
-3.430271069165239384e-01
1.953843813034124022e-01
-8.194503381502965533e-01
-6.693569784450560389e-01
-6.178496416963549231e-01
4.586253280620435913e-01
-9.920563599483542827e-01
-3.164240019358406930e-01
5.148734257829744587e-01
-3.626729332485364998e-01
3.830764761624855241e-01
2.073835460002231568e-01
2.885017593960198523e-02
5.203987728816628078e-01
-4.424594742613371934e-01
-9.596748839553301824e-01
9.525545673452457951e-01
-7.386052802685960650e-01
-8.486122041558287199e-01
-2.291230857897851858e-01
2.729563854343269313e-01
9.492277900413620406e-01
-8.418133183029519184e-01
-9.782632263601127587e-01
5.577383549062731039e-03
-3.290737321464431986e-01
-8.568563020354725834e-01
-2.680003142047727716e-01
5.606947331529898992e-01
-7.965607229445913484e-01
-6.932715769089846658e-01
-9.465112721981947530e-01
9.257540916642390538e-01
4.765882752872601102e-01
5.577598661462952467e-01
-7.760672935653076809e-01
9.094404215563745009e-01
-1.832616365052160412e-01
9.529303915230651345e-01
-6.262400710018984906e-01
6.627472515588925805e-01
-8.757980973990262541e-01
6.782693606391200225e-01
-7.681568137718164380e-01
-4.891557747852058879e-01
6.802571503329881697e-01
-8.486202574010022204e-01
-9.246211886544949410e-01
5.233262791251402923e-02
5.547774000949623474e-01
-7.767128353400520879e-01
1.491890779276588974e-01
4.583481523714330041e-01
5.460565106146364478e-01
1.428443616930849258e-01
9.801242113082059282e-01
5.252438151132560185e-01
4.446004782676924449e-01
-5.174242215573848780e-01
5.590984942767081023e-01
5.477922106334444097e-01
8.360338803725114731e-01
6.594265532685357201e-01
6.064304329663960935e-01
-4.321650465254824325e-01
8.978903478790722925e-01
-9.913430458780119192e-01
-4.961709619649230518e-01
8.465695373443622440e-01
5.229451799215973917e-01
5.962984506726849432e-01
8.854421672732656345e-01
-8.412311137361111468e-02
-9.746735591126969300e-01
-2.059171119883284884e-01
2.258898494595066309e-01
-5.951457062615177485e-01
4.986599622682055255e-01
-8.108124955687396884e-01
-7.506084743680984106e-01
6.721616886639927291e-01
8.670565324147334607e-01
3.441208439106975270e-01
5.709801857226661781e-01
-1.755375124484446492e-01
-7.871717327234492023e-01
-2.193540242551140773e-01
-9.912124360915545163e-01
1.689965125753359887e-01
-8.245635798428923025e-01
5.290685885053454385e-01
4.054545141665708563e-01
7.267279263962563851e-01
-7.348194667676452019e-01
6.589033875498775394e-01
6.005638188905670916e-02
-5.136954865777514367e-01
-8.634096163370919008e-01
2.581796531550701324e-01
6.995915969346028218e-01
8.570467039326047365e-01
-3.725514864926819936e-01
4.962993294055193516e-01
-1.760344848942785312e-01
6.736001645931770643e-01
-7.915901894581061082e-01
-2.825027998395275297e-01
-3.342532999532748517e-01
9.858970708184285892e-01
2.012322191965961737e-01
8.287268689498702434e-01
8.115537824233860498e-01
-9.247338184159022978e-01
4.704881521367343389e-01
-5.491094597807670841e-01
5.944091949920737861e-01
-7.446524145287811702e-01
-3.033527049414461163e-01
6.544051613835119019e-01
-3.885539814423127902e-02
-4.431107401763301201e-01
-3.763121671199639584e-01
8.940853520504284946e-01
5.533823841621272610e-01
-4.746811258921312948e-01
-5.804567204379851297e-01
-3.356571480832097887e-01
-3.671336257826250948e-01
-3.659861572983247879e-01
4.797284876619438698e-01
-7.037374373198803656e-01
-1.597131364862979797e-01
-8.979321286246484402e-01
-4.887537765865634931e-01
8.310494771107879153e-01
5.519619307019236754e-01
-3.622543341276178164e-01
1.815445255455612195e-01
9.830406766953272424e-01
-4.146008743128987151e-01
8.258852584001891151e-01
9.857327066620767964e-01
-7.880034785750540394e-01
-5.062250565507713240e-01
4.954558141296397933e-01
-6.643332716672321371e-03
-5.461859933152456437e-01
-8.319653538467975951e-01
-5.381003600950203802e-01
-9.302838317536399337e-02
6.424562859390633429e-01
5.946322629519558423e-02
2.691275694903378923e-01
-9.818682848023639886e-01
-7.542939382995327291e-01
-2.017291669174871016e-01
6.856228309810061816e-01
5.533800890557112329e-01
-3.133131264751640721e-01
5.237400290258766855e-01
6.827126873732674017e-01
7.020001662155778144e-01
-9.778892762512576553e-01
-4.925480780285360627e-01
9.449044011041578539e-01
9.065479653808636851e-01
-9.031194743002344261e-01
-1.161805707211049921e-01
-8.274324358475941832e-01
-9.848053855772214149e-01
-8.982706052419926479e-01
9.334412494405663896e-01
5.417763826538567473e-01
-7.526822056128179561e-01
-7.101014662155141766e-01
-7.229364937559787929e-01
-9.665667800132637932e-01
-9.275026324746655781e-01
9.487894526735283218e-01
-5.465710614332275341e-01
-4.941853173365080010e-01
-1.055702683746635173e-01
6.219558870477361889e-01
-7.547789733011200930e-01
5.018144012494367701e-01
5.334418240746745254e-02
3.672419517912957065e-01
-9.052696607555776875e-01
2.207243914538483676e-01
5.407306519913426257e-01
8.073067759310674774e-01
8.849757845054770922e-01
8.189108263179727398e-01
6.085920003793126032e-01
-4.464289939701858168e-01
-6.076869868611266545e-01
9.145043415388551256e-02
-9.604860875989064128e-01
-6.672069977240673300e-01
4.352484191365757482e-01
-9.945897420443597925e-01
-8.646253271016884900e-02
-1.087758184748663370e-01
7.988729986837864727e-01
1.864576174573044365e-01
-9.293519625624128144e-01
-7.548642249469877941e-01
8.981754356501947534e-01
-4.529037794077815926e-01
-8.844288850670478652e-01
1.291154056690908547e-01
-5.193778686593706340e-01
-7.173242949635880716e-01
3.905303220934654984e-01
2.885697369393562806e-01
6.010712720305723122e-01
-1.319498022110026647e-01
-3.477507254117995217e-02
-2.535939902982479177e-01
-8.335269491279118093e-01
7.712707652800542268e-01
-7.390933864755611093e-01
-6.889390500828307395e-01
1.155915436843963362e-01
7.817138523827897867e-01
-8.772948448184828552e-01
-7.685345725361025782e-01
7.845162286164244492e-01
5.696972873512490265e-01
-8.537014283847508267e-01
9.720380582358378874e-02
-8.030550060211809615e-01
5.474733309842602091e-01
-3.840242053088328000e-01
-9.059035665167762819e-01
7.042068289044554064e-01
3.090321701491597350e-01
-9.153632584493657243e-01
8.959185359431807161e-01
9.136571814715598316e-01
2.131362820324211593e-01
-6.604692459019648743e-01
-4.634012980777159063e-01
-9.255805858962660171e-01
4.255516300640691529e-01
3.334457250681566176e-02
-9.857386227504543186e-01
5.367590770575152437e-01
-9.269701431991683727e-01
2.736911849757278081e-01
5.076103164942580293e-02
6.213102758415978144e-01
5.191112003310562883e-01
9.527741651525681865e-01
-9.149000728961786955e-01
-9.376281476314487495e-01
9.415851541630851917e-01
5.378791567774348081e-01
9.457880777776696002e-01
-3.315720207255703489e-01
-9.456385630947281573e-01
-3.678065637202501126e-01
-6.543499689046867740e-01
6.312408610045672219e-01
3.731538564540741176e-01
-9.390620506452649341e-01
3.359816767148414152e-01
-5.479382700880525148e-01
-1.113760764114166690e-01
-9.346762515951226868e-01
3.977689056327744499e-01
8.182254758845298737e-01
-9.539394859809465776e-01
-6.770440582530563578e-01
-9.209756720705002397e-01
-9.317211905488488322e-01
-6.012217285096671526e-01
5.410455657200596846e-01
1.364802081599942596e-01
6.198881014160820824e-01
-1.966141067414640675e-01
-2.147302708866320464e-01
9.842552725785066459e-01
7.918399040548380619e-01
-8.210042651974348571e-01
6.841030969696291208e-01
-9.466933963071101354e-01
3.863581012733721121e-01
6.544352371035923044e-01
-7.135686095258169104e-01
1.974259427192285865e-01
-5.292071122428110286e-01
-7.230048633308163719e-01
-8.020187884563034775e-01
5.419570363702288507e-01
7.383560966596021125e-01
-7.565180964830213739e-01
-1.417553981706909105e-01
-9.303868451485465263e-01
8.708171270714657464e-01
5.496457683225054458e-01
4.253497620825698600e-01
7.739842907698930574e-01
-2.901779531843924342e-01
2.550466870530995744e-02
-6.757605863549964731e-01
4.150632639223110210e-01
7.335623550437010421e-01
1.212988043696050233e-01
6.417993159184112173e-01
4.996580873397839517e-01
2.422133199225823263e-03
6.055704027727635275e-01
-8.548597670741940879e-01
7.469052584986505261e-01
8.614092747078512247e-01
6.320948836213019506e-01
8.744196565158444123e-01
-6.288722317884558599e-01
5.905237338046581685e-01
2.946978737596709363e-01
-4.526088682853759426e-01
-7.913491806565020603e-01
-4.864546904382935355e-02
-5.566628890456205569e-01
5.823577462093937340e-01
-1.763427357528895012e-01
-5.598693346563364814e-01
-4.700785948383648938e-01
-5.536434296579459957e-01
-8.823982517538599968e-01
-4.441319096980005376e-01
-7.340083832130055441e-01
1.465672102865294979e-01
-8.939461432681629072e-01
-6.435826952031222792e-01
-9.011710681191253958e-01
-8.600950280013867077e-01
8.143419414372434773e-01
-8.215941679867477809e-01
3.221265907642855142e-01
-5.073534793636620410e-01
-7.552076909178433439e-01
-9.619133702241330353e-01
7.371053706486199175e-01
-2.048155115224029599e-01
-5.514930719854349572e-01
9.731967441516476969e-01
-3.465345053097001471e-01
5.041288282879936578e-01
8.548323322162552085e-01
-6.333481343916117501e-01
3.496288252908320848e-02
7.416101784092405946e-01
9.812872419097615762e-01
-2.306573857641278091e-01
-6.874743835628563948e-01
-8.104903378763672617e-01
-4.043908437028463920e-01
-8.970428855080090358e-01
-8.505185375319114227e-01
-9.079822983370341438e-01
-8.201454800780569876e-01
-7.865328004803587847e-01
1.757235477796082468e-01
2.824782686881658345e-01
-2.320712972138321284e-01
9.581236049320237536e-01
-5.107157260443092595e-01
-6.311759937755030414e-01
-9.899078118491176914e-01
7.080956720251360137e-01
-7.733767870317492799e-01
6.603367586245623144e-01
-6.032350039784906137e-01
-8.147888855245873918e-01
9.561477731203016361e-01
-8.196444959938742336e-01
1.905287713239534053e-02
7.534128820400451954e-01
-9.305464616937384470e-01
7.856615548398392379e-01
6.717351538261669974e-01
-6.237480435777092991e-01
-7.191030733465053615e-01
-6.788272918678242007e-01
4.081036714394247200e-01
-8.129008114035973787e-01
-1.820310183621577926e-01
4.377423696995118574e-01
5.604011745077012163e-01
-6.702819046105370493e-01
-6.369651158533647939e-01
4.253267875526239306e-01
6.623161447816976466e-01
-8.151553937382910453e-01
-7.924881928036672241e-01
5.126260392201116289e-01
-2.991367704328271732e-02
5.681738179161603952e-01
8.661436007100060674e-01
3.590171542780743463e-01
5.672056250164470015e-01
-9.428948928240197258e-01
-9.165947286962473628e-01
2.754689666448535412e-01
1.787845524976229006e-01
6.357695793523333583e-01
-4.865539030479713034e-01
7.124536085972170696e-01
7.175850204426460488e-01
4.980999921592010882e-03
-8.802246683587457987e-01
3.265037198212698000e-01
-1.925500095370624720e-03
8.994565562035814477e-01
4.093264632623434124e-02
-8.534286876471348648e-01
7.624083962829906191e-01
7.910579284520855570e-01
-5.959632262794750668e-01
-7.138099110258095958e-01
-8.155772767860519634e-01
2.253334229571513636e-01
-1.431193272779993642e-01
7.452017783608302359e-01
9.988917881721287584e-01
1.860711109291327547e-01
-2.184009228257891566e-01
-3.248246392886273703e-01
7.997522129345113751e-01
-4.209948862917857193e-01
1.520168394434213144e-01
-2.156254080762826653e-01
7.034026726820562514e-01
-7.728465088323410725e-01
-8.660855921705783445e-01
6.151039785379326386e-01
-4.345243065523911041e-01
7.341704368097061728e-01
-5.847130692361420801e-01
5.374209695303506784e-01
3.144325478059002976e-01
2.470972781093769277e-01
4.730204301543410872e-01
-9.345222354454908453e-01
-7.328764560265503825e-01
-8.509021421444528110e-01
-5.763861621005363922e-01
9.514786017970640053e-01
8.457905459642178769e-01
9.201969110127650175e-01
-2.882050411913774646e-01
8.786692473489961241e-02
7.801820180698444407e-01
7.913076850655905714e-01
-7.912690030657800744e-01
-9.853370562247052433e-01
-4.857302357158638229e-01
5.338749738533918321e-02
-9.944486821305342783e-01
5.606882379826790830e-01
-2.610268423073275335e-01
4.422353104817878799e-01
3.369633656235854202e-01
-4.408000086047652033e-01
-9.867920677460528811e-01
9.168640437336204041e-01
2.064989228796108023e-01
-4.868174578428363652e-03
5.903935070863264301e-02
-9.766353716826625675e-01
7.127397036961187204e-01
4.603998811302535965e-01
-7.699230683668925046e-01
-2.355957268056504406e-01
5.390758399295640935e-01
-9.439847704378558912e-01
-7.257658518393284020e-01
7.246238920220882118e-01
-8.986081704142887538e-01
-7.877338508403833872e-01
8.735113333092843213e-01
-7.672595474308935293e-01
5.483216921601941074e-01
-9.109161153264653255e-01
-1.266369951645132108e-01
9.028221171839753145e-01
8.900827299303643025e-01
-9.033520409125449513e-01
-3.125572083361566333e-01
-7.752358418477551805e-01
-7.583413599780952641e-01
9.143711139700685386e-01
6.809020539852443932e-01
-5.665297422765209756e-01
8.228107401718341984e-01
-9.255202169748346641e-01
4.585792499136641664e-01
1.815760908430574250e-01
1.693105477839238204e-01
9.293728268744518850e-01
5.171052475262333248e-01
-7.917198401675304975e-01
8.272813772127934895e-01
8.935987497954978043e-01
5.514850443920956691e-01
-8.758691304958377000e-01
-2.210277539125278801e-01
-6.022653425925306170e-02
-6.468434856065437000e-01
8.699577010798709154e-01
-8.811111680656792400e-01
-5.006052213471013923e-01
-9.204799235360796583e-01
-5.518772503224806947e-01
-5.912502937745033327e-01
-3.930963170609167445e-01
-5.930715000697175388e-01
4.799736041160289624e-01
7.736628904841859056e-01
7.497449281941346300e-01
9.976687745482126779e-01
6.531314376263959165e-01
-7.902546695373280361e-01
8.382960968373798227e-01
9.558801756835539898e-01
6.135731451655604962e-01
-8.623461931003719716e-01
-2.012214129357425829e-04
2.843816673174826004e-01
-3.227987680801930326e-01
-6.381340443157861309e-01
-9.480465064488805549e-01
-9.904514222173275151e-01
-8.137301585582200625e-01
-3.705798006743987738e-01
-9.192729326092948794e-01
4.445970690032892136e-01
-6.603614979412610886e-01
9.310190688450714624e-01
8.159284464285625482e-01
4.378203473138924107e-01
7.593097118452658556e-01
-5.426282524281562658e-01
-5.140672583498416826e-01
-9.890212291159951041e-01
-6.561271483450276110e-02
-2.454873872008656033e-01
7.324260250166646502e-01
-7.213575245678363057e-01
5.312516275518039954e-01
-3.768453011756101034e-01
-4.135952448990376507e-01
9.250383750699089358e-01
-8.733456730965497017e-02
-5.764738465866597883e-01
2.521671957399256869e-01
-1.598172320461535012e-01
2.400849980234397718e-01
-4.341764967092192617e-01
-1.223777402056145103e-01
8.813121058328760027e-01
1.419897443312448937e-01
-5.495980003194456120e-02
7.368173169583793758e-01
-2.561358268967568463e-01
7.416148264394823997e-01
8.928408934235764205e-01
7.032916822982666627e-01
8.380663940324655226e-01
6.575241248275822681e-01
5.602954135552450365e-01
-2.862083889643167178e-01
8.718680598399194404e-01
3.618911611246291571e-01
1.076641687060574809e-01
-6.720720980002728995e-01
-6.212256768759947256e-01
-6.949338713813688617e-01
-9.770674765784788107e-01
8.981126248862145722e-01
2.378755510662042827e-01
8.676611534510109136e-01
-1.780675973005133028e-01
5.660443170570017557e-03
-9.803887462506244432e-01
5.998949636174176758e-01
8.321114339769961621e-01
6.000779625614611756e-01
-7.622544941838108601e-01
-9.543961543765749900e-01
-2.075729246103338865e-01
-5.874132163015586272e-01
8.909066646539821610e-01
9.746039782242503779e-01
9.988438044217733403e-01
9.224230553314327619e-01
5.137050727853698096e-01
9.565073333004487921e-01
7.598900304135363104e-01
7.000496606386645837e-01
6.847310934567980567e-01
7.388884463369915778e-02
8.120533410643995809e-02
-8.747061091301530089e-01
-4.808251933236234454e-01
-1.385799881710201575e-01
7.876568460076902589e-01
-7.999915839307384369e-01
5.836038324440396829e-01
4.412517328456471155e-01
5.839452422944364507e-01
5.756489705533988088e-01
-8.506649080885216874e-01
8.781102751196805389e-01
-9.223690241183400973e-01
-7.165310014284038687e-01
-5.448875640926846842e-01
-3.240897883842264737e-01
-4.451099362925261538e-01
-3.034636789330905637e-01
-5.603590149775005136e-01
-8.167572920173905571e-01
-3.388712412898918780e-01
-8.624437006431036057e-01
7.152794183366375513e-01
8.928690107800658637e-01
-6.067796678702032098e-01
5.132594512338937154e-01
-4.378259507784948434e-01
9.027544162115540560e-01
-9.491682495709606870e-01
-4.396016679826046936e-01
-5.571739506949502374e-01
5.713495031079476316e-01
-3.153077050448807594e-01
-4.370563420004411337e-01
-2.961933854699266289e-01
7.299488597335552775e-01
-7.114707415319565520e-01
8.929946008334374019e-01
-9.474081739848649875e-01
6.840355414724796912e-01
8.938265104377374204e-01
9.875443809433825937e-01
7.536334222805549654e-01
7.526160583322587527e-01
9.655197546643536910e-01
-2.161824175252535229e-01
4.865075880166059852e-01
-7.245787273284365337e-01
7.811540411255729621e-02
-5.683350737318778600e-01
-3.613350505913168753e-01
-7.731516533783358014e-01
4.611135460478518189e-01
8.777779115921676700e-01
8.756612769106576488e-01
8.796292658081397153e-01
-9.796005481452322305e-01
-9.781083873763791736e-01
-4.003290759031344903e-01
-5.914099865276175594e-01
-5.260534437517219164e-01
-5.492969183012328394e-01
-6.904230428026187916e-01
-9.570997413109646468e-01
8.734877830837590729e-01
-3.536450239230669590e-01
-9.744421064067597671e-01
-9.942286050355793048e-01
9.451888702862283331e-01
3.311760300439856586e-01
-2.090855120963819314e-02
-4.739665542472107918e-01
9.851053961449514063e-01
-2.108677541860375926e-01
-8.159051388182604336e-01
5.470976025274519872e-01
7.075329305365268828e-02
9.844425678188040152e-01
4.751926314307776122e-01
4.789638123400677405e-01
-7.725357550798878092e-01
9.575415167758463131e-01
-4.037967831449443823e-01
3.068799661791714595e-01
4.500063132547896805e-01
-3.271645294157219386e-01
8.606643687056796388e-01
9.661122890442222499e-02
5.587231737253411934e-01
-6.220760388680780517e-01
8.165908595518009960e-01
9.489503839930741869e-01
7.462325254427564225e-01
5.995970578196340162e-01
9.435411924294280217e-01
-7.441363888366219204e-01
6.167011610775301467e-01
-4.000114633634597738e-01
-8.968070205203413359e-01
-3.443821925451871491e-01
5.738770322625157405e-01
-4.593440077252076703e-01
-8.233438773697168145e-01
-4.651179836796377476e-01
-9.351071400048263094e-01
9.214174468564847453e-01
6.970775054739294374e-01
-8.375926636460647723e-01
9.664577728571828175e-01
5.342091564878131971e-01
7.273591175619253946e-01
9.518371952584979701e-01
8.973472648054369172e-01
3.203643430922346047e-01
-8.207191960432677069e-01
8.578412085097991691e-01
3.094979602226663462e-01
-4.320470147930897120e-01
-2.767832912767448916e-01
7.923775129401579020e-01
-6.811660997307859011e-01
8.679970862852114388e-01
3.552136727086927515e-01
-9.732810702191975194e-01
-6.096619646785940150e-01
4.989867797259995852e-01
7.870252914371449471e-01
-6.164792535779439753e-01
-9.718445041558945174e-01
-3.923915359880129627e-01
-8.402963364204057983e-01
-3.877861852972176449e-01
-3.441135144914678201e-01
-7.263987873682995478e-01
8.529740591589709542e-01
9.019054930091874311e-01
6.186954294235141871e-01
3.253850515166185065e-01
-8.314319389073330235e-01
2.615019414977821643e-01
3.729070340147179197e-01
9.457095449467819437e-01
-2.537613426674839578e-01
7.937238048992287798e-01
-2.672660442269604864e-01
-8.667940087492107537e-01
6.318749424577753127e-01
1.659510657739980410e-01
1.915109201788292581e-01
-4.656471853356554114e-01
-9.819528910967091351e-01
8.160031116080216362e-01
3.059490927505120750e-01
4.639023972608267710e-01
7.477366773208322659e-01
3.308405700864444077e-01
5.451255191836866798e-01
8.094511582264414251e-01
8.273368608414874981e-01
9.774762728222844421e-01
5.962302630291131944e-01
8.282973330134281165e-01
-4.080495788429407966e-01
-3.812352560353848840e-02
-5.733369931386765872e-01
7.249179701191410530e-01
9.388364309626400228e-01
-7.141735435325728965e-01
9.207786392880310533e-01
-9.035785423601141453e-01
4.881573605517065539e-01
5.577291074010106708e-01
-9.059110425743353012e-01
-5.515742344775612649e-01
1.202911280601954291e-01
8.990783635583681210e-01
-1.026577293366909560e-01
5.844540337769515981e-01
-9.527563580658923170e-01
6.567926909144923275e-01
3.271302381648825142e-01
-7.627564308598050458e-01
-2.548493496391825430e-01
6.522285489838623995e-01
-9.849196155240058648e-01
8.404388713752704021e-01
1.731675810779582381e-01
4.093235024114388332e-01
8.021280034703842654e-01
5.271972591715106127e-01
7.491754464657820467e-01
-1.854167345657625754e-01
7.722680612111350040e-01
-8.931240604725129151e-01
-7.241223595906104427e-01
9.103756565233017684e-01
-8.257963466990809742e-01
8.391442730769300695e-01
9.096955261606283205e-01
-5.888521820701633214e-01
-3.622265362884568018e-01
-6.987429924333895537e-01
9.956033047344566844e-01
4.693542309243939892e-01
3.691873782778605784e-01
7.281124228294074685e-01
5.722964854150667247e-01
9.861512955742056663e-01
-8.864310918662514638e-01
9.490572521208644474e-01
3.195254146369825854e-01
3.458321836300174423e-01
5.367775895632105332e-01
8.257430266456788903e-01
-9.426118289576734810e-02
9.053588877968672399e-01
-9.712340414823402712e-01
-5.327136508435937889e-01
8.377844916684098475e-01
-7.532890091895630413e-02
1.610093397246517566e-01
-5.583777806865455329e-01
-9.895727164281344912e-01
9.462270886095522915e-01
8.683381446345643795e-01
7.327957276327334846e-01
1.960660373761998199e-01
-6.954964272070477405e-01
6.327783907472959157e-01
7.604319947483821895e-01
-9.368766316090033630e-01
-4.151086016272092505e-01
-3.217173934639381838e-01
-1.229425905135071162e-01
7.022329219253321542e-01
5.992796728098394032e-01
-8.229850412374468682e-01
2.234264966832854027e-01
-8.731907269577311448e-01
-2.962956880384314262e-01
5.198403503687650806e-01
5.876851205106659037e-01
3.709897036643022838e-01
-7.455969018190167219e-01
5.766862587832988218e-01
-3.379131364337465415e-01
7.943398738519449331e-01
4.685331432628436765e-01
-8.968642622106031137e-01
9.350052980907849198e-01
6.769124920878279994e-01
-2.303206457301089360e-01
8.370789217418294070e-01
-7.166715886086484355e-01
7.879596942405399096e-01
7.638599032811536071e-01
8.912314202660743812e-01
4.657460668005589666e-01
3.577513461074524059e-01
3.143584259736065256e-01
2.921952596722854345e-01
7.398381170244614502e-01
-7.542805476904740347e-01
5.265556157400578252e-01
-8.610886706147776737e-01
4.126573153844342867e-01
-5.906967924784415347e-01
8.013142973899926025e-01
7.840405107863104295e-01
-9.729325042074297158e-01
5.234359195506600448e-01
-6.161268732571507645e-01
-9.718872269165009792e-01
-9.288353516540972521e-01
6.192418221368518605e-01
-8.504829578918300381e-01
4.778345675048874530e-01
-9.951099189590955074e-01
-7.365996270781662858e-01
7.935765098781221161e-01
4.950386149745827913e-01
-6.303261803872167723e-01
5.118140346094596227e-01
4.714531817277645143e-01
1.661410446120087092e-01
-8.664986892950574671e-01
-6.730050923406978303e-01
-6.812374729448208988e-02
-1.708382933542716975e-01
8.135796390777314535e-01
-6.867770125584955476e-01
-7.637629232680628322e-01
2.193492964071350471e-01
7.492565286107293332e-01
2.968976470144047974e-01
-4.640829807120250283e-02
-8.841109295971005810e-01
2.375613365235343943e-01
-6.196354817735506559e-01
-8.977629815067847963e-01
8.569970391626425821e-01
-8.567005195143704288e-01
-1.727959237260007219e-01
8.815370306964884772e-01
6.608940586036184950e-01
7.452969418298204252e-01
-8.281150284269414019e-01
-4.195725725132078976e-01
-9.920976568537486218e-01
8.019131952391778118e-01
9.036944648462311713e-01
9.138916949104115561e-01
9.381463942555795521e-01
-5.973304871131061011e-01
-4.951322364206603988e-01
9.652497501854849782e-01
5.966272889725916517e-01
6.938467063818012370e-01
-9.616693525679917975e-01
5.323330670275492338e-01
7.669699121844356648e-01
-3.342605398314035803e-02
-5.478087359813960111e-01
-7.296190977624299467e-01
-4.759325806715856144e-01
-6.512084662317559891e-01
-3.758353504922095079e-01
9.539190865398197161e-01
-8.211603615408618051e-01
-8.882357407088963264e-01
7.801115495644503905e-01
-4.001919937389722959e-01
-7.491410473267258174e-01
-8.972119700037219925e-01
-3.361767282294081949e-01
6.888875920436460243e-02
-7.558622257364259189e-01
-2.921015141050297137e-01
8.307306470417861188e-01
-2.342546430476572517e-01
-7.476696765518073828e-01
5.253888279245906290e-01
7.055104846750441805e-01
-7.590994005185025539e-01
-4.254214423643795095e-01
9.241368202463692283e-01
1.963060251825643476e-01
4.420073518552236624e-02
-3.072896778449696886e-01
-8.673739088015697263e-01
2.450656477315582282e-01
8.160445668371923977e-01
-9.004067055706761469e-01
7.140628592163306143e-01
-7.061450130818652804e-02
-6.763591012734373464e-01
-2.876860884383238837e-01
1.093063694950944936e-01
3.328278087041017796e-01
-1.634247852999735073e-01
-8.378148808393894864e-01
2.600300114463419132e-01
8.745474955495712299e-01
-1.377032758404904966e-01
5.266440919879145088e-01
-9.536488189738684396e-01
-2.649905916281145579e-01
3.969438472121754047e-01
-9.412188245374193407e-01
-3.024400785089186861e-01
-6.072135820369100045e-01
-9.780714645623256320e-01
-9.659310432388956702e-01
-5.112862305037585431e-01
-3.121105973001139233e-01
9.741652607880562087e-01
7.503361858601901302e-01
8.471125994357098232e-01
-9.020612033302971566e-01
8.582628565955869870e-01
-2.395326429625824205e-03
4.449941482244377244e-01
-8.249707262808729791e-01
-3.785072110983185856e-01
8.614683605134554334e-01
7.522492751334000083e-01
-9.997476412056909290e-01
-1.039703550756643224e-01
5.850725236488579784e-01
7.146632555723579916e-01
3.425147677711953831e-02
7.405088885439737867e-01
3.190942134294716404e-01
5.900505973846923435e-01
-8.481907451979189272e-01
8.487233099345763421e-01
-3.053222037002832900e-01
4.853742926001310409e-01
8.066442299423653983e-01
-9.065347593839298002e-01
-5.463653681986274657e-01
1.410984603844473717e-01
1.625532654788891529e-01
-9.188484990093929161e-01
-1.533004790587180199e-01
-8.564820021550694218e-01
-8.896281897552074103e-01
2.004119160207268324e-01
-9.780755203794426755e-01
6.326198185809810415e-01
-9.566379142891263676e-01
-2.419755816239159973e-01
8.409150259636839486e-01
8.007693527555749258e-01
9.443737517782726520e-01
-6.398921976871358996e-01
-9.772009004761508244e-01
-9.320692623471648064e-01
9.818268124652629325e-01
-2.881091667359090280e-01
7.282669785404619622e-01
-5.657829837709523746e-01
-9.253560218280696414e-01
-9.993733950646330744e-01
5.854273541389687363e-01
-9.734883232273294773e-01
6.347101729251127811e-01
2.679741322820176630e-01
-9.350160817418524672e-01
-6.376244242494830683e-01
5.232960254778588061e-01
-8.698124534426869836e-01
-7.563216095587379506e-01
2.338552971920161427e-01
8.269961555613837279e-01
5.000531282833033941e-01
6.524662965730728681e-01
3.506667167527980356e-01
9.480821124641858333e-01
-6.838775787532491712e-01
6.628209725454869972e-01
-5.065088266525956395e-02
7.221853138200571287e-01
5.834412258926229278e-01
-3.008919101673355745e-01
-6.158647317384210451e-01
3.535799058415902696e-01
-6.635448216008226208e-01
-7.343783166085071645e-01
-1.318822469520071761e-01
2.614369368225865631e-01
9.308977547988206425e-01
-8.384179779238057906e-01
9.906497046070240620e-01
-3.839446097952033399e-01
-3.512847048038030273e-01
8.699706235177595559e-01
3.421033670461476328e-01
8.990069033423369049e-01
9.790501110891891567e-01
6.816995896389386189e-01
8.008393660037387285e-01
2.330579553280504035e-03
-2.290551049979911991e-01
-3.876425953159751137e-01
-1.067469375282550370e-01
-4.158726399300604060e-01
5.665704489826614010e-01
-7.830038579174403157e-01
-7.808825765113125428e-01
-4.749271151554575465e-01
-2.682015387018508168e-01
-9.220215634834081353e-01
-4.154862535425455361e-01
9.785212430024774477e-01
3.763935882697891366e-01
-7.232129518520755695e-01
-2.918296345484958088e-01
6.082451133350844641e-01
-5.859518519673383441e-01
2.000540634219210578e-01
-7.375381694658599274e-01
-9.426469456483821396e-01
-2.368306300649872520e-01
-6.161930928799312923e-01
8.976204347026676134e-01
-7.849384238001793079e-01
7.782935251758358319e-01
-5.069231531595038698e-01
-6.995783026390399728e-01
-6.377789018268070764e-01
-8.995083264970160641e-02
1.654683099244661781e-01
4.518622348577442382e-01
2.711906536946400714e-01
7.014971691224317629e-01
8.001428814773405840e-01
9.400499481371816790e-01
3.322610202441766969e-02
5.295073104744509873e-01
3.470607634476287062e-01
9.117102520204696248e-01
8.408006020365690336e-01
9.751196937788946251e-01
1.096110676834668174e-01
-9.698435328608119299e-01
7.934643296369008336e-01
6.499113586177522883e-01
2.809433988364282153e-01
7.324750029053761491e-01
-9.359225931395953602e-01
-5.880227995191703583e-01
3.877387400053221578e-01
1.523171200142787174e-01
5.777128264702130478e-01
9.572033086366050769e-01
-8.758165028394647722e-01
-1.475272498679131017e-01
-6.239623868972234977e-01
3.827985798624992109e-01
8.894273701512594998e-01
-7.285273220874790567e-01
-9.962501933830443246e-01
-8.625443666188625791e-01
9.421579823112887775e-01
4.995641252333279381e-01
-8.983221553629732181e-01
8.078241658742507658e-01
9.394923792382956496e-01
-9.385497347578894978e-01
-2.862792437316969418e-01
8.891834383792435181e-01
6.395279179540489523e-01
-4.180232892667596345e-01
5.197974700353090727e-01
9.897710235882994922e-01
3.689927488455584381e-01
-7.669099996397601426e-01
-8.983857402857945429e-01
-6.492994642621452428e-01
9.852836065583916447e-01
-9.456926372796867764e-01
-9.502300310159794705e-01
-5.451009867507135009e-01
7.291564982987579491e-01
-3.411272865951012201e-01
-4.636403856992229455e-01
9.364807626372779747e-01
-4.443549997524400830e-01
-4.270674436217604120e-01
-3.048275452412364528e-01
-6.275261659425226402e-01
-6.950957071664457532e-01
-5.558582793292862201e-01
-6.858762755711105275e-01
2.441417510846229377e-01
6.082542809883603740e-02
-4.702221096599784600e-01
9.517823236713014445e-01
8.032245769284906967e-03
-2.925298412376501900e-01
1.338096468529880734e-01
6.308308855048865293e-01
-5.283969945598261386e-01
-9.645733231151694120e-01
-1.682275294916003583e-01
3.618533386771187743e-01
8.401441099221003128e-01
-8.650147767216112005e-01
-2.401229793184055938e-01
8.452959578145622377e-01
-9.750790822594228580e-01
8.001153853938074434e-01
-9.017688994474155617e-01
1.318875210067842751e-01
9.352922277581623423e-01
-9.585536273391579432e-01
-5.843885088295550645e-01
-7.411240751541662286e-01
9.898267915332381595e-01
-8.528755681606019490e-01
6.496581569989980931e-01
-3.196439484085779048e-01
2.944586769709439666e-01
-5.157210448378971579e-01
-7.127863776905554172e-01
9.625615173250389178e-01
-5.821602217659381795e-01
-7.672467934596478578e-01
-1.475918982508786781e-01
7.449357126081628255e-01
-7.172267799323308601e-01
9.494458097978879518e-01
-5.137855825486965511e-01
-5.088296620754391153e-01
2.584920034542186329e-01
8.789664256171583201e-01
-5.775985668439962417e-01
-2.548022019698194529e-01
-8.070032562031635992e-01
-8.680575821989816587e-01
-2.928840169481083389e-01
6.874956631042260513e-01
-7.546210916610465169e-01
-7.134460605872593453e-01
-4.827356028567182378e-01
3.983373145043744845e-01
6.610142274959742714e-01
-5.800731540532860775e-01
4.872587148837973503e-01
5.738139348245093752e-01
-2.981039828377236578e-01
3.352922500079378310e-01
9.631508753551585311e-01
-9.220114425229090083e-01
-2.417558885263396684e-01
9.541589670156453984e-01
5.923607390406838702e-01
-7.125229250845228623e-01
-2.749903764797420602e-01
-6.922435056940661191e-01
-6.393376567748516592e-01
8.278859434183218902e-01
-6.782049621246823978e-01
-4.205945638070838766e-01
6.920485062725294512e-01
-8.108737835559604035e-01
2.872560143543312350e-01
7.080833327703077718e-01
-9.481808713590145210e-01
-3.479893675150533827e-01
5.706628347553424074e-01
9.080231182299443038e-01
-2.639026103047842353e-02
-3.240081617690079296e-01
8.401813859001756590e-01
6.230696560926953786e-01
3.423935493819036391e-01
-4.986234896510329251e-01
-4.472851994158576483e-01
8.329016969288577377e-01
-7.784120221970338704e-01
-1.911526510085759523e-01
-4.515662649692031017e-01
-9.552121702935707503e-01
2.511799566790076099e-01
-5.722243652265692759e-01
-9.260928269170914939e-01
4.500002195623702961e-01
6.999955806959307081e-01
-2.522945213647675988e-01
9.821093361447233439e-02
4.891847635090127433e-01
-9.726394794283905743e-01
8.049756904488722942e-01
8.718072765295376003e-02
7.434222079824062135e-01
1.339533095048555389e-01
5.829960429535964161e-01
7.214100735464693548e-01
-8.082118552587483906e-01
4.440532063322327194e-01
-7.413186079281564034e-01
-4.209062770898070460e-01
9.560007830893915148e-01
-9.959145006972933492e-03
3.228914570958929531e-01
7.517957917901962883e-01
9.325596137987907097e-01
-9.513026747493178448e-01
8.893634547659297063e-01
9.668855962180403774e-01
-5.805459728965718380e-01
-7.180149611544699439e-01
4.578969903563550603e-01
8.064827607073936644e-01
7.413725995746588415e-01
1.035508492459431829e-01
-8.836192343657984782e-01
-1.542857880906434720e-01
4.668648611151754446e-02
-7.332244833180872057e-01
-8.935825874191964946e-01
4.843352096049168276e-01
3.858060251849761979e-01
5.756467210152849123e-01
9.471452555777883919e-01
-8.314481008848570998e-01
-6.888389221512603022e-01
-3.438963718832404592e-01
6.493581722040433490e-01
-6.654171777825124146e-01
9.581083888823757055e-01
-1.609404880760312850e-01
-3.315581457590653924e-01
-7.602096035590029111e-01
9.117513404592947346e-01
7.978673243871269305e-01
-7.169477978986521505e-02
1.182469956987286519e-01
-5.264303512937299478e-01
2.654809057059088762e-01
5.077355640425527117e-01
-6.025438356960893804e-01
-9.483195661069029336e-01
8.163486943725924982e-01
-2.861199234800951841e-01
-7.219004332200066321e-01
7.758506637220154989e-01
8.372908617477445858e-01
-9.116027301231697244e-01
-7.659590397939026740e-01
4.782319214309379563e-01
-9.639323085356181764e-01
-6.878090103645827513e-01
8.491071265397233114e-01
-6.939747224221297639e-01
-4.597731721622324019e-01
-3.934265579787115108e-01
5.042104667974902643e-01
3.834700635504758592e-01
-5.748492369049084116e-01
8.194032363866048385e-01
-2.655905439134728652e-01
-2.663466486143520884e-01
7.212169977047884206e-01
-4.674614202668495588e-01
-1.836196512129026903e-01
-1.563582588162815146e-02
-2.425171042571101498e-01
-4.620142175790187267e-01
-2.312741076519329586e-01
5.017787699663407430e-01
-4.586468666403415995e-01
-3.322685633350824230e-01
-2.816417868038283423e-01
-8.611390119764993356e-01
4.108094314059718144e-02
5.691066248979970155e-03
9.267669729995910988e-01
3.284443303915058343e-01
-7.134163652896479135e-01
5.869235492565667567e-01
-8.693843291846657662e-03
-6.076849021771701942e-01
-6.759043851349931797e-01
-5.755250038477711660e-01
9.628017371828946347e-01
-6.679870056650714094e-01
-5.294864372065175573e-01
6.266602856402688770e-01
7.636605038470505313e-01
-8.117916671905792692e-01
7.720734745495333451e-01
-1.355916811639440445e-01
1.605842364800956767e-01
5.805263104698662469e-01
3.060403629285248228e-01
-8.178994516423030436e-01
-7.311025877934981265e-01
-4.415237035100986751e-01
-4.307824009569860557e-03
-2.536869100791664944e-01
6.663979580929346724e-01
-7.005613923226050588e-01
3.798536941838786540e-01
-4.155912064233602266e-01
-5.769945240392516661e-01
3.478041902122871454e-01
-9.896231982088302681e-01
-9.052933971050975970e-01
9.447600527204884635e-01
3.443462015368977114e-01
-5.100667591558850633e-01
5.281408350805942842e-01
1.776071859050722401e-01
-5.339533645712191134e-01
9.292959528984884310e-01
-4.394259470257206868e-01
-4.259040651892912477e-01
6.356202864570864586e-01
8.122839793001854769e-01
2.783555876740353985e-01
2.338666674366773890e-03
3.548197865854421651e-02
-9.170813253027237932e-01
-5.552968726421386725e-02
-8.863810061335329893e-01
6.537014228272619576e-01
-8.966271391146211078e-01
6.730809019796963888e-01
-2.856132120882676206e-02
-8.680314125629420285e-01
7.845952259258970329e-01
-6.297218200959505685e-01
-3.298181622114267908e-01
-9.889421388208988195e-02
-5.001487880553672216e-01
-5.548445244260085119e-01
-8.587082122820764996e-01
-2.224481865277250225e-02
9.059389599838136853e-01
6.152975166350481695e-01
-6.495711129339525325e-01
5.839446586551750862e-01
-5.884938336066561915e-01
-3.335187920388805738e-01
-8.077397287711709506e-01
-6.953624583015979299e-01
8.398664785125293797e-01
7.788621281066849811e-01
-8.715832088022018587e-01
5.893316676399344978e-01
7.061274784935070992e-01
8.960351897656839704e-01
9.832937370854140102e-01
-9.475939205183602221e-01
9.197629196245016292e-01
6.169757246096285730e-01
7.696962692267592665e-01
-5.926872794855556625e-01
-2.253284580595394937e-01
1.946929327549425381e-01
6.889569903237833248e-01
-9.378676978323549074e-01
5.252232661939935099e-01
-4.519328937832598481e-01
9.688153768803128285e-01
5.398609885639058525e-01
-5.015135306419064021e-01
-8.150457601538668717e-01
-3.376941524935677119e-01
7.900317856144378759e-01
9.401522608671730730e-01
-8.723898200755523247e-01
4.821397705543142842e-01
1.363547087194514063e-01
-5.852177891591584524e-01
-2.275245398182387246e-01
9.566609940955985714e-01
6.289069138676232906e-02
-5.158268614887904224e-01
-6.022133703567740248e-01
-3.387976317970967655e-01
-5.428300067406328644e-01
5.157970226597166086e-01
-8.140215424751719997e-01
9.469449690619253790e-01
6.947840143965772208e-02
-9.091943300965928954e-01
-9.629881756754188338e-01
-2.001428067752243911e-01
8.279805422135845250e-01
-1.079311881600723833e-01
1.880969642316860369e-01
-8.400166070745235247e-01
-4.780856056896233275e-01
5.769846568200682757e-01
4.976038177485667680e-01
-2.563686864966399082e-01
-6.633678202684971659e-01
1.698234484794839405e-01
-7.576594627771220392e-01
-3.483466647802138105e-01
7.215884976159701036e-01
8.676844027324311925e-01
7.038195646744409562e-01
-9.184154202436174419e-01
2.992249270975832487e-01
-7.049182151784794126e-01
1.945883369193197598e-01
-5.321023707991135998e-01
-8.410585475222335239e-01
7.352441787116937855e-01
-6.749597134329866632e-01
6.112694162289233901e-01
-3.321851483826133156e-01
-7.928226763415927580e-01
-8.841865224395693001e-01
2.473209535417444371e-01
-5.960316832473965265e-01
9.688417179613765251e-01
-8.650356697275698448e-01
8.237046083830973364e-01
4.002446504703138230e-01
-4.857025389497146017e-01
7.278988600955338395e-01
-8.899162136180787108e-01
-2.202909571640627728e-01
5.244984389416823545e-01
6.915741337471202899e-01
-8.550049884557814339e-01
-6.320773088388480510e-01
1.261179153755905558e-01
-9.387362914125874092e-01
7.908528327875029573e-01
6.531262669691941802e-01
8.248426036222721303e-01
4.079555794862074758e-01
5.483650661482204480e-01
-1.809719263671746153e-02
4.754942510729561755e-01
9.814391199144074651e-01
-8.826395209794113406e-01
8.359336999514694888e-01
9.749508652028082700e-01
1.128168484258982862e-01
3.929832069573939712e-01
6.265797722488113397e-01
-8.470832515600739132e-01
-3.236735474138930369e-01
-6.076529239469102839e-01
-2.308434607020109219e-01
-4.587873767433628402e-01
-4.108561065277743785e-01
7.577962471461057170e-01
-9.459271850885808686e-01
-8.237680752182738875e-01
1.671248114563878007e-02
-8.469014101757004198e-01
-8.211393758017274669e-01
6.692157384647933194e-01
3.721991288657020003e-01
7.015355811758121618e-01
-8.978598614247507159e-01
-6.883038455898199404e-02
-4.557005694745493857e-02
-7.639168875783655110e-01
-9.504016624106775835e-01
5.760835432708938386e-01
4.630841670059113180e-01
4.210859811596417424e-01
9.634988076616577413e-01
-9.781988364769003130e-01
-6.848923924367553151e-02
2.731957365261354909e-01
9.315660159940115648e-01
4.426188420899620501e-01
-4.621723941002138236e-01
-7.297300835122849660e-02
-5.652953490249466029e-01
-3.997544254159021704e-01
-9.194763549764700672e-01
-2.887831108780396505e-01
3.213524876703540700e-01
-2.775683776153171078e-01
-1.948181815583463206e-01
-8.610428185292415826e-01
-1.044057240801823938e-01
-7.548284846515138646e-01
-9.221623877078658493e-01
6.769449273222283292e-01
9.277981838156985628e-01
8.329744510020684611e-01
9.356798113285503815e-01
7.719031400427078804e-01
2.493433730509466428e-01
7.923670040523751457e-01
9.569453955020865710e-01
8.227044733804257381e-01
-4.415832342496568974e-01
-6.617748032259762603e-01
-7.306205847954061472e-01
9.429268417863636564e-01
9.264218276200890667e-01
-8.164993178206031432e-02
5.595232039849058481e-01
-8.696417939577866241e-01
1.127557912491658487e-01
-9.481719794573275628e-01
9.196032726891645304e-01
8.111901449208434034e-01
9.011120494602854469e-01
7.166206805106221100e-01
-3.212614692057653709e-01
-8.616673005197943436e-01
4.997950118467982539e-01
-6.218465883346305789e-01
3.959776837212591882e-02
6.372650819014542556e-01
-2.130752822375694966e-01
-8.270879763600107459e-01
4.850751606777461422e-01
5.384475066267809806e-01
7.797786967999923435e-01
-5.237214018801080728e-01
5.985363665338724326e-01
-4.204465860862879323e-01
-6.638453045108708706e-01
5.599698772413961301e-01
6.310077840469585642e-01
-9.065740424560668753e-01
7.752319791239905555e-01
2.824969018110151664e-01
-6.986732216597824063e-01
-5.631528868483859362e-01
3.441049779154287114e-01
-9.860780622322613542e-01
-7.485690700270613007e-01
-9.196619726973433995e-01
9.539815162207000432e-01
-3.291174713434402155e-01
-7.599365547436917057e-01
9.098984212141707495e-01
-1.298539469599420126e-01
-7.411995050901706295e-01
-5.379295618629573728e-01
3.635801772626422457e-01
-6.529390892468656116e-01
8.226273601637569266e-01
2.122444700456642130e-01
-1.238766383473244304e-01
9.793018815946636924e-01
-7.795725613348777339e-01
8.782617013101856607e-01
-6.615350850842059982e-01
-5.750198523359290048e-02
9.293624426777364889e-01
-6.637182857304052552e-01
-7.975467351928404725e-01
-8.749004371600350716e-01
8.814649443615789615e-01
6.245445263562303673e-01
3.443191637277458472e-01
6.505168165093361266e-01
5.710284172538655501e-01
9.968961553546804577e-01
5.812851140601682509e-01
7.927158716075272116e-01
2.983064537396950544e-01
-9.364964646700499884e-01
4.891286607282931964e-01
-6.972562735715981397e-01
5.326791140012474557e-01
-4.768277901778005257e-01
3.881648224031766237e-01
-9.837324046004771727e-01
-7.820719714423478575e-01
-6.629907687079040768e-01
-9.666807817683018555e-01
9.780595323021250564e-01
-8.251021115380068327e-01
-8.383478558197107189e-01
5.019462767909124157e-01
5.941109011606202639e-01
9.925995211878129165e-01
3.411641598934686548e-01
4.473909206113709791e-01
-4.292353129228526631e-02
4.026875904424872532e-01
-1.603446065440644608e-01
-5.336235472900150434e-01
-2.216762177290988456e-01
4.957335456737996804e-01
-1.729061474443071844e-01
-3.884422701722072269e-01
5.225294464469262268e-01
-7.944815229666779555e-01
-3.971465038049251106e-01
7.438089146203936686e-01
-6.692311159495810680e-01
-5.009108863483864305e-01
7.484297351803992360e-01
-1.360800397421736974e-01
9.507129646117525867e-01
8.900415254110440877e-01
9.309351810737260813e-01
4.121325471466427137e-01
-4.034193207114393220e-01
8.425572748760272734e-01
-5.478168028220256058e-01
4.901287339988147918e-01
-9.573365769423518579e-01
-7.699368511181167163e-01
8.939796402839133016e-01
9.585061679542980495e-02
9.433480137374463670e-01
3.239590485847857471e-01
9.854478338781541558e-01
-9.522017089630820941e-01
-4.152249350997078703e-01
8.434976710673794953e-01
8.329474014649674851e-01
5.555296989162170629e-01
-5.470858470522741435e-01
6.778360710894933971e-01
1.494673822136324826e-01
3.132785017675973616e-01
-8.749889586248338347e-01
-3.730391549472177326e-01
-1.384527960949590020e-01
-9.550750647354364631e-01
8.546777378282662818e-01
-9.290411792970906246e-01
7.422042348499450215e-01
-7.402902105894497709e-01
-6.105629137576337184e-01
2.934042962826886591e-01
4.247352216847741224e-01
-7.108979776389104943e-01
-9.767652518929790251e-01
-9.972646372453501940e-01
8.529822773852239193e-01
9.083585267095086735e-01
-7.071788457854972787e-01
5.575380033498632537e-01
-8.557227962223730167e-01
9.269951043339554886e-01
-4.508125686719819392e-01
5.346491942027812305e-01
-8.785466649395463623e-01
3.081768333546983096e-01
-9.703238235410658330e-01
4.595796881581037940e-01
6.571958225190513980e-01
-6.894802237947939005e-02
1.814325816835847816e-01
-9.492036545580193607e-01
9.044897231147677186e-01
1.307676147484649887e-01
-7.360711514785117648e-01
4.751074890396649875e-01
-3.011533555085229574e-01
-3.434042994287302974e-01
9.086732699992929874e-01
2.892331579646326145e-02
9.759014797952567655e-01
8.074101366730114249e-01
-9.930549000279976779e-01
-9.449542102057910675e-01
-3.336735886295758569e-01
-3.412928458915395202e-01
-7.235109004959320300e-01
7.728757961206321747e-01
-9.821701716217530187e-01
8.896960069285431150e-01
2.108133102840412665e-01
9.305349386471544193e-01
9.274503419541296756e-01
1.593774420820991411e-01
7.462294126851783949e-01
8.553330427313101669e-01
-9.740489845978603789e-01
3.893287407000067257e-01
-7.255155735215071955e-01
-7.033244961335766154e-02
-9.522716682015602840e-01
-6.601027877991637594e-01
-3.980635667457161908e-01
4.783787274352755414e-01
9.416853820839311551e-01
-3.587089777790526957e-01
-5.802797068410596726e-01
-8.881159773921065703e-01
-9.413292388350292805e-01
8.645636996540088104e-01
1.595582388301136634e-01
-7.416063706406031963e-01
8.014622154688112454e-01
-7.965699547060414165e-01
-1.420772567927618829e-02
8.155811457707153878e-01
6.103618140336707354e-01
-3.655940511514341740e-01
4.949572411342928469e-01
-5.560690557624556885e-01
-9.191958326737519336e-01
6.186772485686998779e-01
5.842546301713060775e-01
9.855464136059004510e-01
-6.326305360588529991e-01
-4.597904645916220945e-01
-5.163129149629246406e-01
-6.622085305964487967e-01
9.628927644499797323e-01
1.490434000249021285e-01
6.803320852037899602e-01
6.139949205243420138e-01
-4.700909627965756954e-01
7.190532655295474029e-01
5.414077840173561196e-01
1.820288487799115451e-02
-9.177697214038906814e-01
-7.355060974695512011e-01
-9.302995138236139772e-01
-1.520250258161388035e-01
5.998591213882096262e-01
-9.696667115457209274e-01
3.248463110525826036e-01
9.902477597112084862e-01
4.013134667155757729e-01
-9.646933429301749463e-01
9.343721535356147578e-01
8.408447910365995925e-01
-8.922386093456944334e-01
-4.321385936803251449e-01
6.793195097846111974e-01
8.690910157796511992e-01
-7.244235338350393238e-01
-6.921745688390399387e-01
-4.926601330632515707e-01
2.222730712779363849e-02
-5.430435048712124457e-01
-2.760416515547823302e-01
4.531021441899869551e-01
8.736344736938153055e-01
-3.539026919387704417e-01
-8.771483112084621503e-01
-6.252870664263798783e-01
8.544566273891871511e-01
-8.499091162065862681e-01
-3.848962236892773392e-01
1.465792975656977082e-01
6.313428317101021925e-01
8.541177550695532306e-01
8.191042759322216815e-01
6.115975706732843520e-01
5.545953881757570425e-01
5.407433216966297529e-01
-6.709457598061963068e-01
-8.298180178971382714e-01
3.119053480864738062e-02
-8.448142263629851434e-02
8.244249521281016291e-01
-5.358620815842736196e-01
-2.577527626196653432e-01
2.527001151212162622e-01
-4.093712424249177917e-01
4.703832489118442428e-01
-9.831630961123467571e-01
-2.827310374597059583e-01
8.486935924358709471e-01
7.111949476114695079e-01
9.766469673656188455e-01
-5.929912622169247749e-01
5.871610908617451718e-01
7.938484315563675286e-01
7.118717428376030165e-01
-6.481918299468506506e-01
7.521429811893928230e-01
6.689548141300463158e-01
-1.692981499229297415e-01
-8.119748343539046065e-01
3.504825097564701064e-01
-6.949319719422092367e-02
5.644952205675352053e-01
-1.791451225982605699e-01
7.785825444212017832e-01
8.723747988367392958e-01
9.765837150278298129e-01
-8.928946811302429509e-01
5.770279627776906395e-01
-2.332121039373836746e-01
-4.478848309568457808e-01
-7.005485685715598931e-01
-9.987420744834460962e-01
-9.471381480769717198e-01
8.730150818500356791e-02
9.595465955087583154e-01
9.157320594147111414e-01
-7.442277567586066400e-01
-1.390791000814528000e-01
5.646392341215813460e-01
2.360767879152630977e-01
-6.193431436155183434e-01
7.776825125559283514e-01
8.315776968122847723e-01
-6.801323157006721187e-01
1.756531759921445279e-02
2.029316487274215042e-01
7.704298415419601476e-01
-1.855375011581364419e-01
9.472202581596423920e-01
8.914490428239997266e-01
3.144156539118886373e-01
7.981087340975586697e-01
3.410840140025518386e-01
-9.867274864482492580e-01
-9.383481258861604557e-01
8.228366331176384385e-01
-9.460007482724615002e-01
6.816079131684482650e-01
-8.925494149797140730e-01
4.767689757383022919e-03
-6.407250204736898436e-01
-3.864489416221749130e-01
3.616777205543957319e-01
-6.666240058237610233e-01
-1.688391261940525301e-01
-8.666409033228832381e-01
-9.720501161184511574e-01
2.170127976670549463e-02
7.459614212658184362e-01
-9.123140146638828440e-01
9.055876198330981008e-01
-9.725921723526002038e-01
-6.295382134858248935e-02
-3.456192384694528053e-01
-1.428191080185703121e-01
-9.726373986185314902e-01
-5.662806434671510125e-01
-8.458499057717663305e-01
5.286025150562473351e-01
-9.852524904308921361e-01
7.377663697864194070e-01
-5.118556832741547741e-02
-4.043517964585996438e-02
6.046090125236244228e-01
2.475363632581785156e-01
-8.939901380039408929e-01
-9.650987869591054480e-02
2.068627403726215896e-01
-6.017804486102541484e-01
-6.090274304868582567e-01
-3.803208869318652763e-01
-3.046221744462698222e-01
2.262059344769920544e-01
8.664780488041614603e-01
5.499559067201295059e-01
7.669110904334695000e-01
3.478061004474862772e-01
-7.198433347506880686e-01
-7.713220836075924680e-01
7.569376604370190442e-01
-6.599305378742281736e-02
8.930751000778173188e-01
7.333021276049933590e-01
7.568740733452690161e-01
-7.446063812311387586e-01
-5.276425929637192924e-01
-9.364216989422304849e-01
5.284579270395575179e-01
7.521937644495018116e-01
-5.654630698809928191e-01
8.208975870743089320e-01
3.338963490155552050e-01
4.692545927276936535e-01
-9.848297980216506042e-01
-3.341312265602250919e-01
8.436432266095630350e-01
8.176446171775290095e-01
-5.886779547606959540e-01
2.884498561890488921e-01
5.357727419419217041e-02
-8.646848431748958008e-01
5.267078000327696241e-01
7.854273712048387424e-02
7.650255257565772293e-01
-7.227326301624109606e-02
2.604106375937665918e-01
-2.381854148871778709e-01
-9.731573437833352935e-01
2.820629050363107626e-01
7.824447070222494416e-01
9.585329899690017141e-01
6.759669559768877178e-02
8.356017539389253290e-01
8.771829625799915098e-01
6.077548005379698193e-01
7.358272590854737505e-01
-6.290511161302487775e-01
8.503845841963085794e-01
8.228568751314742080e-01
5.588893292804616442e-01
-4.740761210593287256e-01
-3.411648638987025417e-01
5.237423859003277338e-01
-1.441619014279915123e-01
-3.984347192666681803e-01
4.289101830416786054e-01
8.217894729367902773e-01
7.217746570739504985e-01
-9.841080550087661916e-01
3.854310863467450554e-01
-7.835045938878606453e-01
-9.528974158314363896e-01
5.791317393320862816e-01
-4.403326844441139976e-01
-5.133997970247548004e-01
-8.653729251444894910e-01
-7.899283521624239635e-01
7.039503760625829276e-01
-4.284953053021052782e-01
-9.400743263348847467e-01
6.851920962489125300e-01
6.496776318279040563e-01
-5.189605763722109355e-01
-3.490516345179536239e-01
-4.906820693513551379e-02
9.487138183376659928e-01
5.213658288585576450e-01
8.393636771453492074e-01
-5.735012503882224166e-01
-8.798513499710387542e-01
-2.708272409555493865e-01
-6.957131809649657050e-01
-3.531277190046755443e-01
3.848569658786932246e-02
6.919644711838334183e-01
-5.639518977342805606e-01
9.575663088847730098e-01
7.374065641665709103e-01
4.042918307119625076e-02
1.699602307678688140e-02
-4.320124889337295659e-01
2.838247638031034525e-01
9.065013949959822570e-01
8.789384961807994445e-01
-8.199514661107039082e-01
-4.661570577058632980e-01
6.657273156912880685e-01
8.908876624301437230e-01
8.188331072821590784e-01
-9.721611100443721121e-01
9.076876739455944088e-02
6.061430489964141355e-01
8.419352617637092528e-01
4.363746077216978381e-01
-9.504602306760631114e-01
-5.687988492733155876e-01
8.258200738935577156e-01
9.460437587537549042e-01
3.875587385753750946e-01
4.737885566370196866e-01
-5.120063302520443393e-01
8.450090644206608159e-01
9.189529541850776084e-01
-4.045341210451726122e-01
-7.712683559977084879e-01
-9.898253135737329345e-01
6.765324835021205852e-01
-5.953838589375939350e-01
-7.961926028005688050e-01
-8.663227433624703933e-02
9.279385374748776449e-01
-9.860990718928546173e-01
4.388610261076319463e-01
-7.800859695159735319e-01
8.604676562642840087e-01
6.949081355768049750e-01
5.018894128788454756e-01
-6.963706609237202416e-02
-5.567148931982063287e-01
6.306791196233714203e-01
-3.824654569729603049e-01
9.314949429723169416e-01
1.273252612941760398e-01
2.750909623983657237e-01
8.934263132777927607e-01
-9.868113031112526468e-01
-3.225444990991180871e-01
-6.192559805897711600e-01
-4.112226488426166116e-01
5.183002820913082953e-01
-8.605890424766708957e-01
-7.549418624514180332e-01
6.715033371801275575e-01
8.134539524004743560e-01
8.885863618208709180e-01
9.453887459116779857e-01
4.142367588389547772e-01
9.457786900151935461e-01
-6.267487242195185493e-01
-7.488786780625281692e-01
6.742966736859747900e-01
3.192275894449443929e-01
6.585874013190735621e-01
-2.811409629905604057e-01
-6.848941434986551835e-01
-6.995800555079818572e-01
-8.246332227369738144e-01
-7.203514219114159900e-01
8.754290110946665315e-01
9.717372234239480822e-01
-7.047352139932605564e-01
-8.562447121575231801e-01
7.551936752892760563e-01
-6.549170826126771150e-01
9.994673586814093458e-01
6.303634204588661749e-01
-5.431732828520640100e-01
6.737658413398113222e-01
4.999583351066041459e-01
-8.918861925821129910e-01
7.169969089412420171e-01
5.392552773807002264e-01
-2.462039431267416534e-01
9.195802486828836830e-01
1.977586279278013837e-01
3.341840296360854001e-01
-7.730508629887118399e-01
-5.263379189597713337e-01
4.407631997187739792e-01
-3.658978995670760237e-01
9.510297581673613498e-01
-5.370962512480987883e-01
-2.660001079929339429e-01
4.780511964833045191e-02
-9.025865106991733944e-01
-6.453738162595726857e-01
-1.872902964431091832e-01
-9.042806672659388090e-01
7.824443795266302626e-01
-9.691291452829009501e-01
-5.699291789271032638e-01
-8.827672430408622928e-02
9.027205284881738567e-01
-9.769985023901442966e-01
-3.301371295597987365e-01
-6.995218082448698693e-01
8.205826814831309601e-01
6.037141892256260300e-01
-3.353710245175244298e-01
-9.450123439234636713e-02
8.247073368749195943e-01
-9.666971185480942585e-01
1.932273228479253202e-02
6.592335602642044323e-01
-6.009650859263540035e-01
-9.183845830799157728e-01
1.279400239146838425e-02
3.839480483722978454e-01
5.431469111864150046e-01
-7.542781007824095330e-01
-9.763303084945389454e-01
6.486929235342584477e-01
-5.532907460313795101e-01
-8.605171401122149177e-01
9.326106845299104720e-01
8.815245148358700211e-01
6.336009180200088409e-01
-4.986935868440671160e-01
4.591195113427693486e-01
8.458267177551921367e-01
7.362742305496291495e-01
-3.418018383540367688e-01
1.591791065667376437e-01
-9.865787829492356220e-01
2.764428654967039378e-01
-9.516772125676297156e-01
-8.029405845013509735e-01
3.699156602710618746e-01
8.495859219797335937e-01
2.814111250318332424e-01
-5.613635251499712320e-01
9.015645161257580531e-01
1.773184127401961074e-01
-2.040592542667995501e-01
1.061824117379792098e-01
-9.869629003526414479e-01
7.123109574346819794e-01
9.061029298218284955e-01
-4.751664174526946116e-01
2.890770140311275660e-01
2.532175565499272807e-02
-6.952891525818402640e-02
4.400697202662054996e-01
-2.476817490687046874e-01
-6.414524068049414218e-01
9.935375030705515531e-01
-7.162190032640379789e-01
-4.300412646723008603e-01
6.820573747380277441e-01
5.409160715162524280e-01
7.716540824253869113e-01
1.531572374125479419e-01
1.789440109392276268e-01
-7.333857921568962546e-01
2.969984820809299930e-01
4.286126049855951692e-01
8.826310603871219129e-01
9.888335169834245875e-01
9.611439159257272324e-01
-6.242393898530735896e-01
-2.564760700522026315e-01
-2.755261349449221742e-01
-7.781874869398599515e-01
-8.981724953610139561e-01
-9.997310488002548734e-01
-8.221090630229108132e-02
3.074806494824332548e-01
-3.150538368222024488e-01
-6.645358939227342665e-01
6.741184793853265411e-01
-7.652542324903799376e-02
2.022652946302075649e-01
-4.382283836018411316e-01
-6.564903416754879206e-01
7.938875064044984553e-01
5.844833381066388833e-01
4.966605286479037762e-01
-8.748705589661972537e-01
-7.854595347260169280e-01
4.735158232419375279e-01
1.502831941439715102e-01
4.499850156563153236e-01
6.421589106442830985e-01
-3.049438839971557735e-01
-2.951012932680128209e-01
-6.193493914249093013e-01
-4.672234443707076745e-01
7.785628756529242578e-01
-5.943564398229704837e-01
8.684753392082505963e-01
-2.959151185934056905e-01
-2.770131396225198883e-01
-7.921879854706393997e-01
-9.722272578683823774e-01
8.704016636735385504e-01
-4.195578650370212492e-01
7.263637575664764201e-01
-7.301468227121903354e-01
2.647975119087805362e-01
-7.879138017392437465e-01
-4.075192529833907007e-01
7.259984048752676777e-01
-9.314118868481010560e-01
3.921638989586239687e-01
1.663358636743720309e-01
8.031863876240374900e-01
8.029794454143225346e-01
8.787537202483862719e-01
-5.405885276884966339e-01
-5.449479785254250919e-01
1.366302901673280279e-02
-3.908851996213724700e-01
-3.271952335171733894e-01
-8.859789730361720128e-01
9.546599478742923139e-01
7.374043123141209577e-01
-7.806697813014439324e-01
-7.595937486473559597e-01
5.165011510362201852e-01
-6.064403618106017912e-01
9.382444854766429643e-01
8.640949527258794394e-01
3.681554656623026167e-02
-3.207137301869026347e-01
-7.294100930252306325e-01
8.524755058384240192e-01
6.978747811386173394e-01
-6.168379115307289773e-01
9.135013304617302099e-01
-7.676383866349993923e-01
-3.516799569056181518e-01
-6.983974232433183271e-01
5.432032291913082567e-01
9.514011921429536001e-01
8.969768551001346957e-01
-4.657016489814067017e-01
-9.048316603994329688e-01
-7.876544508030944858e-01
-9.603971845033982824e-01
-5.529383851406656225e-01
9.516480477953204176e-01
4.738268498621813207e-01
-5.796697322513866268e-01
4.518512254515947846e-01
4.043813099149823898e-01
-7.856633720558980905e-01
-5.549045070784791589e-01
-9.148428263172146968e-01
-6.168353652473743676e-01
-6.281331964071689145e-01
-5.352470309614654198e-01
7.954678990639703351e-02
9.977280636155628768e-01
4.308926099713307201e-01
-3.619491298542234503e-01
-8.109044515175325429e-01
-3.821087724519366957e-01
5.646929897547066091e-01
-8.578593184843896768e-01
-6.507712202902581344e-01
-4.260039611275469040e-01
6.500579046692560592e-01
6.278935394539636450e-01
8.703257520463059116e-01
-1.400504174105330624e-01
-2.017909191685673675e-01
8.703295205908589960e-01
5.836410808005675077e-02
1.140717353214966701e-01
-9.553668276860978192e-01
-6.021724897493067052e-01
-8.163710329859956705e-01
5.339749149715869447e-02
-8.875054648241214039e-01
-9.239525009975461112e-01
8.780093130750948882e-01
3.552744865569426591e-01
-7.697979790382850629e-01
-7.177067554326030940e-01
9.114287805919458751e-01
-9.867489598365544179e-01
4.572941797105943840e-01
1.924468321411522409e-01
6.308139366280092197e-01
-3.014984211910597400e-01
3.260297383328434329e-01
4.217036490681843053e-01
5.593312339585879700e-01
-8.451568887729570267e-01
9.067724425795716803e-01
9.360491884490422798e-01
-1.330400600657254961e-01
-5.911286839148996997e-01
-9.085558916263747342e-01
9.904747675004392793e-01
9.745179268184747112e-01
-7.089701584482666075e-01
-7.743095504592981682e-01
7.768615970823676831e-01
-8.988126069716547706e-01
7.900706803256742905e-01
7.238519485415872978e-01
-7.305956316493780189e-01
-6.355112018798063644e-01
-6.809908002473279431e-01
8.442079750053179676e-01
-6.173171284153646798e-01
4.800530614699056731e-01
-2.395374243151527915e-01
-5.575039623032195246e-01
9.322593663792841934e-01
9.487659728501229850e-02
-2.819506083109500350e-01
-3.793721210054200599e-01
4.415033066687503727e-01
-5.609392320632839990e-01
-8.494910067042416024e-01
7.876540156579447949e-01
1.490155030409658909e-01
-8.030522198079866891e-01
-9.854043176927175240e-01
-9.609137238603422393e-01
-8.687973687806441747e-01
9.725333659650695628e-01
9.261079435459277365e-01
8.191147377641083693e-01
-8.966656522446788680e-01
1.848172242754783645e-01
5.512232523196083367e-01
-8.754606120104507783e-01
5.409128637679289087e-02
-3.681534856440816239e-01
1.897486000570400844e-01
-5.927044536508747630e-01
3.442530775207884308e-01
-4.793371279138375352e-02
8.046365359405042994e-02
-1.239540778868498117e-01
1.325328561102711578e-01
7.830232199799018744e-01
-7.871193237920184327e-01
-4.607048676512948693e-01
9.232091577578027675e-01
-8.754848508824356057e-02
-7.976063429807587202e-01
2.217044457975053395e-01
3.763399440558446996e-01
-8.429222279705564924e-01
-6.077745844785169549e-01
4.477402969707751645e-01
-7.194947396249438132e-01
-4.546095477794004358e-01
-7.105809633432276229e-01
3.167063639805522413e-01
7.699598057925732819e-01
-3.443933708759256973e-01
4.576111655595035410e-01
9.713946031817380922e-01
-7.511964377950841598e-01
4.383314068017337140e-01
-9.773780351071978956e-01
-1.483151810747784793e-01
