4.790167156172040475e-01
8.452283346047945178e-01
9.940565957800027164e-01
-8.329038518943086000e-01
9.291893397748841599e-01
2.081706975692232398e-01
8.957737839516595191e-01
6.052948578536465618e-01
-6.046982508456995309e-02
-8.966054827163384422e-01
1.294756802823156250e-01
9.917893865473035309e-01
8.133446889581105177e-01
9.075570562300134814e-01
1.541450194848703326e-01
-8.341997994975508535e-02
-1.998530812167222948e-01
6.834859124354697446e-02
-2.596704825036923459e-01
5.280763505280812176e-01
-4.037548031581307262e-01
2.343663674959185483e-01
-4.526995659396628735e-01
-7.117152028406457109e-01
-4.703133512663761895e-01
-8.739411546607366299e-01
-4.171539022332999835e-02
9.964850938560214644e-01
7.748622384050898315e-01
9.732839751279829255e-01
9.614911936464365372e-01
1.622299071731198028e-02
-2.664574553907168020e-01
-5.249236978344572480e-01
-9.374556325585579053e-01
9.191425361746696776e-01
1.843660669628994497e-01
-1.419424534659710635e-01
5.116030306054454302e-01
-9.485179635840890189e-01
5.366692747764042482e-01
9.108035424337367347e-01
5.179402587563861071e-02
-9.513379554287991757e-01
-7.376248769666629568e-02
6.034089804727307271e-01
4.444488753453326724e-01
6.129454963192307870e-01
-8.886804999954782680e-01
4.093475864786079721e-01
7.917168053415266638e-01
-4.443415665926577218e-01
5.403519059589669826e-01
9.697462687759762501e-01
-6.144503416968044585e-02
-1.575937941027315548e-01
3.968801887536763662e-01
-8.945980599002525402e-01
9.632464362751190778e-01
-8.157076235850739820e-01
6.221536537176413084e-01
-9.295310674917063309e-01
2.745599762002131072e-01
-3.910150493047413467e-01
7.221915999666911334e-01
-3.486993583303375499e-01
1.512233544217231052e-01
6.065213981206436511e-01
-5.738716287721339349e-01
-6.224665044379130707e-01
-4.679364755469089809e-01
-9.995464911520171025e-01
-4.878540271584154708e-01
1.920143127980652453e-01
-6.522646874859794330e-01
7.086772893772200765e-01
-5.589528234708937005e-01
1.173178610076949235e-01
-5.198711454529760800e-01
7.034615158252393030e-01
-8.082392428979754406e-01
-2.994644957460910195e-01
3.149030162032151470e-02
-6.644660188013929991e-01
-9.858841434882399390e-01
6.475067173083528527e-01
6.143322903367970378e-01
-2.586616191731959113e-01
-2.374497603648745570e-01
-9.501415310875400699e-01
4.028352717618302603e-01
-7.256506020080786268e-01
-9.774932830650486792e-01
-1.298801875614854773e-01
9.135859669654288195e-01
5.344436749177695622e-01
7.187151824188380278e-01
5.603333071626419581e-01
-8.094052569241114714e-01
7.779589959204849525e-02
9.826637532858666368e-01
7.953105877428552350e-01
-8.657156094739172358e-01
7.394426131190125207e-02
-8.841976542646361459e-01
9.844331934134615825e-01
9.653023954568409337e-01
7.005702184730924209e-01
-9.079498868621506125e-01
-7.420865398933179646e-01
-8.004276976851362191e-01
-2.035065897018917269e-01
-4.424161001688302619e-01
8.043553498687731063e-01
7.633559035155562666e-02
3.656897282204530919e-01
-5.780202398948716680e-02
-9.948280325610879826e-01
6.743519438469210980e-01
4.780825282062566295e-01
-8.687420115685556832e-01
8.126727316437187820e-01
6.793184432692916941e-01
-1.455728775223165128e-01
6.563264300175136734e-01
3.696517423201018948e-01
-1.996533641845119611e-01
-8.823991913843203250e-01
-5.750953157090397116e-01
8.840165933511886509e-01
8.173399032558817390e-02
8.284722085275351144e-01
7.726446642340005777e-01
9.604607353931191582e-01
-9.572733317122708030e-01
-6.263749243382720211e-01
-3.280176419631025131e-01
-4.382884525410369880e-01
-6.819595265362307090e-01
-1.583546724356953150e-01
9.498549341139373992e-01
-3.617464903617205740e-01
-8.155148501719970966e-01
-6.298130790416256453e-02
-3.927938613032376236e-01
-4.957556772394138833e-01
-5.554088544812871842e-01
9.240396339490106747e-01
5.691362171070460940e-01
8.967467341592904040e-01
6.347110111888928374e-01
2.471897719499385471e-01
2.835903306383425471e-01
8.721117316010096321e-01
2.922444764819412399e-01
-8.659202855742179628e-01
-4.452031040012992547e-01
-7.410421708934749052e-01
-9.908160156288614573e-01
9.449164743897020546e-01
-1.477998571932788163e-01
-3.119259940485401006e-01
3.820892282280933250e-01
-8.793395512155265381e-01
-3.655881911285068231e-01
7.317489836081884080e-01
6.222360309535595047e-01
5.606700692534264396e-01
-6.915740434626642674e-01
-9.663594099996666298e-01
-3.377465987521606761e-01
5.775274433293294818e-01
3.600172045925276176e-01
-9.804656551849088020e-01
7.637860666810148969e-01
6.068962797773083118e-01
-9.383929175078403739e-01
6.661891673743219888e-01
-7.744301983249050059e-01
-5.982342877129447345e-01
5.501803369236321073e-01
8.935354857186457167e-01
9.237502187840442858e-01
-5.276611533968822432e-01
-6.685468511350745047e-01
5.519610660767689803e-01
-4.668721634602257531e-01
7.920091771752979515e-01
-6.203486009645140520e-01
6.267925584221089030e-01
7.286765075059968844e-01
-7.122680402546003320e-01
-8.721882151126625349e-01
4.712638775311157047e-01
6.917810957265725369e-01
-5.872189766975026703e-01
-2.529503432480726954e-01
-6.333558376534001999e-01
7.300778656071413852e-01
8.903636541075072852e-01
-8.604643745383099285e-01
-4.714728190727686674e-01
-2.005580701120261433e-01
-5.745748195864875951e-01
-6.920299716593181216e-01
-7.980703261933688175e-01
-4.552606593131430790e-01
-8.171587854884644342e-01
7.589617110134349032e-01
7.600848661176180521e-01
3.824185476146869656e-01
-6.421093892347302656e-01
2.831510796479086434e-03
-3.410883211754233146e-01
-7.981797278181148592e-01
-7.420592416668256863e-01
-3.899402452240161021e-01
7.849173072734983991e-01
7.265884118181404894e-01
-8.782131649682399788e-01
-5.453021768240121636e-01
-7.246850686373216277e-01
8.103793944210950784e-01
-2.106019731870600875e-01
-6.054693372068881141e-01
3.979517254256494940e-01
4.526299410273176838e-02
3.856574765260505355e-01
8.426907823859852709e-01
2.285787633004404962e-01
-9.971389176306477697e-01
9.920784215471956102e-01
4.037698219700756042e-01
-3.224858833654363766e-01
9.933871673478589237e-01
5.528870156202142505e-01
-1.882502236706751764e-01
-4.381490578524558921e-01
-5.115941393576909357e-01
3.355950903691715115e-01
-6.695909233216712497e-01
9.855806608172057448e-01
-3.718366762544722537e-03
7.863520204152216753e-01
-9.623579471236477501e-01
-8.381938926758052411e-01
-5.684774155554792596e-01
4.970837315362519049e-01
-4.922101792713229340e-01
-4.855233550283104549e-01
-8.567147730989297383e-01
-2.910752805640384744e-02
5.105778146321499067e-01
-8.625625400914758156e-01
-9.738421746536097823e-01
-4.557565856047796071e-01
-4.561982569713031732e-01
2.625851346197251024e-01
-8.852398158377003945e-01
4.767895734888421555e-01
-9.735968184634032907e-01
5.319035865055301571e-01
9.301956542640372749e-01
9.028906417660172989e-01
-7.175516289870826903e-01
3.221775628088587862e-01
-7.809736652534197132e-01
7.810868789055805950e-01
8.660465422445032813e-01
6.467753794584452098e-01
8.989850210035610356e-01
1.418315794123260198e-01
8.669953222181168151e-01
2.048032997115459275e-01
-8.866957789413718594e-01
-8.772194857468177398e-01
9.046762521105458088e-01
1.676749327887474550e-01
9.004956119267417680e-01
-9.665138880409916977e-01
6.885429473766177533e-03
9.499776454761418298e-01
7.199671950098257556e-01
9.807030671497208862e-01
-5.562148106545780069e-01
8.791216450319796483e-01
-6.495322779417890269e-01
8.399410378268556965e-01
7.923094359380344898e-01
-8.570186744056617067e-01
9.540482858806802469e-01
8.150404551768875017e-01
8.033677045975248232e-01
8.877306486787380768e-01
-7.784872404389995282e-01
5.977162302402887484e-01
-3.437617956237665195e-02
4.629726589687467309e-01
-8.260053777498592709e-01
-8.172838216175455361e-01
4.931731849770404352e-01
-9.870686979692011587e-01
9.763981541618793614e-01
-6.373935240047730322e-02
4.638958348387585140e-01
2.469831067456807749e-01
2.763853586178557920e-01
6.225077815196702335e-01
-7.963800003296123142e-01
8.805255870377416416e-01
-8.701711759989948503e-01
-5.375434640669934927e-01
-4.392378725720859078e-01
-1.995240834362527194e-02
-7.293521662174471398e-01
-6.336467284773216191e-01
-1.285545239319741961e-01
8.447882177253673852e-01
7.612909570936130521e-01
5.664840664960050232e-01
-5.319586854110176510e-01
9.728352358738598937e-01
6.934379784601840679e-01
-9.418375459701580077e-01
6.369254655886178451e-01
8.299280148731123796e-02
3.401767419026580086e-01
-3.495238786021096500e-01
-6.875460311547377801e-01
5.225965601452726705e-01
-1.609615443137203117e-01
9.893198115490400291e-01
8.338966806894781980e-01
-5.822963585525081642e-01
-2.544367370296851116e-01
-8.347396534296984694e-01
-9.894580649300738218e-02
-8.935895515948426571e-01
-6.468230539035521032e-01
4.847645656299818251e-01
6.359560689082801588e-01
9.783572850718341707e-01
-6.863023923481430533e-01
8.120792175379750732e-01
5.697150525461216475e-01
3.260259558582390693e-01
4.401982538282436241e-01
-2.397767740894151400e-01
4.267567087423766448e-01
6.576667224573999881e-01
-1.890901360118628638e-01
4.678394363765183694e-01
-7.227311526578009682e-01
7.229435313657750495e-01
-3.028920113164251804e-01
-2.554698058759460877e-01
9.613651210192977192e-01
5.273428659631667070e-01
7.465051520013090691e-01
-1.985567264702941537e-01
5.964420015049209933e-01
4.018679377210603310e-01
-3.026205829221954580e-01
-6.437287707674106407e-01
8.400941070942106181e-01
7.845582925134592100e-01
3.454496047228165501e-01
-3.312957545680410565e-01
7.787741094982805201e-01
-3.910669345062814384e-01
-4.348996367688225395e-01
3.540460158580860384e-01
-5.229478742600358609e-01
-7.895959620420878178e-01
5.745226274837115232e-01
3.411442650515625341e-01
7.601562741597867046e-01
9.632868611184186580e-02
-2.772538274511425760e-01
-9.787703983779121319e-01
7.931034509065819638e-01
-5.778281580312149002e-01
7.146813111188934364e-01
4.229651207002573798e-01
-7.045273310301634062e-01
8.952802791723545317e-01
5.907625325905303537e-01
9.034177629215536243e-01
-8.991701235827440075e-02
9.890919432189927418e-01
-9.533008782175229623e-01
7.304791831850010464e-01
-4.314363437160423920e-01
8.870371038249400542e-01
8.261828811639355674e-01
7.726463376740684286e-01
-6.103032042683360636e-01
-8.006919089395372335e-01
-3.931554777023316127e-02
7.274650045149337885e-01
9.074933535889008196e-01
-9.915271558285364550e-01
9.987238428960609760e-01
-2.992008447925602610e-01
5.525575939260949365e-01
3.323760170587740648e-01
-4.433676906978341603e-01
-6.074595830039922761e-01
1.395751739562950677e-01
8.004940792216680423e-02
-4.429602377565566851e-01
-2.825347134078698974e-01
5.247522341430134185e-01
-8.401745021905937527e-04
3.675194409158073494e-01
6.860178641672520783e-01
7.702882078418092915e-01
6.363179520523063459e-01
-8.599801140867744387e-01
-8.147461775976636567e-01
-3.760290196052762379e-02
-2.032012295918196598e-01
-8.039308402374472085e-01
-8.061584455670812721e-01
8.714065328620270723e-01
-8.764788735367188277e-01
3.818276001782935358e-01
-1.859677601653642043e-02
6.117069288027819907e-01
-5.673679754737396275e-01
-8.667469536349980963e-01
-2.984597226028896100e-01
-6.696574059102732290e-01
1.271406393090986908e-01
-2.116713762738146321e-01
5.568274418231266010e-01
-9.142965919554529863e-01
-3.438333770158495950e-01
5.897400783161343973e-01
6.138904615567307710e-01
7.619312988418298627e-01
-9.514577979323812773e-01
6.716552422274726930e-02
6.879417120225588267e-01
1.555047652458624308e-01
8.978123785153095948e-01
-4.362122370252007331e-01
8.923798883226742307e-01
-5.530371140961187759e-01
-4.997067832095923867e-01
9.829826942242390064e-01
-9.429256760228028611e-01
5.913328437019838013e-02
-3.667340968990465133e-01
-3.259948454571727217e-01
-2.036757123447429652e-01
9.655719223880125934e-01
3.590648281293812860e-01
9.574680228383176672e-01
5.309645578227361051e-01
5.841779159646058872e-01
-6.375237834663334269e-01
1.151676966431743332e-01
-3.065815482931203428e-01
5.295870124561576908e-01
6.119124545276075633e-01
-3.572614442706655846e-01
2.444330568174425122e-01
9.673410447211344687e-02
9.506309871894607078e-01
-5.959122506690155419e-01
3.187027297414679605e-01
9.222334483260006266e-01
9.018144687176821162e-01
7.333685929647030255e-01
-8.025154616483912706e-01
-6.120056411481640257e-01
7.074703471764594020e-01
7.323831123125530418e-01
-1.299079492592259688e-01
9.809700178309865848e-01
-1.463127329338492766e-01
6.248696866728297161e-01
7.269895434669841894e-01
2.975131372635130278e-01
-7.838182849658219542e-01
5.558019743762003806e-01
-1.972828443269775411e-01
-3.342144488528440704e-01
-5.955097543191851805e-01
5.236881513317579451e-01
3.959497709155495038e-01
1.204816808078239543e-01
-9.776437656333362147e-01
-2.669136871018680246e-01
-3.810195101645986737e-01
5.088039682127390995e-01
8.199844359296748486e-01
6.447091766585109074e-01
-5.176092535777774284e-01
5.913137677739490616e-01
9.433747541944844661e-01
9.413486975252527422e-01
4.612927460659768109e-01
5.934886969366387488e-01
6.973780826332918181e-01
8.145893567044915073e-01
-6.902644001806094165e-01
7.539107942709361021e-01
-7.351784001335289753e-01
2.604515499726014482e-01
-7.888548922027021071e-01
9.078665594452195453e-01
-8.652792479877172704e-01
-3.631415639568884024e-01
-2.475408147328856390e-01
9.670601691014928392e-01
-7.472038995250784854e-01
1.314917292888915235e-01
-4.389068268024776676e-01
8.831817066314721076e-01
-5.591253316352098324e-01
-4.428481324528771856e-01
-5.402571562310920505e-01
5.316390627951412817e-01
-9.703113278594907021e-01
5.477745139901626370e-01
-2.177001240604113097e-01
-6.075934326988258194e-01
9.100320571516373747e-01
-5.151949341367688673e-01
4.368905355994413542e-01
-7.831351872615208709e-01
8.008518258454808691e-01
-4.440877725197922565e-01
-8.525869108007203545e-01
-4.849506742530296788e-01
6.698960609768747076e-01
-8.527843253351297115e-01
-1.921520921902328538e-01
9.051713144791878607e-01
-3.838632973844332552e-01
-7.750861571049512122e-01
7.736063833196878958e-01
3.917297650513532625e-01
7.058184728959354670e-02
2.692986329926398414e-01
-7.135409308671447626e-01
-7.099169583618238910e-01
-1.600591833892445193e-01
4.525370134975608694e-01
-8.767788183564088067e-01
2.244778829167308823e-02
-8.582391033199751051e-01
-2.951706921945682627e-01
-5.936369455688311758e-01
7.126478040714590012e-01
-4.304980386300711892e-01
-8.286736585970884139e-01
7.071421914535852560e-01
-8.684869902504599448e-02
5.534404549153115749e-01
3.423801180625034024e-01
-2.577139937577552775e-01
5.885546729579045344e-01
7.812779994611831480e-01
2.695652411326511788e-01
9.025427947867528111e-01
-1.425122020042657034e-01
7.215327998456116942e-01
-4.359886967815525538e-01
-7.589130739093741251e-01
6.150526562943091635e-01
7.614545310783867871e-01
1.816939322891898412e-01
4.441743393331985534e-01
3.585505723893342989e-01
2.957962922892766744e-01
-6.585744461809159844e-01
-7.838204560310438884e-01
-9.669824960576303141e-01
-8.673128687027049644e-01
-3.921747636177881913e-01
-7.913212511647108593e-01
4.026092107860477221e-01
4.466300941883976638e-01
2.361655998140171075e-01
4.118107022440742893e-01
-7.552414974674925841e-01
-9.756415662739580108e-02
-1.717583705748490230e-01
5.531775212056282420e-01
-9.644683985118459590e-01
-9.980383536864605443e-01
5.391774706169343290e-01
-6.422029001174706098e-01
-6.344372317539985762e-01
-7.453654197252971292e-01
-2.827608733165409283e-01
-7.405721263231912488e-01
2.330614334513368968e-01
4.979194340745559666e-01
4.811546221757896369e-01
-7.240774887627832168e-02
4.378603375279680465e-01
1.686551658748525195e-01
6.008036508799626807e-01
9.972778178248535852e-01
-4.628819392215506312e-01
-6.351380422051633445e-01
8.836623311320973562e-01
2.224916413841937501e-01
-2.977957722449874334e-01
-9.826394254125868644e-01
1.751603404688527044e-01
-8.173220273878785136e-01
8.654201609816346563e-01
-3.384774929108997354e-01
-6.107723749697058224e-01
2.683902474229262966e-02
-1.724400286025317142e-01
-8.012204930885737930e-01
5.054902114719070916e-01
9.231250041754263114e-02
6.343773769721290368e-01
6.938808839158320252e-01
4.846777303408416060e-01
-5.543815500295747878e-01
6.004817424461398323e-01
-5.746789564359193747e-01
1.662204292040936338e-01
8.644243106121941578e-01
-8.508711949101921412e-01
1.596147738318935971e-01
-8.320864549924500420e-01
-3.981483567535288315e-01
-6.715805262161769207e-01
7.780565395482926805e-01
-8.279069411631081454e-01
3.423080148523243160e-01
1.024026317449495960e-01
-9.115270315831195402e-01
-7.288691455915905504e-01
5.220791344948008117e-01
5.231924054571976956e-01
9.800346907634477356e-01
-6.922806360607606374e-03
-7.463341322693566315e-01
-8.384354289252753389e-01
-9.003215640068616965e-01
-2.707003606149503971e-01
2.154752716020741365e-02
-9.551942154776383864e-01
-1.722809528703097282e-01
-3.848892339762570725e-01
7.275768809551418359e-01
6.981158705595851277e-01
1.955913710900476221e-01
-6.690303986416129556e-01
-2.945253074672076199e-01
9.778828571843460882e-01
-9.558728738778730083e-01
9.625997119367536436e-01
-7.337701846462234556e-01
-3.902908256276581278e-02
-8.151949837126523102e-01
9.157796913370541692e-01
-5.255207552961327355e-01
-4.731653077946448294e-01
-3.157958692368967868e-01
9.846142883837624149e-01
-8.860612307963486867e-01
8.914765715887041919e-01
-2.932179556550082999e-01
-5.392805642688541790e-01
9.138909016751696202e-01
7.312531584126191753e-01
9.653398573076015232e-01
-4.101674511437221060e-01
4.789443186460892177e-01
-7.571369404143689641e-01
-5.342081819692616751e-01
-8.233908415330238872e-01
9.760749532715977672e-01
-8.412912424774907638e-01
2.922515039811334758e-01
8.831424448534898053e-01
7.957808746756214191e-01
8.427932827693387363e-01
-6.975567450912503187e-01
7.113719750920337592e-01
4.406583281347468684e-01
9.566319519980794883e-01
2.681087291891737223e-01
-5.944694699508166202e-01
-9.558258753936890173e-01
9.323045099081914699e-01
4.646717791895972338e-01
-8.194529695128137670e-01
-2.071300622603590436e-01
-8.792660850907471071e-01
2.967059854559568888e-01
-9.180527526505023461e-01
-7.097931049024801542e-01
5.850623667302924380e-01
1.168917356136903729e-01
6.884251308833250205e-02
2.583060820363884957e-01
-1.601258174787713873e-01
-9.338068512742213612e-01
8.664987806921171654e-01
1.654539683683540763e-01
6.468651593192331628e-02
-3.726816711820338246e-02
-3.085512910435683764e-04
8.186378134432368281e-01
-4.550011719793908282e-01
-9.075293330846290196e-02
-7.016431866973109610e-01
-5.537175236426890024e-01
-2.358457951099734995e-03
-6.965209839536679048e-01
9.167632633550065746e-02
-8.961173353327482882e-01
-4.366570723440074131e-01
-9.116002072817348534e-01
-9.832437315238218289e-01
-7.238344364740998405e-01
-5.493222196279970437e-02
2.232750207788769814e-01
-4.912563859558904955e-02
-8.569988639008384590e-01
1.660214636796661924e-01
6.918763455915540872e-01
5.001784601374085204e-01
-9.407217999781298801e-01
4.006894551704139884e-01
8.388200410146365860e-01
5.295876647666836190e-01
8.315096702364198622e-01
4.302876638196411196e-01
5.063800962635086611e-01
7.313596574336149736e-01
8.864695878502331094e-01
-8.807663114309656205e-01
8.717693161751602915e-01
9.575759585407064289e-01
-1.029780603987722754e-01
-4.516881808333904069e-01
-8.287930497649006467e-01
9.830426275743793241e-01
-4.020156778536272402e-01
-8.094136960574203066e-01
6.706424612258837792e-01
-3.297666721968864900e-01
-5.656426102452369875e-01
-8.478442764536245901e-01
1.397647538279692958e-01
-7.521659246427081502e-02
-7.082896275334267244e-01
4.213541500322837141e-01
3.914038036647474184e-01
-7.842551840555577192e-01
-7.289791844953221744e-01
1.554089838845453542e-01
-4.825676935201901330e-01
3.976358081303845160e-01
3.211071781888997223e-01
4.952419462240659764e-01
9.880585792741151119e-01
5.094093185430481618e-01
-5.355834017816505366e-01
7.758920072673798352e-01
9.535985351619918893e-02
6.760394298414417191e-01
4.940541748429869706e-01
8.650423456593059335e-02
-4.528218110056337897e-01
2.748487476008065200e-01
-1.402214241193148470e-01
4.843115629289850843e-01
3.665579286267027226e-01
-5.990621992560400955e-01
-6.356400175797273233e-01
4.588145444513692661e-01
9.782254744695810800e-01
-1.731674998088206519e-01
5.071826623943750390e-01
1.783733484927806090e-01
-8.159773483222272361e-01
8.706683545792230916e-01
-5.947859944564527490e-01
4.940640876038324136e-01
-5.125308423354690834e-02
-7.191610600308950829e-01
6.777152845183764818e-01
-7.543093371342496356e-01
-3.452757361324398921e-02
-1.293318016705861384e-01
7.608576101857632557e-01
4.101695089684470052e-01
2.244048738465369008e-01
-1.197675648658245440e-01
-5.910872765894874536e-01
6.528621521283941576e-01
-2.785768391281245315e-01
-8.954708060217680954e-01
-6.129348852289130400e-01
9.520284573853841081e-01
-8.248347419382273671e-01
9.313421061900925002e-01
4.275396899971329878e-01
-4.099083251797026040e-01
-5.522445370271275022e-01
-5.228758977132073049e-01
3.680607391215824364e-01
-4.540482840544508014e-01
-7.583986650488985237e-01
-6.483467744591118187e-01
8.903683047560518871e-01
-5.623900392832443806e-01
-5.833599526702396010e-02
1.161591926818776321e-01
9.411714669908379793e-01
-9.517867739468522936e-01
8.294327511922414686e-01
9.489051238629537810e-01
-6.000603502220518415e-01
2.694398459410524138e-01
-9.306182117194995440e-01
-7.046816579805148528e-01
-7.960806490843951311e-01
9.926740166015223243e-01
1.092909886773388156e-01
-9.141697357944118529e-01
5.578976578338502579e-01
-9.495894930936421563e-01
5.345233005006930771e-01
6.952077689260820481e-01
-8.370707374653679755e-02
9.381295809223568760e-01
5.700177681011038278e-01
8.536651723521920809e-01
6.887031836811770003e-01
5.530038971621326072e-03
5.538030847771893139e-01
-6.055364615735644440e-01
1.430247422763955001e-01
-9.625988345367934018e-01
9.870704688727653942e-01
2.904192805302083236e-01
9.909411065119247963e-01
9.566607348194531291e-01
-5.493209131441506576e-01
8.558097814413057058e-01
7.835267304670374688e-01
7.481160929172964158e-01
8.878680887977506986e-01
-9.479142478156243889e-01
-7.890042882502206201e-01
-5.791499740929649809e-01
-4.293127100563958187e-01
2.278007200865393711e-01
-8.249100748319883047e-01
-9.787350996242469847e-01
8.327645981349174331e-02
7.029438837861154976e-01
-8.647203391121065508e-01
7.040110637178274011e-01
8.329623173194745656e-01
8.311235536311351035e-01
-9.236916804268796577e-01
-3.373809013218701525e-01
-4.382277467243961278e-01
2.159932041567853012e-01
2.168538953941742120e-01
-7.558218808479189033e-01
7.904089051577605218e-01
2.520895512150938544e-01
-9.305696373195657678e-01
7.127217425144982688e-02
-3.196286483955463886e-01
2.078308526425163838e-01
6.826066609865185653e-01
-5.368842249871661476e-01
4.620739488299487330e-01
5.967464915411250237e-01
-6.396999483087707494e-01
3.838030402855337475e-01
3.203629542112927941e-01
-8.888705538620440549e-01
6.995908055614218357e-01
9.500408578084069688e-01
-8.526636732283052744e-01
-2.185613096820032686e-01
-9.646598686970625502e-02
-6.509741619518043532e-01
6.810979067190653380e-02
2.261828237942102859e-01
-4.384404520824288221e-01
9.131922780036387799e-01
6.346487209862813339e-01
9.738622995583263720e-01
-2.716730741271544680e-02
-7.760890364628304505e-01
7.422639580270733450e-01
-6.000687788848914073e-01
-8.143923696208090757e-01
2.250820394560381910e-01
6.945831985961570254e-01
-4.803266791118000478e-01
7.413701490623031409e-01
7.972260289576539316e-01
5.532292328991178509e-01
-9.683270233732702570e-01
1.988132273192765864e-01
7.168685567815016313e-01
-6.728333038972551527e-01
6.324949157024155610e-01
-9.504394983181909673e-01
5.481904193527722402e-01
-6.702163913484509017e-01
1.079906830398415507e-01
4.050232139612053306e-01
5.849660883908687214e-01
-8.447750900441094446e-01
5.830253308760534603e-01
-1.742526589401093007e-01
-9.444554365505841709e-01
9.337689001185106585e-02
-5.145910516485405761e-01
9.718832349310134733e-01
-7.800212669797741694e-02
-9.889397539727609043e-01
-8.469310540382334329e-01
-8.564908001154973860e-01
-7.824657353129540471e-01
-4.607906566382187208e-01
9.671990700854401490e-01
-6.407072623084733021e-01
1.419247351925834177e-02
-3.728417077753665709e-01
9.915646429802895678e-01
4.804403451564583372e-01
9.779759563730114902e-01
2.490592464327873179e-02
-8.198401859805507508e-01
-8.027363066133145209e-01
6.711768850885146964e-01
7.772398051243180339e-02
-1.427368744503535736e-01
5.171154577235357458e-02
-1.465831319615737427e-01
-5.511811181397452408e-01
5.372651418220220076e-02
3.806567864301946269e-01
3.864340261103818008e-01
7.077590075688009463e-01
6.575842746302628106e-01
-8.596302564812196012e-01
6.196640432052560321e-01
-9.160468800200215478e-01
-7.341964518016630414e-01
1.447408912308464912e-01
3.748580698878345996e-01
-9.020320960019270196e-01
8.725260942528678676e-03
6.534399369131758117e-01
-8.223436793400660250e-01
-6.020310112993769724e-01
5.909734279664788925e-01
-5.637681757294440432e-01
-4.057184880621208523e-01
8.548602281228681044e-01
8.769785316704808986e-01
8.734202092907654702e-01
2.473071766297412488e-01
4.725124419268323939e-01
8.388466162607315368e-01
-3.150201202032354431e-02
-8.444614021731696729e-01
-2.732496765414010320e-01
-9.045493938690697400e-01
4.429136428187002705e-02
-2.183305473772617356e-01
2.593738964718416140e-01
-1.484850750948127351e-01
-9.644120164866201161e-01
-2.773233153511814320e-01
1.912181228070748418e-01
2.890388659986640740e-01
-1.016312216527341383e-01
-4.404042724764842820e-01
2.562606857146679795e-01
7.829948895101555006e-01
7.415611043677585723e-01
-2.476343943904413258e-01
4.235739271490150393e-01
3.875333334629202375e-02
-6.200348387996655886e-01
3.058379143199125849e-01
7.549721374469584578e-01
-7.794774052553666843e-01
-1.070479977278452066e-01
7.852617402422439330e-01
9.475274785038069469e-02
1.715011451539148468e-01
4.662318398704551337e-01
6.196269045013427235e-01
-7.475261794415163363e-01
8.924242961779900174e-01
-1.404994850624924074e-01
-2.813672249152733840e-01
-9.826567372358866459e-01
8.650982210864862632e-01
-7.378316214118759708e-01
8.775343852739768691e-01
1.060581496864073381e-01
8.049140252039318488e-01
-9.146316200411876984e-01
-5.689679111466465766e-01
-3.591015720141193523e-01
-9.979760223218691051e-01
-2.067969617106626690e-01
9.624031414869402834e-01
-5.490168234456329621e-01
-1.901419704051707238e-01
-3.249223258152260096e-01
8.349485659661732839e-01
8.848601602993645399e-01
-6.922943779667676267e-01
6.540081523552155884e-01
5.301191010795236469e-01
3.359756032105496448e-01
-2.125650991537815504e-01
6.077333094749315379e-01
-5.545950425801312589e-01
6.613334074850165667e-01
7.046467198926167352e-01
8.807617762832342656e-01
7.029541771699036046e-01
-6.949977834313518787e-01
2.452924515706966235e-01
5.431297520299943615e-02
-3.266861983837836547e-01
-5.603628863140404093e-01
-5.267259725416250093e-01
2.787097579648538659e-01
5.649322709409694276e-01
5.404678909292885969e-01
7.573519294034876115e-01
-3.013492495157961137e-01
-8.645680924105105802e-01
-6.981491442103691103e-01
2.018129558226105513e-01
-2.624878007714481765e-02
9.992431020658448793e-01
1.945256425599406480e-01
-9.616489994627963611e-01
-7.730234616429672023e-01
-4.062325204168412696e-01
-4.201304812913210784e-01
-3.329153027376935414e-02
-7.097476570420142572e-01
-6.152198839305316191e-01
-9.295950805644848103e-01
7.857555367277972991e-01
-3.392415143639190833e-01
9.929433669239262628e-03
5.198151795402294884e-01
7.320597342586487866e-01
-9.094209974811859887e-01
-5.974579041726945094e-01
-9.576695910949486468e-01
-6.990908514083050695e-01
-9.278188840769125978e-01
6.821782180113067362e-01
-9.151459593850894136e-02
5.888760198648721467e-01
1.192662505205132617e-01
3.842838043311870289e-01
-1.658642263732434952e-02
8.873681888221797154e-01
3.881529590999407975e-01
3.570549690334632320e-01
7.187418471708136858e-01
8.608017568536341368e-01
-5.088082088509031653e-01
6.306257599063512798e-01
5.095410052938812440e-01
-7.213197705001034299e-01
-3.225500956027670396e-01
6.927944825659225758e-01
-3.365997031081257584e-01
-7.574347016603829585e-01
5.631069321042189157e-01
4.149675527066058467e-01
-5.134255670036526054e-01
4.403948157939042152e-01
-8.757015112598552919e-01
9.107594391263595934e-01
-2.786833587549232827e-01
-7.719557793391853551e-01
8.100027267332561287e-01
-2.696986686956431845e-01
8.474463909836474351e-02
-6.530009620374443990e-01
-5.846491265300136631e-01
8.626888345459369223e-01
-4.388990750652105310e-01
1.229461478618834591e-01
2.379584216983617884e-01
-9.358040608653598325e-01
3.199337467259960599e-01
6.617997546943346077e-01
-6.277426671936869873e-01
7.025567412194095862e-01
-8.816549550363709242e-01
2.665506156395637261e-01
-7.052112790434759138e-01
4.017148625701456588e-01
5.980300313799911116e-01
-3.406405898124162390e-01
-8.059877137497941657e-01
-1.992819381394812517e-01
9.626093985827599564e-01
-4.648954999526357379e-01
-4.540103233248987125e-01
5.485194852161351386e-01
-5.724227600488385193e-01
-6.725307305011946069e-02
9.507813409766971979e-01
-6.349597919788856348e-01
4.676187965245731659e-02
-5.865250412706554117e-01
-2.856958894576286934e-01
3.704833846756407367e-01
-6.983566465295509840e-01
8.126292255634463002e-01
-3.317708310910288949e-01
8.716699349677088371e-01
3.786075588961357319e-01
-3.413185578085539684e-01
-8.965283219400135284e-01
-7.419619513039307779e-03
4.198505394644300864e-02
4.637233169010307465e-01
6.274122623565343559e-01
-8.545474734409211903e-01
8.129582139679987218e-01
-8.154074858790644198e-02
-3.750803523226946545e-01
3.445091941932002522e-01
-4.085374796320512258e-03
8.642703796310000630e-01
-3.845045247078349160e-01
3.368787809487259755e-01
-2.867198585385005716e-01
6.013331006863992245e-01
-8.695753970868569382e-01
6.550881457986698075e-01
-9.892737150352435282e-01
-9.363451027705386176e-01
6.438432048795185159e-01
-9.996644218543345728e-01
-3.648333866565803829e-01
7.708936489844135931e-01
-8.739656302754563733e-01
4.619807065702817850e-01
6.236878534349945546e-01
-8.177098292473129471e-01
-7.176604751100953417e-01
6.070861720623107471e-01
-3.961757273630452936e-01
-9.504142361883832768e-01
7.757952890292824089e-01
-8.281096637859092224e-02
-7.261754923231272807e-01
-8.603022033781485556e-01
8.292682675101495926e-01
7.022100747150652467e-01
-9.569223414575245279e-01
-9.225822966120018620e-01
1.851412588089176303e-01
3.898875976320121395e-01
5.350902882805939065e-01
-7.215542090168149958e-01
-8.267839586926564177e-01
-8.566880008621657883e-01
-8.873914845152043318e-01
-8.878266744560563417e-01
7.746398330199619764e-01
-1.303391964646467560e-01
9.716555237587958249e-01
-7.550346362398436817e-01
-5.884017937628772676e-01
7.619262989336035297e-01
-9.600164903190739896e-01
-8.272978398968648950e-01
-6.149566012155505135e-01
-8.757945175061615517e-01
7.091814620606006203e-01
8.101196127266911962e-01
6.623539141862799795e-01
5.365849082124685143e-01
6.353597297575868108e-01
-3.005065858376185228e-01
1.733577814589531974e-01
2.902643999769901062e-01
-2.781230290574188135e-01
-4.492450078156681181e-01
-3.058043922207898113e-01
2.285554362573007925e-01
3.861824221716743111e-01
4.612945429163773925e-01
-5.506325517169148309e-01
2.525174548071160707e-01
8.449116189507737129e-01
6.344520557276551731e-01
8.605796726222858517e-02
8.284440243734310094e-01
-6.967714732442596981e-01
2.546623558412435817e-01
6.097242741023514156e-01
-1.523614540183707011e-01
-6.164405526744307640e-01
-2.199645905434475801e-01
-4.092335458222757794e-01
-1.067951768730119599e-01
-9.472615312325967096e-01
-7.417172228373902776e-04
-3.438055648693643107e-01
5.042293536588395853e-01
-6.590953506795922678e-02
9.190495082763165957e-01
-6.194906240164386180e-01
3.382322585567418272e-01
-6.144422555469143399e-01
-5.115513964671704050e-01
-9.986212101444291722e-01
-8.107210324367122301e-01
7.702470857050575104e-01
-4.645675293363064617e-01
1.828815692512021918e-01
2.826150213930346267e-01
-7.852716920482130103e-01
-3.420509882769248167e-01
8.673229829489089715e-01
-9.475008223229905990e-01
3.351544366762004845e-01
9.257553095772388385e-01
-6.393092232511643491e-01
-7.771859490491179745e-01
-1.008494854018959774e-01
6.015834485484876648e-01
-5.992110163306961779e-01
7.019691093334236021e-01
1.577343689117445824e-01
7.694124853490275084e-01
-4.548506182307097689e-01
-7.125279752518030030e-01
-9.905558264580801575e-01
9.574130883957993055e-01
7.713285103592194547e-01
-8.697363657558569994e-01
7.909774883428343228e-01
-8.349410010558129258e-01
4.096921536674061892e-01
5.130083482163777520e-01
6.371080542279980996e-01
-9.070525884603108935e-02
9.910714511039033781e-01
8.651566760650259980e-01
-9.491686847822182749e-01
-4.654383547118879916e-01
-2.287534250656861057e-01
5.057475310492591802e-01
-9.409340913831915065e-01
-9.281334492819035553e-01
9.608673068080965107e-01
-9.576300630557662563e-01
-6.651125381429784378e-01
5.280120041311601176e-01
-1.422468350483418464e-01
7.924358918597603774e-01
-8.566590682301282733e-01
9.024170403100406634e-01
1.326674711138465246e-01
-7.937374308896013586e-01
2.427357794599273033e-01
8.696352070366941689e-01
5.337528403659279608e-01
4.802100096818575081e-01
1.361246031524648847e-02
9.161023837022428395e-01
2.042409984246014165e-01
7.255167730758513844e-01
8.633432123900061095e-01
2.425216755087235554e-01
7.280296560214005730e-01
4.705776096838995559e-02
-1.874965919662583969e-01
-9.869681233570328782e-01
-4.215171265565692549e-01
8.989047641989633686e-01
7.975023967778008815e-01
7.347531376317444352e-01
-3.203959121535429611e-01
8.816203889497775670e-01
7.944224562736655892e-01
7.747215785482757244e-01
1.493524296834121690e-01
-9.115576034318244592e-01
-6.032472008976600408e-01
6.187034870866380265e-01
-2.577262281313028730e-02
-5.441400068708489579e-01
8.920405325340627911e-01
-7.610548387923579128e-01
8.379619255795297539e-01
9.775009841125944510e-01
-3.673755926634997282e-01
7.474763821858173563e-01
5.308533621448123796e-01
-5.152712288633727322e-01
-9.272592362587923631e-01
5.797490462910455111e-01
-8.796834722616231339e-01
6.445618310338374624e-02
-8.314556787331945920e-01
3.475643500458832635e-01
2.416773879287572868e-01
3.632392079761526116e-01
1.371651251861267795e-01
9.178248674862818923e-01
7.771100347098611749e-01
6.628874370323047938e-01
9.836311371434266482e-01
9.621826994811751854e-01
-3.263430251686104677e-01
-5.755281546094401790e-01
-5.840798892640854945e-01
-9.611672239505395510e-01
-7.359258613773941304e-01
-5.270599745175038597e-01
-2.756761580818107293e-01
9.803564881925312946e-01
-3.898514618374429030e-01
2.260563806863088998e-01
9.222538725691835637e-01
9.124247281152160216e-01
9.489806555806004074e-01
-7.128454461871227554e-01
1.809967889245028272e-01
-5.771384354003886719e-01
-4.219876468472547604e-01
9.980444251747124795e-01
2.017915304880954497e-01
5.629161588906805846e-01
4.361452145800302771e-02
-1.976500479937714494e-01
3.682454400706727249e-01
-1.785585949469214451e-01
8.430812972411103612e-01
8.762541657378952742e-01
9.054693709190968498e-01
-7.486544179331861004e-01
4.525677848302393502e-01
9.306423964467226417e-01
-7.449510267117254170e-01
-7.904762046804175712e-01
-7.710290522080198716e-01
-7.141799150764478465e-01
-5.200585280211584838e-01
7.461556451364015352e-01
-7.922510133935078969e-01
-5.569368623429074017e-01
-3.035976652942431464e-01
-4.397370362261984189e-01
-8.439452530261313257e-01
4.167253741625106533e-01
-9.500376772011425164e-01
-9.067151521115621726e-01
-9.948789192115783386e-01
-9.995937531544858423e-01
9.888565980868946337e-01
5.037754605609690017e-01
-7.430051956489661658e-01
5.356580512212671952e-01
3.949431776566005858e-01
9.401347650599730654e-01
-7.571754793868947786e-01
-9.749384785859048774e-01
-5.523499074932007868e-01
-1.980116367570521341e-01
-8.352327122642335677e-01
-9.066398898324836697e-01
4.426532239135722024e-01
3.962359207524230875e-01
-8.561186323697631551e-01
-5.259344301207709016e-01
-9.870373913742989114e-01
-5.435118601345010347e-01
2.637102781425276210e-01
-8.108098228307945021e-01
8.767372373813537845e-01
9.913982635426210610e-02
-7.584837332764817752e-01
1.205245247819533017e-01
5.795412163887215806e-01
-8.565241684369568897e-01
7.196403094006892376e-01
1.923772415737297070e-01
7.842547712922821601e-01
-9.816331178950266079e-01
4.659185294631550400e-01
4.293059895179606733e-01
-8.105032122676593120e-01
-5.787155414736766534e-01
3.673024441344524549e-01
7.061029395507095741e-02
5.904229496292192625e-01
9.007569728169807499e-01
-4.792218696246688947e-02
-4.216568322292496562e-01
-3.768321692948110591e-01
-3.560032372670752787e-01
9.691495528652239733e-01
-8.220961032059072027e-01
2.899141842760371568e-01
-3.362275179941984771e-01
-7.890348785080740779e-01
8.333608724808140300e-01
-8.250487172523746082e-01
-4.504014167082395215e-01
-4.144496245774890175e-01
-4.047171971893873677e-01
1.040536554929429591e-01
9.642805901927600232e-01
9.117679647067005178e-01
-9.240256734039443698e-01
3.062084563084487843e-01
-3.085195295700168816e-01
-9.112075311725509330e-01
-8.310779023764385265e-01
-5.779857164983610573e-01
-8.029518821211731883e-01
4.663335021888670440e-02
-9.156292341502324517e-01
9.770045240727740499e-01
6.174752550035730314e-01
-7.553945905901149338e-01
3.535847397443200313e-01
7.741996892467029046e-02
6.417696727401651646e-01
-2.434079541711492711e-01
8.438043155174157484e-01
-8.267772567587187149e-01
7.502059974066239700e-01
6.640363199086065649e-01
-1.078819263208325996e-01
-1.299404605917975353e-01
-6.759693251281991833e-01
-1.324222711726891211e-02
3.615195972731235496e-01
7.552058845655067465e-01
6.443278496533915156e-01
-4.786209949417138398e-01
3.686618981824380525e-01
7.131356512833306738e-01
4.227743741015397849e-01
4.963782360028852203e-01
-5.067209581400387020e-01
8.336441071002784753e-01
-8.284111962528408757e-01
1.083217942706468373e-01
-5.174575954397105937e-01
5.057159203965228000e-01
-9.915181601944079715e-01
3.807250178904167393e-01
-8.054892084014343423e-01
4.327380641803830752e-01
1.950949194584928048e-01
7.280189493851323412e-01
3.321630284138105127e-02
-2.954702767917477546e-01
-6.152418550041626188e-01
-3.909226400485684150e-01
3.193474089224510593e-01
6.775062653766620313e-01
5.921604221270080348e-01
-5.718199533917336375e-01
-4.122234109662143431e-01
-1.421299381452559296e-01
-8.877020359210920919e-01
-6.904906212161965318e-01
1.075829544795359749e-01
-4.220896675239584894e-01
9.448879872187450069e-01
-9.392393977088798751e-01
9.398562906867188316e-01
-9.064253590966480090e-01
2.908480592772529905e-01
-2.252844240967392109e-01
2.558051255473375862e-01
9.250775060268906502e-01
-4.207537133989770473e-01
-1.898129712335353547e-01
-3.836590401128833761e-01
-3.597852565712856276e-01
6.628710335033286549e-01
7.774148135643430546e-01
9.975431986286131814e-02
-1.428935342286439814e-01
1.200180435582330896e-01
8.631038599648099829e-01
-8.192448567633074941e-01
-5.727922794941670004e-02
8.820478084756806503e-01
-1.498128900384364248e-01
4.465066095037062421e-01
5.776007329148723501e-01
-8.788785418217095469e-01
3.922569733409909942e-02
4.828955383120570044e-02
-4.812157489792753262e-01
6.655101411943820100e-01
4.672077535805015946e-01
-3.323459400547864040e-01
7.725421377202492668e-01
-4.109584137619105570e-01
8.924158966913918745e-01
-8.945448575051905271e-01
-3.154453878469820616e-01
-6.867873944558656740e-01
-9.910092875205580576e-01
5.375431431429832374e-01
1.808770987963468635e-01
-6.543478516567289294e-01
-6.381397102829616808e-01
-9.728730647802863452e-01
4.764325980569255603e-01
-6.426629672379071678e-01
1.841982426976409570e-01
-7.534375342907304596e-01
-2.243702624056976291e-01
9.334195470413101381e-01
-8.232648717234841707e-01
-9.706078285855318510e-01
5.513282218239510257e-01
8.498334030781872217e-01
-8.023742212217457315e-01
-8.599879094859675943e-01
4.468971467204977399e-01
7.994511406366233697e-01
-9.544921382727582504e-01
-4.737068422239938403e-01
6.937333682978175098e-01
9.750069073084584037e-01
-5.154303319096854574e-01
9.725517007617635601e-01
1.389442778324701810e-01
-2.733343016764039901e-01
7.767420480040545527e-01
-7.331286592967437565e-01
-7.427647190858979176e-01
-8.929136763705541879e-01
4.318141201085304859e-01
-4.921673785745174223e-01
8.225913202648451605e-01
3.871439888502264948e-01
-6.088819519562708171e-01
8.841553559967154641e-01
5.118505160188725478e-01
9.914043432496255637e-01
-9.916025209485436476e-02
-2.918474823624758185e-01
2.815320403762594514e-02
7.745908440139908091e-01
2.761073655134891336e-01
9.044772950874681028e-01
6.607265710065376441e-01
-7.718640173977893149e-01
8.601033795377988067e-01
9.092611608238164722e-01
-8.355964834649575179e-01
5.662348885035356494e-01
-9.596430565798635959e-01
5.916886320997379878e-01
8.896486289400082903e-01
9.507657344411408751e-01
-1.448766523955987706e-01
-6.028830959175672799e-01
8.674632460167108761e-01
-3.342938694464605565e-01
1.272113688414425181e-01
7.336300062202512073e-01
6.390484410318647557e-01
3.358988595180146808e-01
-3.767467246041715789e-01
3.228420518908023951e-01
-1.090753772728630389e-01
8.543090360519787207e-01
1.622408550557322693e-01
-7.957515420180124588e-01
9.956979868982505089e-01
-9.260138210407987680e-01
5.972954171232980336e-01
5.968318336824774972e-01
5.826862415883611312e-01
5.759241653761116853e-01
-8.560511920261736352e-01
-6.559565763481916001e-01
2.090857040537001665e-01
-5.355189874805408312e-01
-2.905474502216887633e-01
8.579796751776811448e-01
-4.956087266474398789e-01
8.928537077127667310e-01
-3.158288134504804168e-01
-4.517470531790251376e-01
8.399473423098787750e-01
3.700842210588165537e-01
2.445667513301784668e-01
-1.432995252162818089e-01
-8.325689838134989751e-01
-7.958781230574036858e-01
6.364164328781791724e-01
7.569363048967042706e-01
2.046272448831998325e-01
-7.011486202741201712e-01
-5.230960449158821302e-01
6.737876934249524830e-01
4.399032681218712493e-01
1.918643260795543370e-01
7.935252730394273257e-01
4.927236170977160601e-01
8.038856973123562621e-01
-4.521063794662265600e-01
-1.488885165699202762e-01
1.132358138884091425e-01
-2.794357420684243642e-01
-2.678452868694749522e-01
3.723563037824554334e-01
9.929093851730681486e-01
-6.498757003603995441e-01
-2.394199918889622913e-01
-9.662720892090816971e-01
-7.277432473161099535e-01
-6.496702006577246280e-01
5.036526507276442022e-01
2.928053817782012569e-01
-6.337186363140667744e-01
-6.333412118853219974e-01
7.531209855844125389e-01
8.679845143739104429e-01
-2.550091880888905593e-01
-3.882761444380792848e-01
-6.421297127200906729e-01
3.351117361808109707e-01
7.340480847772394846e-01
-9.060152747254948125e-01
-5.007607635704099946e-01
3.451685225719515193e-01
-7.452019499040558603e-01
-5.445862482549611583e-01
-7.615021894100646449e-01
-5.679576727500974531e-01
3.455797875328795454e-01
-2.385852279117681718e-01
-1.790930486885533024e-01
-7.272679790586264459e-02
4.040888362165824255e-01
6.068699043938826643e-01
8.698478136518439374e-02
8.273368094999593580e-01
8.629708868445141734e-01
5.327359899043382363e-01
8.715852835862727410e-01
4.906941041352343991e-01
1.543763902062188775e-01
-3.115387877292722374e-01
-6.435565430281448007e-01
-9.840474838336434882e-01
8.383309873910322896e-01
9.112525828429560715e-01
-2.674110444378960949e-01
6.823958194548644940e-01
9.823688311776865856e-01
4.926528502712769764e-01
5.135875862065597541e-01
3.622264249642924150e-01
-4.722984990551142293e-01
8.593687939430539879e-01
3.039810204089088419e-01
8.513548118136734510e-01
-3.288059072765911472e-01
-6.972145155032321018e-01
3.106253154589973253e-02
2.214088582039535624e-01
2.927360904206052772e-01
5.604615855051436890e-01
-7.359851807592353579e-01
-6.230578190434467034e-01
2.725345911711203883e-01
7.268435897471869911e-01
-4.029472395592629264e-01
4.218858439779572811e-03
-8.568980409854682900e-01
-5.550507035044639492e-01
9.779401335301539655e-01
9.082320184722918466e-01
6.764070692609678304e-01
8.759019309025825040e-01
-6.517394122257953448e-01
9.787737394065962881e-01
7.514865156067394025e-01
-2.567850121355028659e-01
-9.027103216772094374e-01
-6.162625701849675508e-01
-7.344316002372555108e-01
7.151385419323265102e-01
-9.700044974889249216e-01
1.639286063121325743e-01
9.503626490230761004e-01
1.790217702286490131e-01
2.602824917973747820e-01
9.446483180861944273e-01
7.009777760667431634e-01
9.619395026484987010e-01
8.244231602079225008e-01
7.904515699586392996e-01
8.947172388865290982e-01
-8.813173696093609122e-01
1.847203095210360746e-01
-7.752394791003678343e-01
8.854949459311169946e-01
9.492470879283186891e-01
-8.520456263918575468e-01
-8.262492067109569183e-01
-6.959457685385265213e-01
-3.108150944429394213e-01
9.802435247187289979e-01
5.982833727988094985e-01
-9.741653022651587390e-01
-1.448249982260694235e-01
-7.885015439414497784e-01
4.120534561158352149e-01
3.241018524857962602e-01
-4.081907394807730571e-01
-4.203566673428310030e-01
-8.152498023836456387e-01
-5.945331568288954038e-01
8.684773932481963943e-01
-6.873445713803846280e-01
5.354981716223983224e-01
6.956900104225904879e-02
-4.177366564296479678e-01
3.239179148318729329e-01
4.169369873391927106e-01
7.995502918936827630e-01
-6.221721093264682700e-01
-5.138702409997109033e-01
-2.772831915687196114e-01
5.685406867835633982e-01
-4.573486855952206831e-01
-9.346006590839859296e-01
3.433410803668570099e-01
6.845332380081947665e-03
5.851716690370679652e-01
-8.284348617228431966e-01
8.213129112361582385e-01
8.094064248756093205e-01
-8.905095417751531794e-01
4.819485359718146955e-01
9.678451439067821127e-01
8.154466591554784261e-01
5.783095042523392348e-02
-9.402936752496678929e-01
2.157081605951445824e-01
-5.612192397704578450e-01
-9.108356115400983999e-01
-6.678809493657464902e-01
-7.333994718313074923e-01
-1.906987741598313024e-01
1.324567729691462359e-01
4.052416214934192462e-01
9.195632918096114938e-01
-7.295802416042951322e-01
-6.316526204858833315e-01
2.221963225215242144e-01
9.471894228552212303e-01
-8.670929751349536474e-01
2.280356929292148838e-01
-8.766333001532198299e-01
-8.180439551601339510e-01
8.409519922887332966e-01
9.007411067707435381e-02
9.705994434988531872e-01
8.231789100010056259e-01
-2.063787541288926719e-01
-9.932433606296430240e-01
-4.901694077230879243e-01
4.910060079464317884e-03
-7.055257238358232375e-01
-7.168487732981576599e-01
4.839631171484624073e-01
-9.788481279756620079e-01
-9.853702267775229506e-01
-8.875816088604426835e-02
-3.793794850605185509e-01
-9.962625396485302876e-01
6.032375382130432673e-01
-4.036424965975946577e-01
7.929919724156431204e-01
2.245592571140850313e-01
-8.633548100793895230e-01
-9.217976899718717254e-01
-9.263444268134111148e-01
4.873305803996103025e-01
-9.892491727537494617e-01
-9.037842753138103369e-01
8.580361831213462187e-01
-1.337862204437228475e-01
6.670552152043525140e-01
2.915218274895371442e-01
4.961210328110461365e-01
-6.739922062185412788e-01
4.775632530603914905e-01
6.713531251453114246e-01
7.446405340556731811e-02
-2.965792891396263897e-01
-3.019423261295699490e-01
9.446365056795775761e-01
5.549392215716025811e-01
-4.248302181939980215e-01
-8.351491870797524975e-01
-9.892063898914368325e-01
-5.407485620470467991e-01
-2.854253915330063895e-01
-6.019454155187572431e-01
-8.034483919938003593e-01
4.108768416701423232e-01
5.648285212320717230e-01
-5.941612629644938970e-01
6.251608080110138133e-01
-4.271503400843005283e-01
-1.562803084138501275e-01
-4.291032379297532451e-01
-5.444980713427030050e-01
8.449353214883521535e-01
-8.223051332530900703e-01
8.606704702045377964e-01
5.097220936999631302e-01
-9.534625121026141237e-01
9.297661699790279455e-01
8.248077124849674258e-01
6.233254651499271493e-01
1.420738995508207259e-01
9.355464983230439291e-01
-4.200636234016137394e-01
-4.785550466182636464e-01
8.384574606975352395e-01
9.012348163806888079e-01
-4.006749913493402593e-01
6.442953171572693982e-01
1.349935719430562786e-01
7.450810862076511221e-01
-8.626341720936634427e-01
-7.790782701517023900e-01
-7.153413290976816663e-01
-3.370128631210823067e-01
-7.256105383842470502e-01
-8.395100555263720343e-01
-8.800132812264025439e-01
-3.395905384918186387e-01
5.371693289793213477e-01
6.162488935772489906e-01
6.770550606607506072e-01
-4.912923280466573450e-01
-7.640317243366759881e-01
4.455399531847223371e-01
6.724937120974416871e-01
-5.072751694032057168e-02
3.849397899287859137e-01
-3.639757999568604685e-02
-4.676705245961869650e-01
1.106404710184837742e-01
1.252979168102872354e-01
3.333046371983850453e-01
-9.557180635752273723e-01
5.999639347713627835e-01
-5.784912987178627564e-01
-9.367421100252981692e-01
-6.496126782603443006e-01
-4.466944099033679505e-01
5.981655777021062104e-01
-5.668943041150726891e-01
6.140242657815935257e-01
-7.151067134129546199e-01
-4.709568187238376558e-01
-5.523340273925125832e-01
-9.488730374730314221e-01
-2.924852436042441051e-01
4.979412488032558537e-01
-2.389188992094469777e-01
-7.578854461808367526e-01
9.282680996886705227e-01
-2.829358262950054659e-01
5.392332994935597479e-02
-6.130280215330096150e-01
5.086411129065038228e-02
-7.746839540510666033e-01
-3.621221442456872830e-01
4.686935175527213726e-01
-9.515400855645201883e-01
8.024822796964392602e-01
6.339570066545444638e-01
-3.953625055165821411e-02
8.009854436033497782e-01
3.173077250257338999e-02
-9.573992591650737349e-01
-6.098532592860264057e-01
-4.026962503316297015e-01
7.685255526751008093e-01
9.169648034193037534e-01
-9.492712566269516650e-01
1.497570187816003040e-01
9.456133003996676223e-01
-4.446313475842149643e-01
4.081102293527346658e-01
3.189532851300691529e-03
8.069351429359731265e-01
2.787922352186541497e-01
9.621184705377102686e-01
-6.842907952240144809e-01
7.169592331643672711e-01
-5.597920050321311680e-02
3.975169080982981495e-01
-9.723830242668476398e-01
1.563087692571982767e-01
-6.257560922855741614e-01
-4.433442038146240827e-01
-4.390624738255600734e-01
8.521830148317748321e-01
-5.663131202562439181e-01
-8.753600302245517772e-02
-8.859810600585599216e-01
6.406533672454703954e-01
-4.794390727154439480e-01
6.249692049953804451e-01
-7.466425427727164665e-01
5.754745740138944576e-02
-1.154388810661533676e-02
8.053825318178493564e-01
-5.140380107019542066e-01
8.275132679854513285e-01
5.886898375904131564e-01
8.671553199339738782e-01
-3.454797403204459272e-01
-8.898006310480788272e-01
-3.022718827638916084e-01
-5.667512495761225372e-02
9.289287991685120094e-01
-1.420885363022807990e-01
5.712746387941414206e-01
9.389154450889538595e-01
-8.609862684004145894e-01
-7.668837906717886899e-01
-3.970155208362374788e-01
2.673869355105077394e-01
-5.744247944102719439e-01
3.032683532028699336e-01
6.040171080280094529e-01
-5.982134430357162191e-01
-9.550495795716638092e-01
-3.805488113870621469e-01
-7.334778781833544148e-01
-7.246190698651382434e-01
7.446075190545374811e-01
4.428147847868868503e-01
-2.137818350181985849e-02
-7.334378781258301672e-01
5.186163180629126401e-01
5.290530766535503915e-01
-6.512699944169809685e-01
8.517129944983869994e-01
-8.404895446497019640e-02
7.927107475565229322e-01
-6.479462494758465585e-01
-9.792631359608606756e-01
-8.804060024990346678e-01
-7.551286902332954298e-01
2.548500547280945216e-01
3.171387771934541799e-01
1.487753403980452416e-01
-6.028032444897835074e-01
-5.870649271712023998e-01
-5.478512958019902124e-01
8.670195136510782108e-01
9.387226419616365725e-01
6.543403069955178175e-01
-1.922123676283833960e-01
3.945140527716150536e-01
-3.817134855540075811e-01
-8.436628880363317151e-01
-6.833747570573291963e-01
7.123212184112617251e-01
3.501076434748306432e-01
8.780879341069237620e-01
2.576339579516162548e-01
-8.031147680044996573e-01
8.450998616425152710e-01
5.522698804526919858e-01
1.002168074162348432e-01
5.584402729306096047e-01
-9.248694006250458566e-01
3.887052858964397117e-01
-9.053764939463682104e-01
-7.500980043606241265e-01
-9.015766726218237270e-01
5.174163377142976250e-01
-5.334095931240117050e-01
1.260946518396286742e-01
6.196588841025351124e-01
6.608872176241501473e-01
-8.204499709981953881e-01
-7.562520604934521717e-01
-6.704103873456236373e-01
-4.133458656614078519e-01
7.825874761559764581e-01
5.316090135622401069e-01
-8.197537826627944169e-01
-7.395584794832684716e-01
1.621877047655509441e-01
7.810038393548455193e-01
7.185792014966146946e-01
7.480352797632097150e-01
-6.738893617532136782e-01
-2.691122028639510444e-01
1.385601052787328591e-01
-7.643208867807541607e-01
4.265094635836271797e-01
-8.295255597077437759e-01
-7.168188830667946432e-01
-3.857428508050729232e-01
-9.493380112515719116e-01
7.272782246394691175e-01
-4.260542493960570720e-01
8.551626183431733086e-01
-7.084017007155911649e-01
9.287472964442717860e-01
5.907992772859381736e-01
-3.370018309793093025e-01
7.989644548995942230e-01
-3.762816491187200019e-02
8.226597831176325482e-01
5.257568056346632046e-01
4.580872803787769953e-01
9.595194621887623843e-01
-2.635949597533595590e-01
-6.743194713461616585e-01
-6.884910359614843101e-01
-9.276062264208528862e-01
-8.689437074809154282e-01
1.357330118016802922e-02
2.176662526489707150e-01
9.835042970607182911e-01
6.987564076960177673e-01
1.330393984506083593e-01
5.651069142730585915e-01
-1.552379992022561994e-01
-2.093783150833391504e-01
-3.708020031955320261e-01
1.187799037903271571e-01
-9.288456623049237137e-01
4.339334244430637089e-01
-9.088686726198349497e-01
-5.803398520787774739e-01
-7.653504173785945497e-01
-9.792159693841766543e-01
1.909488903179675651e-02
5.175246749544669678e-01
-3.864840571005645486e-01
-5.644584354291800610e-01
6.048208334874476400e-01
-5.177023719915945232e-01
-6.513380891544793272e-01
4.416507606022831989e-02
-9.873240835660790360e-01
-7.989347699271360792e-01
5.771570609378898764e-01
7.608800607158489049e-01
-9.302316926266358532e-01
-7.251291908291238597e-01
5.338998691657046436e-01
8.676108878664292590e-01
-2.187945099482064837e-01
8.687094982505428886e-01
8.529022956122178645e-03
9.855493600098408358e-01
6.967912211507816256e-01
-9.821720522647341411e-01
-3.587860318063720300e-01
6.289411420366989303e-01
9.182885873436852364e-03
-4.300028829192656388e-01
5.940035029769993868e-02
1.702682551530834143e-01
6.394846140686523128e-01
-8.834261911240717247e-01
-2.813011003117706355e-01
8.932147117843219908e-01
7.898181300402484784e-01
-7.026657204524004996e-01
6.296131491985476059e-01
4.867700884920797000e-01
-9.751635806840587284e-01
-8.733978480288513424e-01
-5.391656314371489067e-01
4.618331250097864604e-01
7.113795322033300561e-01
-5.641769932826048439e-01
4.819242035510207245e-01
-5.464334267648432997e-01
-3.979205934713820891e-01
8.217764590213697540e-01
7.384901236264844737e-01
-5.790904230064681801e-01
1.293302481914139768e-01
6.842439346887381202e-01
-4.408968689224859183e-01
7.380793964960976616e-01
-3.914279344272296179e-01
-4.475458107572117816e-01
-8.291754170151952597e-01
2.814130423617524079e-01
9.622686641928832607e-01
-6.546178878540316326e-01
-8.303101356895586926e-01
9.137673283473205510e-01
-8.619433521929068531e-01
-8.547509116852402000e-01
5.011632105373912127e-01
2.369180176466552101e-01
3.077606226533999290e-01
9.557661607576430907e-01
-6.108198608893057324e-01
-8.584879227389007328e-01
7.814742597163105986e-02
-6.993632732205447011e-01
-3.229336499204598088e-01
-8.536773036614044852e-01
1.517710638306701554e-01
9.928738354151847023e-01
-2.106041704725524211e-01
6.111778427131353553e-01
4.404660604406076541e-01
2.325894008666463397e-01
-7.421308992016650841e-01
2.675219490659669352e-02
7.821358620685647800e-01
-8.109250049702516616e-01
3.585987240007941779e-01
-2.983264826659730584e-01
3.809181809627977255e-01
4.576590931415235319e-01
-9.446516525266066555e-01
9.798645336877603862e-01
6.879065435056879174e-01
5.154498528965163473e-01
3.784892098246032260e-02
5.804786449571762708e-01
-9.167372113411671464e-01
9.457200094758247966e-01
-9.538792790574546210e-01
-2.893357814002613937e-01
5.698027966140234435e-01
-8.648638070863414740e-01
-1.518583619249876393e-01
8.548725011172435551e-01
-7.702264233495682566e-01
-7.927882709830235131e-01
-5.364631487107185404e-01
-8.784730622458386540e-01
-4.102459574526113872e-01
-9.833608359552717948e-01
7.667120205751670747e-01
6.293361977279479103e-01
2.698687986075862799e-01
-1.368608664484094461e-02
-3.050556241726094520e-01
6.932419191668035552e-01
-2.880401052491175506e-01
-9.182307464862637936e-01
4.704968735471747876e-01
9.276541993218948567e-01
3.802460048658264369e-01
7.996096288531725493e-01
4.785040358862383547e-01
-9.831352380103783872e-01
-6.778079537342671657e-01
5.863842835951542654e-01
-4.435148535672319703e-01
-7.388082589397073630e-01
-1.587540704750109721e-01
-7.439223108589463340e-01
6.365536655020981316e-02
-5.969915813928537984e-01
1.787546689195710914e-01
-5.281495494473154029e-01
4.729045143429831399e-01
7.176916235286070478e-01
-9.829042614559367896e-01
9.999145176426502690e-01
-7.883225220291081303e-01
5.565743548135207996e-01
-8.143692186841350322e-01
3.990010302292901212e-01
5.886319349730649853e-01
-6.674905033758254946e-01
-8.834434859126757411e-01
-5.168419498926453137e-01
7.157824585026504316e-01
-5.825521382731422282e-01
9.951065418560109954e-01
-1.313893539526146126e-01
7.594083656494297063e-01
-4.464035389784148933e-01
9.870537329794097925e-01
-7.601709452879262807e-01
4.087870873469184180e-02
-2.512033318434578888e-01
-5.465765374902527007e-01
5.143844217540622932e-01
-8.690207316673517202e-01
-2.279013671518784201e-01
-7.443531992675032072e-01
-3.505178002246228663e-02
-8.946321400108130373e-01
8.088492983420003668e-01
2.582562171035237553e-01
-8.264717800424747907e-01
9.937217614847233538e-01
7.352099570716131849e-01
4.466271791431151161e-01
5.932155621108567978e-01
7.528440651328750510e-01
7.195482685005496482e-01
7.289352915211928519e-01
7.755819177708749290e-01
4.440192779910288601e-01
-9.517664248494051016e-01
3.562304652118407633e-01
-8.039528705000662523e-01
8.794753249004010343e-01
5.412703566262329069e-01
7.927628149400235413e-01
-1.895115000807061634e-01
4.874272529828516665e-01
-4.885850250137550033e-01
-7.245402029754165474e-01
4.151972070058864706e-01
-6.174377235538413000e-01
-9.604314559194369050e-01
2.508642435472046572e-01
-6.931624775899830615e-01
5.175228282226236320e-01
-2.282575268688926129e-01
5.351784214809256479e-01
2.316336770249690646e-01
8.934682352847884701e-01
-7.927578376927578718e-01
-1.216053128211675716e-01
8.092970840805272514e-01
-7.166729881338024244e-01
-7.648312880825780535e-01
-9.763544075054080285e-01
8.075369078659955235e-01
1.666564186836920203e-01
-6.356264077654397715e-01
8.621242935893163040e-01
-8.321724939411834221e-01
-9.587585191227953052e-01
9.071748010636628834e-01
8.642539149069214943e-01
-6.224324873434738947e-02
-4.064262894242595126e-01
6.240237051065159468e-01
-5.408945988550002415e-01
-4.494809761538217097e-01
9.445873089299716696e-01
-8.751357148427428845e-01
-1.895100318423980357e-01
7.572312006382750926e-01
3.832696967543360311e-01
1.360209776879802157e-01
5.795386896691709921e-01
-9.888020299457614959e-01
-8.101599118989722959e-01
3.667541779733899387e-01
-8.609963476646630420e-01
-9.074142732077420392e-01
-8.793349287264693448e-01
4.694817607386675973e-01
5.021901844738079213e-01
5.341573765939088281e-01
-6.193550939354992568e-01
-6.508006138648183558e-01
9.711458779596954249e-02
8.206809463487947376e-01
-6.007530884423974982e-01
1.296901283242071767e-02
5.281486459089574925e-01
-8.619114070452431609e-01
9.623947004882733580e-01
-9.971760976433234891e-01
-8.973859542299480463e-01
7.182611589695059306e-01
-9.942724680162270401e-01
6.622700745381508991e-01
3.322926187041033708e-01
5.406877695675127438e-01
1.728586185252554142e-01
9.177263126918199232e-01
-2.121738029994287289e-01
-4.075949289300689893e-04
-9.289064682906260639e-01
-9.257716028560949439e-01
-2.557068675326192864e-01
4.421177380848140270e-01
4.745272120637387125e-01
-6.416905745285054197e-01
-5.247906044167410800e-01
-7.533275414677829129e-01
4.329861556029573899e-01
7.944797067842834792e-01
-9.487541900593727817e-01
4.387960798224578296e-01
-5.571009990678535972e-01
4.762158623200402618e-01
-7.922539568108724062e-01
-6.620677388386471129e-01
-9.753188851570935292e-01
-8.722982484978298867e-01
-4.811904027667508466e-01
4.690096765045495553e-01
9.309274107065148574e-01
-3.184755202520892503e-01
-4.598035523624933729e-01
9.550234238012075272e-01
-5.254515054373053440e-01
8.466900438360597247e-02
-9.485658794224531842e-01
-6.788907830533995602e-01
-8.610588015614890622e-01
7.865767809627342011e-01
3.359000068911011661e-01
9.975720525759309565e-01
-6.250225164427757329e-01
-1.513296816654953192e-01
-7.263469110878281176e-01
-8.573651177045371607e-01
7.345522603316434473e-02
8.517756120907439277e-01
1.861908545374236779e-01
-3.497418758830014296e-01
-2.721249969031036553e-01
-5.765301830961305773e-01
-7.305418634659330834e-01
-2.448612845240299984e-02
8.962945129882095019e-01
-2.059872865129051822e-02
4.353771921896855690e-01
-2.650742841045799492e-01
-6.630470661047098702e-01
-3.355224775432025797e-01
9.015433446060305833e-01
2.219920498892228033e-01
9.131150184136271886e-01
1.196529914561722668e-01
-4.746905131876797551e-02
-9.519739920127002764e-01
8.493209010104683099e-01
3.205767907445019049e-01
-9.724472487872295456e-01
-9.736560283974333707e-01
-9.321967644823933030e-01
6.309821927836518629e-01
3.362454432516099878e-01
3.992142139540186263e-02
-4.879555920823003823e-01
-8.864886365869926177e-01
-5.031688599518384652e-01
1.116107306836211233e-01
8.294423026438362267e-01
-7.714621431070718405e-01
-9.043680366499060597e-01
8.516398273322721701e-01
-6.191815935760216494e-01
-8.090974021289371043e-01
2.698942974755306201e-01
-2.796511023843936128e-01
-9.545436759677955463e-01
-1.374926960696704059e-01
-8.069715790059274196e-01
9.542276664756630389e-01
-1.554071436169837395e-01
-6.587711971089540430e-01
-6.175493686721831299e-01
-1.730932583612604381e-01
-9.552499326046859363e-01
-8.803545349828849620e-01
-4.271133097780655530e-01
-2.945223802144962821e-01
-2.522127068232820069e-01
5.091007999991752353e-01
9.375357519611696722e-01
7.937972430796412793e-01
-1.758785898926968072e-01
-3.891918266139177129e-02
7.479669933190060682e-01
1.796353059661387475e-01
-9.744364039133439626e-01
-3.554374233933826899e-02
8.744140587673006060e-01
-7.437274737493293486e-01
7.531594991277494600e-02
-7.264254806568309908e-01
8.467611272720861892e-01
-6.396014846844072510e-01
-6.826662443865589847e-01
-1.860623963235376599e-01
2.889564698903686613e-01
-1.001940701127534417e-01
-5.508949725742270376e-01
5.070293843149472623e-01
3.509681200061021134e-01
7.494316258863160662e-01
-2.888942921174469936e-01
-9.925513623345485481e-01
9.919231605490587134e-01
-5.551090111514631609e-01
2.910158980929959949e-01
5.494061229157842785e-01
-1.487016161861157426e-01
7.924004315240757990e-01
1.994246480032803026e-01
-5.077310828443288848e-01
-4.129657913284511817e-01
-9.555844513508595650e-01
-7.432024899622809988e-01
-6.644059366035475200e-01
1.430485078997890125e-01
5.265317502195218102e-01
6.399214164495128365e-01
-3.594140434183548671e-02
2.424332344383889337e-01
-1.482330922126318118e-01
-6.519788386437349592e-01
-8.835044438503567577e-01
-2.688756151177920106e-01
-2.119190843069296837e-01
-8.357180682031681851e-01
-8.526525063550605132e-01
-8.723370866270412360e-01
-4.303967211619779132e-01
-3.518448595614012686e-01
1.799611250971266951e-01
7.119132790359811169e-01
-9.640669016481636655e-01
7.985225725145692621e-01
9.226056402725738570e-01
-1.199696875408960556e-01
-8.059572236488933283e-01
8.839262247554464658e-01
4.319203209885784656e-01
-9.197861423693387550e-01
-8.406629201294342213e-01
-8.003634753854729222e-01
5.066389382450328105e-01
8.954859285540017755e-02
6.597053126929754985e-01
6.478419056905512230e-01
-4.692259340053592243e-01
9.220667869194092425e-01
-6.111535049084003690e-01
-2.327999100143114675e-02
-6.919742381430865619e-01
-8.241720543598392013e-01
-1.567972076051714070e-01
3.571704403055691035e-01
-2.696962144517006110e-01
-1.986687581489365029e-01
7.236313452333388296e-01
7.875832960690479778e-01
-6.689747922288707960e-01
9.177096666939428271e-01
-2.994970858551972981e-01
9.392176871851802833e-01
9.739943973890993201e-01
8.458483954253910586e-02
-1.765170789157204378e-01
3.974041321921213399e-01
-9.853615232019075076e-01
5.370886819799154388e-01
-6.837773915843271544e-01
-9.121125193229093764e-01
-7.809381220104254506e-01
8.752280545283488422e-01
-5.928795779685709366e-01
-9.321610152522366577e-02
-8.606946485023542204e-02
-6.776917000696155435e-01
-8.360191583891757316e-01
-8.451636626967378163e-01
9.858764577528936757e-01
-9.045967429069512455e-01
9.016706471039753756e-01
-6.746095767922377640e-02
2.800200708880045686e-01
4.285382519067406637e-01
7.090914056182588965e-01
7.345116434452906296e-01
-6.981132990364935509e-01
7.028539903456831883e-01
-8.764620249188338486e-01
2.630042366983946778e-01
5.789891019784900728e-01
5.515019657367643546e-01
3.649884805350096517e-01
-6.490507608562046116e-01
-8.643118086208892992e-01
9.001947477308274159e-01
8.287975227234207765e-01
2.346961072061312104e-01
2.378228982508003297e-01
3.749145379727701899e-01
-4.769753284754758016e-01
8.756757019245964280e-01
8.071016303479516818e-01
9.481621863714375653e-01
8.026280492363999652e-01
1.133749062610354130e-01
-6.734185456226097211e-01
-3.613024770075745074e-01
6.258725079942419889e-01
-3.605595806040169937e-01
-5.579992724648442648e-01
-3.958651094879174215e-01
-8.826972092622840105e-01
-8.641684385528646262e-01
2.453035695365947122e-01
6.850133885827206504e-01
-9.966271442130805180e-01
5.668834060807265152e-01
-9.887330257431680147e-01
-2.040706916516711600e-01
5.820371523595323504e-01
-6.880768764776162838e-02
-7.617316050970981411e-01
7.025580031259635039e-01
-1.824308439268040316e-01
4.122667049333841316e-01
6.383069712638542725e-01
-9.410539663455129711e-01
1.566436120993516812e-01
9.638093707908113039e-01
7.754029240783011367e-01
-9.169495802639172632e-01
2.276097935793804372e-01
-8.838021287607182863e-01
-1.849603738276071607e-01
-8.756671943915175227e-01
-1.372840512092196597e-01
-7.856087150769108796e-01
-8.630093287573645799e-01
9.392404292343891070e-01
3.116022972482457298e-02
-5.719954113951304375e-01
6.818419937200299596e-01
-9.538473290450032449e-01
-6.686260892951240153e-01
1.558480883077749402e-01
6.646764228026019738e-01
7.482794049531243941e-01
6.957171699986852698e-01
-8.945895635791234479e-03
-9.322127387032361767e-01
1.404635453642771314e-01
2.638885999181336262e-01
-8.884778284880636701e-01
9.444101877106205745e-01
-9.775068384374800967e-01
3.822595424480172976e-01
8.261057583083961653e-01
-9.889719617529540985e-02
-7.304530608712562767e-01
-1.216807845119219078e-01
-6.265899461763252409e-01
3.976058393125770918e-01
-9.469402922948056966e-01
7.958661728035001381e-01
7.806352660839530611e-01
7.371569140506922801e-01
-8.100334976272798304e-01
1.053207737912701808e-01
7.989520336020955460e-01
8.038077843628248509e-01
-6.866396483772861936e-01
9.463297672856338938e-01
-6.065501056549924552e-01
4.443990015567128582e-02
-9.734481777082018006e-01
-7.956535066769486741e-01
-1.882798861731560247e-01
-9.254201661691683345e-01
8.478985851274634111e-01
-5.386123556081814368e-01
1.073400956323141142e-01
-9.718662192385695286e-01
4.470316246494565604e-01
-3.625320761246115797e-01
1.344521690652950574e-01
-9.531917818358562888e-01
-2.622768572651458796e-01
-8.575444504027129877e-01
3.949184711281300553e-02
-8.348056211830575668e-01
2.629050693079038048e-02
3.036438783581638656e-01
-5.570497909452761798e-01
7.999585543960497924e-01
9.282724100506059006e-01
-7.283187984455190556e-01
2.762604538000543175e-02
-8.291402173408457532e-01
-5.395587888504672636e-01
-1.971624401226919621e-01
2.034873173939862612e-01
4.585243334472607346e-01
5.125693730349117905e-02
6.861689277627968098e-01
8.116722200132584497e-01
-2.781920804475824793e-01
-8.649088975228066412e-01
-9.170007119694003617e-01
9.233628004332815331e-02
9.306626726293785179e-01
-8.606831439155397945e-01
-3.201254398825374436e-01
1.520968805835986870e-01
-9.423839120491962484e-01
-7.385920123399399850e-01
4.419176944265715279e-01
7.984395901773022608e-01
6.821688374690614287e-01
-2.086388141479748604e-01
-5.102619200235499752e-01
8.318438330442421424e-01
8.501663174175748683e-01
5.363251346657430529e-01
8.952711697751853936e-01
4.732871897009613971e-01
-5.567717239803524620e-01
-4.864907419818876311e-01
2.157138261362431531e-01
9.078204081198826270e-01
-8.129460870887698087e-01
-7.280097573812910339e-01
-4.596421324819010557e-01
5.319654496663097643e-01
6.147571149790604927e-01
-9.288637697286159511e-01
8.418427396085899073e-01
8.095046032033279548e-01
6.557386236013774683e-01
3.745124206294932478e-01
1.994934153576954361e-01
7.264413089740180407e-01
-7.913474422792605711e-01
8.130337788650063846e-01
-4.362647352152193569e-01
5.127748612742764056e-01
-4.264476397586894341e-02
-9.242388539012292847e-01
-8.001724902443441145e-03
9.365189137880345349e-01
-7.584976520672259692e-01
-7.647044944423626589e-01
4.534983213337048236e-01
-8.998464231184293283e-01
-9.581050503123398343e-01
2.611091391330544464e-01
9.333411893539311777e-01
-2.236667329170718421e-01
-5.735072661654525561e-01
-6.520831948216543328e-01
-3.794476369478230193e-01
8.165530617162773952e-01
5.945217545001909576e-01
-9.370937999529560525e-01
6.192151008066563156e-01
8.070279466226280007e-01
-6.696576727301704057e-01
-8.049272933985222034e-01
7.260942762584846610e-01
-6.967147145623094895e-01
-1.586288802344293369e-01
-6.127646196610024854e-01
-9.616751175952176212e-01
-5.761969986537809341e-01
-4.238583633084068714e-01
-8.326681093198802230e-01
5.208292100186400209e-01
9.791044306688377885e-01
3.720239351122313076e-01
2.117132859023696245e-01
-4.868293076013016085e-01
8.866335514423556718e-02
1.177438080792417990e-01
3.878970686402801737e-01
7.894970289554045229e-01
-9.638563887086319948e-01
3.683183484573721023e-02
8.227883169547320907e-01
1.004565083021312089e-01
-4.247053521627172645e-01
-1.924992459002629885e-01
-3.154755810158511586e-01
-4.873426695151927834e-01
-1.540629695794630272e-01
-9.895612685904719985e-01
8.694923230045743523e-01
9.768647582474436764e-01
-5.572675720331660143e-02
-5.890435433923841835e-01
-5.682184498170415043e-01
-9.019942081646595833e-01
-6.665988875928807733e-01
1.924483315634184510e-01
1.444758808792491189e-01
2.012247328704891425e-02
-4.386161048884110736e-01
2.848958839862701375e-01
1.173879770177060494e-01
-1.658000327465108947e-01
-5.591640199860506977e-01
-1.493276564216157731e-01
7.481406746728118673e-01
5.103211487297347748e-01
-5.130864726399088083e-01
-9.034186374350775539e-01
8.088563467205029944e-01
7.397714648545291594e-01
9.717374414568197283e-01
-3.901637455525278075e-01
9.362264618621070067e-01
8.744752478503794446e-01
2.607623087977645193e-01
-7.821941279415954573e-02
7.103522524168348617e-01
-7.880142654599364693e-01
