8.930150128617376781e-01
-9.991094475848059098e-01
3.229158706853935135e-02
-7.077765095408818929e-01
-8.204489934345730040e-01
7.824827852990596799e-01
-3.052230604134139602e-01
7.118111762728220882e-01
8.324019626906558056e-01
-2.670042398816538931e-01
-9.898276421800943359e-01
9.228147495667160527e-02
1.186569494810656850e-01
9.408486448498482035e-02
-6.331406718117742471e-01
-8.243002935418982657e-01
1.995869646082720772e-02
-8.409917332705695303e-01
-1.734014673809762264e-01
-7.165108066275224230e-01
-4.290396503921358740e-01
4.445919004116501982e-01
1.781262348474810242e-03
7.766487122990459735e-01
9.900549418229823151e-02
6.457088079778273704e-01
-5.250527042843637915e-01
5.698774861421954663e-01
-3.893635243450687677e-01
-5.779716374935568446e-01
9.649066586344692276e-01
-1.114817441129496850e-01
3.658081522626254189e-01
7.928600018593909837e-01
8.661163791117484356e-01
-6.304188215208517132e-01
-6.802437078943115445e-01
6.493383675920288978e-01
2.001482618888365539e-01
5.710059931266330269e-01
-5.757669268819222141e-01
5.064375590368103142e-01
5.874366070058679723e-01
5.590914336509401616e-01
-9.917895475593049293e-01
-9.934440400856315856e-01
-5.790886699820091410e-01
6.361756407405693148e-01
8.506802700629680913e-01
3.761025637269864164e-01
9.608585639291935543e-01
-4.510170751203711470e-01
-8.889082641222629810e-01
-6.109242781764403496e-01
1.898581500000459110e-01
-8.775111011740639455e-01
-5.974941883607327586e-01
-5.384747093103064985e-01
7.655525502031950147e-01
-8.574438129011201504e-01
-3.547521990835802996e-01
1.788565868393261482e-01
-1.720384331383499610e-01
-6.779502743154229849e-01
-6.226125930822309362e-01
6.405706955753132092e-01
8.775942241791567788e-01
7.630713313569679190e-01
-8.752799265721434852e-01
4.862554945860236844e-01
-7.812671430941301454e-01
6.696381813232912816e-03
-9.603006930353104043e-01
6.675264460628376195e-01
-7.741197443149100410e-01
3.977280473246779247e-01
5.444872740172764791e-01
5.738331132108258625e-01
-9.908311531364860647e-01
5.213422099376023855e-01
-3.195974058538451068e-01
-8.612939690254294289e-01
9.208525675794971832e-01
7.655305687260764991e-01
3.381054401877418569e-01
-8.823608776196301129e-01
1.376456413655653965e-01
4.742755045093763333e-02
-5.158538166090089749e-01
-9.688142959719043823e-01
5.798490164711925798e-01
-6.661079956214538411e-02
7.927634169281361221e-01
6.235805743377620391e-01
3.482959752938657449e-01
3.136354571323735629e-01
-8.797177545867886916e-01
-9.639729282016705758e-01
-9.789979543673188456e-02
1.326271407159047011e-01
8.908727525362420963e-01
3.863173384325294113e-01
-4.291695040130841798e-01
4.905804958716916686e-01
-7.813617409177666673e-01
9.280199537918523145e-01
-5.427542937169337334e-01
-5.659062919546297143e-01
-4.055774518523317385e-01
-6.049519976184065673e-01
-4.994961790136555613e-01
-8.879259613852497068e-01
4.768433633629448609e-02
1.918142811427736016e-01
-5.240369012374150592e-02
-1.515967807600261397e-01
-8.144198689618784570e-01
9.189607494982653391e-01
3.803902434815162326e-01
-8.790229300680720836e-01
6.704844254997252007e-01
3.195216808668702169e-01
1.956027563093807875e-01
6.728890371293989592e-01
6.828595219726936172e-01
6.178347340021042022e-01
1.813436493430561347e-01
-9.524855336019988350e-01
5.134042755344973008e-01
-5.614566855293625647e-01
6.071278799162463935e-01
-9.180848494136888416e-01
1.087312695113736710e-01
-9.981278492372804845e-01
7.235420650202593063e-01
2.872193521551974493e-01
-4.562417075979818271e-01
7.044874064517400170e-01
8.913101439035362450e-01
-5.933263253019869232e-01
9.523221706101576700e-01
9.149068765523497015e-01
-3.449672903777528665e-01
-5.402331380880031064e-01
-9.896147812379351150e-01
3.184684602974650613e-01
-5.799821902811259644e-01
2.771916340390658262e-01
4.634306829974822461e-01
-8.017503007442976504e-01
6.935327536521376235e-01
3.461917321034312378e-01
5.092325328347375724e-01
-2.952492406952610393e-01
6.086833575669293728e-01
-1.113051078527144133e-01
-3.592688309585133632e-01
3.707846430128759474e-01
4.562412331957885758e-01
7.959552256013394667e-01
-9.673862620750980357e-01
-7.522676968116239760e-01
-5.942737230364951717e-01
-1.323718404247223313e-01
-4.961493851759368745e-03
-5.101561241528881352e-01
8.895101155336573306e-01
2.187326069119202299e-01
-9.648298728706170557e-01
3.422342578129381474e-01
-4.816498499039955639e-01
8.630601744022387001e-01
-4.152503887676872729e-01
-8.698212736759011188e-01
-9.171061714843131707e-01
-7.174956175057948249e-01
5.520945699236522453e-01
9.111050874629482710e-01
-9.120617931353740548e-01
9.667652308328726907e-01
4.335842600148495651e-01
-9.234300271649391600e-01
-4.816573422490137424e-01
-8.403081574832567124e-01
5.646899056610872325e-01
9.064550792619611164e-01
-1.765264779087411529e-01
-8.094531775859510336e-01
-1.039590541644555000e-01
-5.757384593287747654e-01
6.605799350990074759e-01
-9.016141975422671262e-01
-5.952394989409739434e-01
1.142834380382874715e-01
-9.406996152402395950e-01
3.250122727361094976e-01
6.394949626591817093e-03
-7.933846140065496932e-01
-7.185627363737513429e-01
-8.260789136758532880e-01
5.507417698220771207e-01
4.927322672584309449e-01
-4.430811134155339115e-01
-7.968665131235395105e-01
-8.524219268169741515e-01
3.543958484479398652e-01
-8.773281635707874671e-01
-7.227878138478617265e-01
7.626688085093996650e-02
8.408500869674913059e-01
5.923761140936411040e-01
-7.349993341091222154e-01
9.551848271243220667e-01
-8.756669927576600232e-01
5.322492138736172329e-01
-7.927415286343316714e-01
2.234342323901545857e-01
-5.518183005092243132e-01
-8.423810626261521994e-01
2.954403142442620089e-02
-1.554211197506760733e-01
9.886880340408650270e-01
-9.223899114723451698e-01
9.649956562817578742e-01
6.137894466671627303e-01
9.118769108243199861e-01
-8.115551577382426052e-01
-7.286448437830053138e-01
-3.111607289767404638e-01
-9.537335476472508233e-01
9.653146720472957076e-01
-7.988771778594223605e-01
-8.960834267603843273e-01
6.800716951299855539e-01
-8.445108555599404321e-01
8.738824877725341889e-01
9.150792998155783398e-01
2.460647754241057639e-01
-9.179462798139133017e-01
7.750484026193015241e-01
-4.850663435970853365e-01
6.930738317488522870e-01
-5.980595265504140556e-01
-5.912798429741228379e-02
-8.183635791184381558e-01
-9.331917766618071930e-01
-7.644079203500243613e-01
9.126310847793175363e-01
6.212879874845114170e-01
-5.612717415450632075e-01
4.887289372572254376e-01
6.193554105885661354e-01
8.495208541180993000e-01
-2.548383112948082174e-01
9.925897311234767040e-01
9.926276901703897648e-01
-8.133478509071438989e-01
9.853599043666240176e-01
-5.317014236251995651e-01
-1.814798039006945973e-01
-4.657104280519098749e-01
-5.338898239965872428e-01
-2.444470392544896287e-01
-6.625529160501648640e-01
6.119627074971482061e-01
8.430355430203342326e-01
-3.460272356236070435e-01
-8.435585213528448145e-01
8.411317618478192371e-01
-6.418117421674418566e-01
1.808236545774467574e-01
8.981407976560650264e-01
-9.357838929622157575e-01
-1.939354193257769032e-01
-3.783073769884952586e-01
-9.926276771390425413e-01
-7.302410828051441039e-01
-2.429923588819737079e-01
-8.984768854193248000e-03
-7.942335845372950898e-01
-8.496321968604398922e-01
8.335929156006017804e-01
-6.521542936065368723e-01
-2.480636607187081122e-02
-5.023077928377479573e-01
-8.660516886138338588e-01
-9.368884867104156911e-01
-9.555015949971610301e-01
-5.629483208597049204e-01
-9.744118246714047471e-01
-8.833897386096545290e-01
-5.619502052650073853e-01
-9.141775245144917461e-01
-8.141393946394308578e-01
-9.943939425374548335e-01
-8.981449794432896372e-01
8.864270320612905874e-01
8.091414736605153646e-01
-5.822840860529447660e-02
-7.863404577963584163e-01
-3.193338767061662531e-01
-5.763196054122874390e-01
-5.418277279851042572e-01
-7.925219998316320735e-01
9.153160556965354022e-01
4.806697405139605528e-01
9.567064154951325783e-01
-7.345455371973817760e-02
-4.649197720210975771e-01
9.336301307975903851e-01
-9.822121756024659867e-01
4.823867142014665599e-01
-2.186833222735115045e-01
4.588380755616727757e-02
-9.732609644421899020e-01
9.482324168240451323e-01
-9.498017457263752128e-01
-7.900240785666284848e-01
3.587940984628550378e-01
7.718497879271218887e-02
-8.495175976862319178e-01
-3.095090998427068585e-01
-8.057838535099587363e-01
1.802405535949916371e-02
1.821626570403717116e-03
7.770218163399538192e-01
8.804485868841240848e-01
-3.029706956634655723e-01
2.319188179195401378e-01
1.031791138940185704e-01
2.064935882483866780e-01
8.389134412505185878e-01
-8.021108085869924631e-01
-8.114888544930222158e-01
5.209550179358257704e-01
-8.765927304556655475e-01
7.388594929793115273e-01
-4.432491822017993188e-01
-7.422976444051631040e-01
-3.389672467788924504e-01
1.462515999788581711e-01
9.906158718468471847e-01
6.477560798472694614e-01
-7.617487075931862472e-01
5.981008873351171262e-01
-9.582764710203744984e-01
-5.735335928441116504e-01
9.256238427581877648e-01
-6.880259276585203310e-01
6.005386428600583137e-01
-8.569692493308442849e-01
2.194765483579017296e-01
9.956827130974617024e-01
3.926761618706764989e-01
7.681900550385757365e-01
4.210639497298969691e-01
3.340441967200599716e-01
9.991860343697060998e-01
9.414577308034463021e-01
-8.587778957083627152e-01
-6.427785666910060813e-01
5.979406898589514907e-02
7.513091033839894850e-01
7.716739813579571727e-01
-2.738221620960211711e-01
6.489679938663359682e-01
-3.059448832452340561e-01
-7.099296294185218903e-01
-9.916630147538404438e-01
5.067616748371885915e-01
-7.850014974528509715e-01
-1.593339373316446927e-01
2.603406036325542905e-01
7.837260536706662784e-01
4.791746548569114084e-01
-5.994501414927063676e-01
-8.578865426707863451e-01
-3.620653275041092467e-01
-9.498614152044821957e-01
-9.675889844644555149e-01
-9.466919088074436939e-01
-7.422406793615295983e-01
-8.732228676038703563e-01
-6.319818203026352776e-01
-4.458059484068297440e-01
8.527714996904500744e-01
9.682659405058606783e-01
9.944295579366764226e-01
-1.642543586016602386e-01
-6.894062143600527826e-01
-7.041670788300885553e-01
2.332078352506063990e-01
-8.332142587679847168e-01
-1.162260550728431152e-01
9.283375721857013430e-01
2.837785586893570300e-01
4.251672119751954693e-01
1.314445704948389304e-01
-7.561383531827372551e-01
-9.840285412479554683e-01
-4.060973680911277306e-01
4.613720119695800537e-01
8.331048177136483046e-01
9.296272907840829047e-01
-7.349728731442377594e-01
-7.114294446926239246e-01
3.709971021671225611e-01
-6.091431788358876442e-01
7.566963739115952770e-01
8.131643224422315797e-01
5.739061516473498159e-01
-6.693972197151671910e-01
-8.916193597845079033e-01
-4.769348211593372189e-01
8.967017834659192221e-01
6.835599344882858919e-01
5.775270606584631539e-01
-7.677089781484760511e-01
5.138330476445079897e-01
-9.829622760622669375e-01
-9.621999953620403723e-01
-5.182101911734965372e-01
9.134660638635356822e-01
-4.287495735034593247e-01
2.478380503794686551e-01
-6.133011037678582911e-01
-4.416508879073708926e-01
9.891582901460773680e-01
-3.340366227971228175e-01
5.801202854785980634e-01
-6.125552066383482819e-01
1.487801445618068819e-01
-9.413022117275786638e-01
-9.548351928767355723e-01
-4.470122916234312571e-01
1.157688708728460414e-01
-2.020386147420191181e-01
-9.137691063965963645e-01
-8.301521703562009247e-01
-4.206831358366361351e-01
9.428798227296367740e-01
4.196847041199609496e-01
8.167700114485839658e-01
-8.225376262017868312e-01
-2.924874345295353506e-01
7.864529877594855778e-02
5.149607528898061393e-01
9.325121199501001934e-01
-4.244379633609268732e-01
-8.780757148367702714e-01
2.525162481484525268e-01
9.824526394289925246e-01
-9.757992749682345979e-01
8.613387906022297313e-01
7.802713177171412273e-03
1.338498767456811622e-01
-7.275659940076121268e-01
6.321779114835548441e-01
6.571276185313089657e-01
4.911097782070741324e-01
7.515517187345818195e-01
-9.745364173578665579e-01
-8.709340294966022578e-01
-9.105542130309791649e-01
-1.894854567524250633e-01
1.689943271043393147e-01
-3.227342250122402501e-01
-4.774412634777825959e-01
-2.712509180839305090e-02
-9.394236457642715088e-01
3.435946088038224211e-01
-3.083247926233936287e-01
-1.154813565126698860e-01
-4.111560815823712134e-01
9.048351336516097243e-01
9.959635902918265726e-01
7.669375177829161894e-01
8.496071930568253050e-01
-2.687117237087582877e-01
-8.252053041153772917e-01
2.337216800039298714e-01
-7.916615579100495514e-01
-6.791723742243742645e-01
-2.098994694539992878e-01
-9.264645674792539864e-01
6.459048489501236778e-01
-6.072983518744190512e-02
-4.134240789254842174e-01
5.743516623920117414e-01
-4.562420335784710956e-01
-9.761459966079562012e-01
7.811174027413778642e-01
-1.211239366800744843e-01
6.712443085615995564e-01
-8.797645332723097455e-01
9.027090776795776428e-01
3.799725438227019580e-01
-5.784799815492064345e-01
-4.153778523650238363e-01
2.365100560248512007e-01
-6.552342775313012568e-01
9.213120618985121135e-01
5.356631770168873707e-03
-4.053109102920153806e-01
-8.470903960647302444e-01
-2.247297383504897050e-01
4.687285181906859499e-01
-2.676194526395551110e-01
-3.916185250697330478e-01
-1.836211320663213020e-01
2.520429343615577800e-01
6.342356794687531441e-03
9.351227893794054058e-01
5.913723744668685223e-01
-8.346489481971963720e-01
-9.521241237738824470e-01
2.024916655527894682e-01
-4.059970844743488461e-01
9.691046840805300766e-01
-6.614995950105280187e-01
1.345270201166320900e-02
6.924723785469105719e-02
-5.946374954682224212e-01
4.024717690643034307e-01
-6.291418494484941615e-01
-8.043890237888684513e-01
3.081078506093861691e-01
-9.095062054172540211e-01
-8.692592285718796496e-01
-9.812969692617722339e-01
-6.796131837455853253e-01
-8.558046087224102649e-01
-2.164493923277108212e-01
8.629896682005617770e-01
-9.215189212867554991e-01
6.469284268344618338e-01
9.984117053111271067e-01
-9.440969423317663312e-01
7.648745492630164566e-01
2.606012957539478592e-01
-5.451578062652379097e-01
9.966734670095565018e-01
8.518538678970368760e-01
-7.430487845957591819e-01
2.533854002295081731e-01
7.991135432628033719e-01
5.355651818262431307e-01
5.122303446336375909e-01
-1.725772732135658627e-01
-8.611201090028841598e-01
-1.536109131947036854e-01
6.751565503826228998e-01
7.548926010616704430e-01
-3.909421787899334810e-01
8.570793540544121569e-01
-4.413044164818455406e-02
5.960136119809260613e-01
-4.165908851027287363e-01
7.712039621179521687e-01
6.232966317179792215e-01
-9.621304391023896008e-01
9.368993138362411432e-01
-2.591003911726311171e-02
3.127426880844629276e-01
2.677390213631390403e-01
6.167586082932696723e-01
-4.589126516233632547e-01
-3.244331830718309995e-01
9.368071781491970063e-01
5.944873954534144467e-01
9.962113277925612742e-01
9.798091752238102803e-01
2.514327846841346026e-01
-3.551903607456807777e-02
-9.973307837363376560e-01
-4.418154049881942158e-01
8.323506614083043820e-01
9.428786649106316586e-01
9.294733200613638502e-01
-6.496098337009812429e-01
9.994656446004823724e-01
-7.068575621779762397e-01
2.598802982561106978e-01
-8.368160822674438615e-01
-3.898623975932909991e-01
-6.080109689561546960e-01
4.894432441862253680e-02
-2.244363275476596309e-01
-8.692953057790314686e-01
6.611360708841108602e-01
5.230113947080803349e-01
-2.025587675461098247e-01
-4.680563202582143090e-01
9.951081320775503891e-03
5.194057577671726267e-02
-9.684210395201875432e-01
-8.653763926381229377e-01
-6.967997908865022350e-01
-2.626300241535667324e-02
-8.522785311901192040e-01
-7.069787268786850154e-01
1.244721082372280685e-01
-7.044041962981943961e-01
6.638411846679208583e-01
2.120744490544287930e-01
-6.921322077030789277e-01
-4.582620029901866010e-01
-8.843525471351141309e-01
-6.257924743563465508e-01
-7.750336756042830455e-02
9.289879154625049207e-01
6.201584744112835779e-01
6.796705290729372351e-01
-2.903871539443211858e-01
7.907745802005829994e-01
-5.824496139818711171e-01
-5.339752041646376179e-01
2.855481304503193485e-03
8.562151682711965917e-01
8.051240386554840978e-01
-9.733809607142265286e-01
5.940755816827278935e-01
7.286687701872087697e-01
-7.319112119077871847e-01
-6.960658358118813060e-01
6.420654888266282834e-01
8.944304749594396142e-01
-7.320223931079931079e-01
9.624585317031748577e-01
7.657643808468667102e-01
-4.677492629361665322e-01
-8.877861930331165663e-01
-8.058836485035771879e-01
-9.603981969246757622e-01
-2.249043998039540748e-01
5.466252400390071431e-01
-4.993789753585387015e-02
-8.544169608680273198e-01
2.378155452286070393e-01
8.359871585938360994e-01
-9.786317186768805909e-01
-6.656951933779176045e-01
-9.946172452811673503e-01
-9.670711195550059092e-01
-7.982651589200331355e-01
-7.643408867327992073e-01
6.420488120279250754e-01
3.279048616966183660e-01
-8.671622793857851619e-01
5.478044034831537346e-01
9.181155903462968615e-01
-6.589275498207588511e-01
-7.759168116275678706e-01
7.262014181936148338e-01
9.059786846787667436e-01
4.925436838234267811e-01
-5.050924854523688445e-01
5.255742239014800088e-01
1.052787584089183159e-01
9.130356830434156468e-01
4.279254159142084624e-02
7.068010583945099068e-01
-4.893060765783571742e-01
-7.096582676165942294e-01
6.308651502289098767e-01
-8.182381570362246004e-01
-2.365611221581671031e-01
3.809356958360966550e-01
9.662693336231810148e-01
5.276179129163557913e-02
-4.886439093625841723e-01
6.537161614505710983e-01
5.297236084275063206e-01
8.224722892730533808e-01
9.651072023631681596e-01
-4.389976403986252662e-01
4.285627556627814583e-01
8.774739221160732239e-01
5.245457095875220022e-01
-7.093766519708888385e-01
-4.580794189541789185e-01
5.460535971088440466e-01
-7.599372797774942567e-01
2.926703199690181556e-01
1.853815164964319750e-01
3.410447476046888360e-01
2.904011300083849667e-01
1.218189894753922142e-01
6.376633805560127932e-01
9.745908021574425373e-01
-8.265211128211525926e-01
-9.110096695208462769e-01
-3.205452756229615896e-01
-2.854774889996331555e-01
-6.823361690796779788e-01
-7.215919586072245817e-01
9.219194294743191520e-01
-5.202108516570206342e-01
-5.017507342367889533e-01
7.238690028481776784e-01
-6.931010483164046221e-01
5.531006542797475278e-01
9.744815015089991483e-01
-1.710096677117922959e-01
-1.714591267300241695e-02
-4.119013583299763748e-01
-2.681615300695893711e-01
2.366872251231193491e-01
9.409525338834610064e-01
-5.137163475464869844e-01
-4.396001640855535797e-01
-9.564861052303453848e-01
9.811800108998909309e-01
5.834474188200378109e-03
9.930985866683976759e-01
9.063428416566108314e-01
-8.100865477183842867e-01
8.885706337730528981e-01
-9.330716917050296821e-01
5.987297442252005331e-01
7.137495037477709081e-01
-7.738024470668189991e-01
6.860281867745864348e-01
8.862936015696392111e-01
-9.322063650254159839e-01
-1.621167500644595805e-01
-8.344710610506060888e-01
-8.688544718127032551e-01
-1.597785704430895182e-01
-3.361779239560218624e-01
8.766407869807653075e-01
5.664104777019967063e-01
-3.773151626521077939e-01
-5.856497159916296269e-02
-3.183257132913718812e-01
-6.862672711380248813e-01
-4.539355021989169292e-01
3.880066888290778504e-02
-2.492099286861186869e-01
-7.135540996182034856e-01
-5.124958474990012891e-02
9.140883608684766681e-01
1.236409513757771861e-02
-2.674371307497309669e-01
5.145813599632474977e-01
-4.985047162902331297e-02
-1.691629673896433150e-02
3.934175790428056652e-01
-2.757020721138235819e-01
8.422550520060912982e-01
-7.122982328011017161e-01
-8.232834407474951544e-01
5.966203630942991110e-01
3.597022423009971770e-01
-7.447253066968656521e-01
-7.892993083948276478e-01
-4.524981554617732438e-01
-3.761436053039172167e-01
-5.569027863156934544e-01
-8.859151021192041009e-01
6.773522109469022334e-01
6.845357411626692423e-01
-9.482347544073966850e-01
6.974718574038804020e-01
3.962225967570166540e-01
-2.407230845768614791e-01
-5.170922941947811990e-01
-1.235110673507444079e-01
6.532776720960424832e-01
-2.191363204936007114e-01
3.763085077792456268e-01
5.273258162593377207e-01
4.039723727867539083e-03
-9.631620193121172013e-01
1.221637067601402116e-01
8.523430490390104808e-01
9.759003756268295193e-01
5.639883024870946393e-01
-8.082003737064155091e-01
1.830838906402498523e-01
-7.620862418957978779e-01
4.614767722660909621e-01
8.929306913374090993e-01
-9.933125609249191523e-01
6.343069216656517240e-01
9.974915316317466418e-01
2.431465891715515193e-01
-8.919680613802797309e-01
-9.806154250530144667e-01
-4.185360725579933550e-01
-8.908482609011454390e-01
-3.109666667434811682e-01
-9.340387634008364692e-01
-6.996431463492902569e-01
6.537671176098034387e-01
-3.376577111800194153e-01
8.649751170999971928e-01
-6.541663564867559177e-01
-8.361061192645391493e-01
8.071237082823998765e-01
8.064286999287583191e-01
2.691949340220483600e-01
7.239425894143673990e-01
2.666723850571698917e-01
-1.075955418183250356e-01
8.968743341668792279e-01
9.736467503687549208e-01
-1.773779270353104121e-02
6.044777615974471496e-01
4.382920989195892014e-01
-9.985251081139461249e-01
-8.901197631612604022e-01
5.844134129952203160e-01
-6.153879379818278927e-01
-5.293059817869718575e-01
-8.281213114402513620e-01
-9.758515168785444338e-01
7.566307903534608137e-02
3.485319378978469773e-01
5.703209834359668218e-01
8.881931884105902508e-01
2.291788304910322704e-01
-9.868913497511030974e-02
-7.483641786555769171e-01
-2.862560689877822195e-01
3.922092944066486453e-01
-9.258415986405830189e-01
-8.906715943203860064e-01
3.656079807606540388e-01
5.959098014539214727e-01
-1.043996691262145948e-01
6.421950500149798957e-01
-4.728635168857389104e-01
-8.050857282239580748e-01
2.490644271687865730e-01
-5.621967162679963881e-02
5.054188304586937353e-01
-2.102034953684720486e-01
-7.304303940654068850e-01
5.007578193357861140e-01
-1.053216184280074408e-01
2.943250379596726862e-01
-2.135214854353045255e-01
3.878773151091925442e-01
6.527198022563767132e-01
-9.733586208943161289e-01
-2.320892311057370927e-01
2.901114006486533170e-01
-6.595759680373776135e-01
-9.131344875188551757e-01
5.870044926866540003e-01
-8.468928693171196009e-02
3.973871792359636168e-01
4.576308845194857478e-01
-8.766352024629938677e-01
-4.769284133454028685e-01
-2.576016459295537575e-01
-5.518159096875614456e-01
5.611460136435322821e-02
4.272968027205208963e-01
9.031721799055514310e-02
2.213398042751727468e-01
7.919672384394159659e-01
-2.218414474172306639e-01
-7.433296933886650582e-01
7.162758897876275732e-01
8.503405908928183266e-01
6.008561126146577669e-01
-1.426367554937113535e-02
6.791203856306191611e-01
-2.738328815227753510e-01
2.102211193099413622e-01
7.730968971865290751e-01
-1.588527088938785914e-01
8.114262483874525866e-01
-2.672202251805290141e-01
-9.199467270298811172e-01
-3.348671992847106482e-01
-8.354586027399345527e-01
-9.798090988478176389e-01
6.163914206936109696e-01
5.361350912553821679e-01
8.762757186019493050e-01
3.960517070350010327e-01
6.943989174140469123e-01
3.135215450283376781e-01
-4.974184668710171509e-01
-2.057704185610785552e-01
-6.949584965049243612e-01
-3.432522476313392135e-01
-1.249682335789142618e-01
3.060438758327193032e-01
4.658949094053073114e-01
5.040896060690344127e-01
4.559656880660085676e-01
-7.186732032873356379e-01
3.312513601875508584e-01
4.432692753636505723e-01
9.568645155258392876e-01
8.769004450982061938e-01
8.783075735891283653e-01
9.019024096519969724e-01
-4.870601090135142641e-01
-3.999617876760953594e-01
-3.967920101479690542e-01
3.081761082521551343e-01
7.581962134320698876e-01
4.446510382037456299e-01
-5.806353803109269851e-01
1.714282062364146930e-01
3.749975560618667436e-01
-8.533159045972857903e-01
3.603006270909414610e-01
-5.147379646246785789e-02
5.896652768246984921e-02
8.869987456540363580e-01
9.225750110378607705e-01
-8.106266957518326599e-01
8.412130329696625441e-01
-9.642842607185554415e-01
4.778248451177756206e-01
-5.316240976255911521e-01
7.293758894641892976e-01
-3.987575331208590423e-01
7.272822433856185320e-01
-9.318098361558431186e-01
8.487964253524699076e-01
-8.047415447930060806e-01
-7.487239751721879166e-01
-9.935117670353933450e-01
8.915396498375872669e-01
-8.375479144074191584e-01
4.963246979633671452e-01
-1.809926839949213551e-02
6.090368638392473777e-01
8.897182996003248912e-01
7.273825952223438307e-01
-6.811275986197550258e-01
-9.675115855058336045e-01
-3.964575575586601897e-01
7.662634193397260818e-01
-8.478385137296268192e-01
4.162177920971280032e-01
4.494106412357228297e-01
7.524880661999894249e-02
-1.417939103464057327e-01
-5.728190784023250437e-01
-7.360747149510009635e-01
7.221912745615826079e-01
-4.450158229683092159e-01
3.002585753509207089e-02
5.432892783904531564e-01
1.474290641183175210e-01
9.025972782990848708e-01
9.169060097144898780e-01
-1.249977403996318515e-01
2.895815354015792709e-01
-1.689223379809541847e-01
6.292666451316130116e-01
3.590551717579347213e-01
5.485271754602878413e-01
-9.445841185937906559e-01
-6.554779146101006315e-01
-3.077339338064864482e-01
-8.605045009364826747e-01
3.817405958494567431e-01
3.090261949482784321e-01
-7.218211746485421187e-01
-4.873762035986911600e-02
-7.708817271460655096e-01
-6.492952923161101619e-01
5.963793997603334951e-01
5.444939360383344029e-02
5.661290701466807906e-01
-5.200336215636310877e-01
-8.508618971534834818e-01
-5.593666432835959768e-01
-4.060385953628506961e-01
-7.313322183051205183e-01
-9.894335300005788758e-01
-6.278980708502313046e-01
1.208580715815218698e-01
8.973335913921214324e-01
5.154311803949270798e-01
5.692033418960044111e-01
-5.873480211741756163e-01
-5.928365634907994952e-01
6.136207332875787124e-01
-6.400368403855387633e-01
-9.357544223716445231e-01
8.161464116874679320e-01
3.131253705224852912e-01
7.280173623909547143e-01
-9.530614678588366084e-01
8.065529680965037862e-01
3.748377820688471029e-01
4.385313858671242571e-01
-1.680801776507749867e-01
8.833564405323619528e-01
7.826871329816157408e-01
-5.678237081153346688e-01
9.968340917118579947e-01
7.610620383240949138e-01
-1.662091600833836558e-01
-9.112314070044469361e-01
-8.545154425192341696e-01
-1.198641113475250319e-01
6.447809873028589323e-01
8.328146392084572192e-01
-9.212671824080694849e-01
4.169223852258945318e-01
-5.504755143645996274e-01
-7.530733731931736896e-01
3.381044285803325167e-03
6.584082055367458386e-01
7.207817325180823076e-01
3.878125767790478462e-01
3.554054280892058326e-01
1.135874770313080040e-01
9.157259620455850957e-01
8.039034566271751059e-01
5.673016253746804294e-01
-4.423576773908577398e-02
-1.263276853019801860e-01
-3.983397527344595401e-01
4.725316601892713408e-01
6.532470933831109328e-01
7.901898547734673706e-01
-6.309527883001009307e-02
-4.643419586176403824e-01
7.392868565889791910e-01
-5.323774776508181095e-01
-7.612444298080836003e-01
8.622986746985721318e-01
5.150053996669825551e-01
-7.471867231130190357e-01
7.369158811144804755e-01
-8.487252404974527931e-01
-9.726954452470311097e-01
-8.790199916129792790e-01
8.727589514434962448e-01
-5.197992929497516901e-01
-9.781779241890051768e-01
-7.134323233768535832e-01
8.667088250695928475e-02
7.942563386227590172e-01
-9.015393872091533867e-01
1.010669558089273001e-01
7.870793636911419533e-01
-6.384546823080339273e-01
5.537631468352021136e-01
7.193364558090780125e-01
-3.212110624487667931e-01
-8.709818351195237618e-01
-2.005025660650425756e-01
4.195064847566858379e-01
4.003275249197835728e-01
1.064720176020538811e-01
-5.376856857855079053e-01
9.841881957253532098e-01
4.047341387929057066e-01
-4.144652193743722512e-02
8.618800508600239496e-01
4.641234698620987920e-01
3.345356853870495861e-01
6.121100862430526313e-01
7.109124740129246778e-01
-1.049215459709837428e-01
-7.117562651132582907e-01
8.581651909060242778e-01
9.009080327237717345e-01
1.274403026223137059e-01
-3.641441657038443358e-01
-9.057412704567593398e-01
4.987059316361666661e-01
6.414391630723125237e-01
-1.415733082219833849e-01
4.445641309517814888e-01
-4.025150767323367185e-01
9.266842451930286106e-01
-6.478845924991598615e-01
1.745901585987461591e-01
9.615862685481812999e-01
5.306397257081283403e-01
-5.705484562700766649e-01
-7.873234515599593086e-01
-3.163165107978759272e-01
5.279706359784259728e-01
-9.102449395348293226e-01
-7.459734822391418385e-01
-8.784318896815343503e-02
-7.522679466077436539e-01
6.396603123246091815e-01
7.681610574788365620e-01
2.725225163636745274e-01
7.164078076571842590e-01
6.445824147295272644e-01
7.549988955516709899e-01
-9.122470387505517142e-02
9.273879747860578338e-01
3.236000591020488093e-02
-9.812546452249910622e-01
5.201453814688171695e-01
1.809077595778061931e-01
8.466418402742006410e-01
1.331172725778956567e-01
-8.607259677790954910e-01
-2.736785343828566641e-01
9.476418468235838777e-01
5.033268987146455320e-03
-1.322508807736868797e-01
-4.143202751639394332e-01
-6.329021488571018317e-01
9.675181268907698251e-02
3.719218146724269369e-02
-5.276841370144296217e-01
9.471866023552300007e-01
1.518766855527594606e-01
-7.897739556045538789e-01
7.352628927295101757e-01
2.577142220480993506e-01
-1.509291103081344121e-01
-9.746662368050907910e-01
7.947301925637546560e-01
5.771194981598193330e-01
-9.133969379432280711e-01
-7.744386561535547830e-01
1.760479133515042149e-01
-2.600317861650480178e-01
8.364985272767830882e-01
-7.854736086518818716e-01
7.213677203973930530e-01
3.908872812899266691e-01
-7.967208143013647659e-01
-1.168553108642604865e-01
-6.945846849386830835e-01
6.998545577952437480e-01
-2.189340788999905585e-01
8.988627230649213207e-01
-9.160064025370087126e-01
8.923795499577711343e-01
-7.311835938462167561e-02
8.794248581133590204e-01
8.684142538194793426e-01
7.423250724331392769e-01
-5.106900317643365828e-01
2.016263756723039036e-01
-7.283393253266299272e-01
-4.462190017978945322e-02
5.706826188749039019e-01
-7.672637808773795642e-01
-4.707573435684403451e-01
-9.892136837933686311e-02
9.093285689768613178e-01
-9.797828014884742975e-01
7.658647496916701769e-01
-7.863724738638975253e-01
-6.580801221124460421e-01
9.436021245076856578e-01
7.674459037625019908e-01
-5.875149022426232603e-01
-9.626675170321116193e-01
1.197845914289285968e-01
-4.694514081887558032e-01
9.403065250153750387e-01
9.615980235003613874e-01
6.088764238582342614e-01
-5.989696672737487848e-01
4.855337722151298330e-01
2.543473417137317449e-01
-9.801749323547827020e-01
2.556766882545270514e-01
-8.349415537791911035e-01
7.705591310807218264e-01
5.243448180694810778e-01
8.902922150671632728e-01
2.116720640030524403e-01
6.650897549977107248e-01
5.476214431909849356e-01
-2.276361859806900201e-01
-3.023864031527397911e-01
7.933372650347090271e-01
1.484559363707960156e-02
5.013928394432007885e-01
9.427819067942543318e-01
9.598411032540674070e-02
-6.094391218961853207e-01
-6.348165855981013905e-01
8.390882825470211692e-01
6.953949244182304756e-01
9.231394923049635048e-01
-8.404249552025515602e-01
3.809187012430814701e-02
8.129889959359826168e-01
8.652889428115830839e-01
-1.441926009118768004e-01
6.706150082020503334e-01
3.644835374802259387e-01
9.896149802949649743e-01
2.860396661491385051e-01
7.020642541967279104e-01
-1.025603647292581688e-01
8.997939717941716431e-01
9.352811374422491664e-01
-3.386118646674730059e-01
-3.841060415023901664e-02
6.839616351205027867e-01
-6.025511485809802448e-01
9.239611918197991880e-01
-9.010860122789832172e-01
8.170096927973061751e-01
5.059220514525097911e-01
-1.999258085840743826e-01
-9.042156007150118358e-01
1.573979784194775022e-01
-4.638303234430493083e-01
-6.147117334648473097e-01
-6.893980197089648598e-01
-5.158030826420642034e-01
8.256521509501688616e-01
4.178330466688736644e-01
5.670037694362199954e-01
-8.722586129993987747e-01
8.336333047694196585e-01
6.915044574545006206e-01
-9.879782490587643018e-01
8.578685788659667910e-01
5.494957712504590086e-01
-4.210761056332231744e-01
-9.840882962807642187e-01
9.859229346562429219e-01
6.363946718335380393e-01
-4.285444022474343417e-01
-5.627611830555444561e-01
8.729598640053413128e-01
-9.018941999196616877e-01
-4.320210387443053079e-01
-5.048685218369358685e-01
-6.881598284183487735e-01
-7.553100145572904101e-01
1.385663608495733001e-01
-7.105084084704659242e-01
6.075428443121699829e-01
-7.142312971700728319e-01
-7.873970656516388056e-01
4.523292236133737987e-01
-2.295545552562830716e-01
-8.797135990057352029e-01
9.234396218040766824e-01
9.434967807872457479e-02
8.361995844450932358e-01
9.060749669289855923e-01
-4.357294126803966661e-01
9.817236639517281649e-01
-8.816210784791393973e-01
-5.554157913068886732e-01
8.742061832866452331e-01
3.107352255282464504e-01
3.426284604434454151e-01
5.900719085843325606e-02
-8.458153600595714749e-01
-1.700667589565665883e-01
-2.054949597802618599e-01
1.654513691716297252e-02
-9.167266192241774192e-01
8.598217500572694627e-01
-4.986884094666559353e-01
1.172122244991600226e-01
6.978672416226486819e-01
7.051127063368090031e-02
-9.288463216253167731e-01
-8.116032402187374206e-01
-8.341323338379895702e-01
-9.710708208391782836e-01
-9.305672292187388006e-01
7.956231632698816947e-01
-8.499678053819120782e-02
-5.533598122447518364e-01
9.162050494346938301e-01
1.690380847158990951e-01
7.330441600694197479e-01
-3.211905146504812070e-01
-8.147768520892896271e-01
-6.194497381952683845e-01
-7.844926319228393563e-01
6.916346157414838824e-01
-4.704533528689830990e-01
1.528240827540602587e-01
-2.816540962964279027e-01
6.606940250342409060e-01
5.783158550298879153e-01
5.239898508456597437e-01
-5.562240105788671674e-01
-3.360675940641334736e-02
-5.222520855964500885e-01
-9.552335502087443420e-01
-6.162062987431393690e-01
-6.179095301018968645e-01
-9.778007213218575799e-01
-2.354337551806270912e-01
-4.358815544711557299e-01
-8.288192917837871043e-01
3.165424183388320101e-01
-8.171465595819150662e-01
-5.551923154624384127e-01
9.450030469619754570e-01
5.593816698289083567e-01
-2.533971352000121136e-01
6.826386721332634577e-01
-6.053184508716937806e-01
5.580464162473922629e-01
-2.780777494170444952e-01
-8.400079267218767409e-01
-7.637625199690082356e-01
7.229357943809151532e-01
-8.344683530105618807e-01
-8.610064969733852713e-01
1.490885026066337826e-01
-4.661481656582184829e-01
-8.982333165526115160e-01
2.573700425749717580e-01
4.722925684697753534e-01
-7.195535230220809764e-01
-8.067302222748393703e-01
5.373204920215559621e-01
7.449535603318552246e-02
-9.790000105609688585e-01
2.059802787941560354e-01
4.932245819089260408e-01
8.591264098922516412e-01
-6.953033061901070511e-01
-2.946803168074162982e-01
7.672021139787638111e-02
5.245111465906143744e-01
3.777518529313963480e-01
6.502956111233496594e-01
-8.806804775960791476e-02
3.812074846848070298e-01
-7.997332250592258385e-01
-6.279446859583102114e-01
3.902364772137363880e-01
-9.704337714988935382e-01
8.823946225572116830e-01
8.670071263675357964e-02
4.417494690179681882e-01
5.700324674557974980e-01
-3.641972383227465304e-01
8.485693078092105823e-01
-9.904683525719801818e-01
9.396966449170121027e-01
5.808977996414669276e-01
6.161857656495414171e-01
-9.224215436167686466e-01
3.716856899848143825e-01
8.151523877786139849e-01
9.665588292040256935e-01
8.276520851764527231e-01
-5.575680849784634407e-01
-2.598146536375690596e-01
6.317102034044246306e-01
1.450480190393038660e-02
-6.424159254791166063e-02
-9.480475929967019377e-01
8.400669841658364723e-01
8.648920353555158425e-01
-2.482627018646546002e-01
-3.089023114701354156e-01
-3.951279271137669302e-01
5.070293098874598670e-01
7.738709271199464279e-01
-2.379405044248704137e-01
5.049112663724341088e-01
5.204955669115941541e-01
-9.538534274642710420e-01
-2.231608403814341335e-01
7.382524218906976188e-01
-7.138844287259552557e-01
-5.060376167168838535e-01
9.203565923180783148e-01
-1.649111439749678665e-01
2.644409491684485136e-01
8.122565511215111833e-01
6.769892212147845534e-01
2.838055875268933881e-01
-6.640786484883944851e-01
-4.128954987924701170e-01
6.317163711270039617e-01
-7.730529928293127240e-01
7.996525341785716279e-01
-9.797521377075443239e-01
6.645590192267228913e-01
8.632713376014773399e-01
-4.880224587418999227e-01
9.674890660562259770e-01
8.099212806672941856e-01
6.592459277161535347e-01
9.222537874411156356e-01
-6.519393530534520753e-01
7.041285028544024271e-01
1.578100851124206172e-01
1.971984701654924399e-01
-2.179236676451423160e-01
-7.828512558055897852e-01
3.966838705231975210e-02
5.960145063072731508e-01
8.733168858388304923e-01
-5.722002651319917366e-01
-5.609649401123234513e-02
4.671614944513092782e-01
-4.771141618384532324e-01
7.819513765584661380e-01
-6.138692840743064094e-01
-8.793372479699027577e-01
-5.933747583511582713e-01
-4.806890627815040284e-01
-3.875117983710011510e-02
-9.063149453938726952e-01
7.744163815373550364e-01
8.444759912514934186e-01
2.781020129053189405e-01
-7.723246874914700966e-01
-1.102667912820630702e-01
-5.077674697387570824e-01
-6.275006942970664525e-01
8.152006925622623523e-01
8.682814377072559098e-02
5.264295773071527851e-01
3.011063327004764867e-01
-8.498124809930602819e-01
-3.786065568016986904e-01
-8.775803273471671773e-02
9.431763878518761857e-01
3.038155898541881061e-01
9.358861422800243135e-01
5.324081229265023030e-01
-9.697083097548799824e-01
-9.271800075426536170e-01
-8.945017703787203622e-01
-8.408358114590327448e-01
-8.470193111641239891e-01
6.327676155619906817e-01
8.690394436780183307e-01
-6.254190154071253005e-01
6.957646234775216598e-01
-9.658437281562964882e-01
2.370571755408518166e-01
-9.317766987995017569e-01
-9.583966718169049104e-01
7.630539431976333109e-01
4.201624695790116548e-01
9.011051559551322976e-01
8.924358850942137877e-01
5.244475210960306555e-01
7.301673813892400888e-01
-6.144422153911647255e-01
1.318231749711567535e-01
-9.677510687498596109e-01
-2.001039514030283351e-01
2.720263700998782341e-01
6.307873902215357376e-01
-5.354328455833347045e-01
6.442956477745096500e-01
9.418721231020864559e-01
1.336109866776369337e-02
-5.463596665209362602e-01
-4.043476552050925266e-01
-9.092631018279018207e-01
-5.981955637488324262e-01
-8.749385144732806374e-01
1.294149711476844100e-01
-9.785936554461625025e-01
6.352675882851163136e-01
-1.297961995199850005e-01
-9.387014912657676291e-01
-2.213560227968168204e-01
7.356965734283753555e-01
7.133222221054751344e-01
2.897447795547912763e-01
8.838455396383515517e-01
7.839002782114261603e-01
-9.834933667768549492e-01
5.925158766137856858e-01
1.604556776165938503e-02
8.709363253894681911e-01
8.500467457616285305e-01
6.236843096490191085e-01
-2.016588362345832774e-01
-9.340418384101427662e-01
6.122640101760296050e-01
-7.531149983069010956e-01
-5.096897809788167866e-01
5.901537992415495371e-01
-8.861207427792283653e-01
3.165474150407762699e-01
9.645194929560252373e-02
-9.357496675586362000e-01
-6.375074738174100197e-01
-3.500640023580174343e-01
9.582128203039010916e-01
-8.056170522768162090e-02
-9.153454724691858502e-01
-9.062673340518985210e-01
-5.304858962635961017e-01
-5.710900142778569943e-01
7.593589171060750598e-01
-6.976694937863202606e-01
5.478347883559078202e-01
-3.826415201744115535e-02
-8.095652867528424501e-01
-6.673660091594353361e-01
5.369041903212639077e-01
-7.419568821058191155e-01
-3.073028928613156796e-01
8.130494473845958914e-02
3.491331591464284512e-01
-3.601079421406132575e-01
-4.123511326802739019e-01
7.103355469545463707e-01
-1.642180548266306550e-01
-9.722366079808713035e-01
-6.897522259880644047e-01
4.874610748551382877e-01
1.882967787742726717e-01
8.255851970194678646e-01
-3.436448073117199242e-01
-7.344035461744942150e-01
5.723250642767109264e-01
7.428470401001960877e-01
5.623387561877373209e-01
-9.548756580092405688e-01
-2.537223500728615910e-01
5.052489614260110562e-01
4.199095175394809143e-01
-1.213609843771450980e-01
1.161059372565091674e-02
-9.112673887396472994e-01
-2.045516931068491751e-02
-1.898977096335896508e-02
-6.065273477906146793e-02
-7.537861198441120347e-02
2.793073047279565069e-02
-1.195923958090946426e-01
7.684128309817419566e-01
6.905803314592031672e-01
-3.266154877726300532e-01
-6.438782749428126895e-01
-3.868333525393400918e-01
-3.166175730868341920e-01
-6.875402204405751672e-01
8.832862293001622067e-01
8.175191211766624777e-01
2.496821086511247789e-01
-8.540219417935254187e-01
-6.239698551050227859e-01
7.152221956994569974e-01
-7.421175722234238936e-01
3.679976906218729304e-02
-7.191655339166508343e-01
8.320168223466192226e-01
-6.611591776305612012e-01
-1.565264768295412390e-01
-7.222453986260658487e-01
-6.450277570044758990e-01
-7.277993213961793106e-01
-5.083452882252086358e-01
-1.362798189734414911e-01
-2.775171571893686462e-01
5.963845714150904920e-01
-6.607943315175098808e-01
-2.961017265859653969e-01
9.473470650626699685e-01
-7.217277730615530018e-01
-6.919753247434501375e-01
8.488456794505839786e-01
6.084708230026093512e-01
-4.236115889153710401e-01
-6.022148437854617509e-01
-2.038278659482607169e-01
-9.852150966910466767e-01
-3.311787299075039798e-02
5.291982845737247532e-01
8.285818445834446377e-01
-9.416194731811587948e-01
5.177110066560134394e-01
3.456277273481823120e-01
5.873973614919096864e-01
-8.141329499947538295e-01
-5.147205674587319590e-01
-7.074412806201864079e-01
-1.420031306542499094e-01
-6.791540061527555627e-01
7.558203007407598983e-01
9.537996778699161515e-01
-7.988053336241183189e-01
-3.075643946920778582e-01
-2.472598934875207544e-01
-9.927879624632118816e-01
-4.888054670936864965e-01
-7.678838901704820863e-01
-5.477886436014902660e-01
-3.989312347899013345e-01
1.721329191047117346e-01
-4.799721878468761194e-01
-5.832425505497684792e-01
5.661031386292086909e-02
2.436645394447330693e-01
-7.639988690797998583e-01
3.429046412936015420e-01
-7.052080776924704031e-01
-9.547622814408740499e-03
-9.213365919053176922e-01
5.880639483349749952e-01
-2.737707477782545529e-01
-9.050020139973226074e-01
5.042534195210575110e-01
-6.669055469845383000e-01
-9.675507160261206385e-01
6.394785512556354634e-01
6.912322469972586036e-01
-4.912139751958446432e-01
3.803186056367620083e-01
-5.302455102728107494e-01
2.125055869981126722e-01
-9.562416865112041697e-02
-7.264487071854974776e-01
-5.343112158515332943e-01
-9.592981483866893644e-01
-8.730931674094122297e-01
-3.302165246846264779e-01
-7.505758435448832699e-01
-4.392812735588110806e-01
-9.013176240668526740e-01
7.766290424715520668e-01
6.186523057255732816e-01
-3.961334467143337590e-01
-3.634652652946929741e-01
-4.535997542638283697e-01
-3.660682834372737116e-01
-4.029228584931741075e-01
7.872703426600862198e-01
9.661716338212642530e-01
8.747386831939838459e-01
7.330463080662297237e-01
9.670297954957319808e-01
-8.233588500309076963e-01
-3.916830757621668213e-01
-9.411913341752939921e-01
-7.567129490296056193e-01
-7.553731283976283795e-01
-8.225246107697787856e-01
-9.510452903902941735e-01
7.587344678643617168e-01
-3.041674023237428415e-02
6.183014475612917948e-01
-6.432229328611120955e-01
-3.070811751952920998e-01
4.442011526588719450e-01
-8.964714763475558623e-01
-9.660579000348472611e-01
6.351115326111640425e-01
-6.651954473891634745e-01
6.361027156564836860e-01
9.334373817775818427e-01
5.858391946334966516e-01
-8.105567979816827862e-01
-8.231616826331136227e-01
3.892949897920854885e-01
-8.814102754128668726e-01
-8.700859670481925212e-01
-4.394822490174998264e-01
8.832765728575551201e-01
3.129993895046450092e-01
-6.868618194108119246e-01
-4.075475728962749677e-01
-9.599204182371907645e-01
-1.582270518270216808e-01
-7.489413090438403753e-01
7.532563350105009325e-01
-9.816099513617243533e-01
3.333011545001656195e-01
9.719027596477696207e-01
-8.130852736733995556e-01
-8.049548115122159841e-02
8.311774147546379110e-01
1.529107184968107325e-01
-9.363422584301999141e-01
-9.819220808564317338e-01
-7.317468333640350098e-01
-8.254224143115862500e-01
4.031198351323482809e-01
9.855932171292403066e-01
5.131236900693444403e-01
-2.852843608278534671e-01
-9.727717017273359579e-01
-9.269241836772195153e-01
2.483518593715930423e-01
9.894411274927730204e-01
-2.886458050943894738e-01
6.100925410420616757e-01
-3.879740462997053885e-01
1.995115962003587984e-01
-7.429439910447332984e-01
1.685594112380164322e-01
6.188971551964661533e-01
-7.223650312279135122e-01
-9.459138770558054299e-01
1.327950341184151173e-01
2.403556292232354730e-01
3.557486478592156165e-02
-5.961102533632207934e-02
-8.247865070558964007e-01
9.534119262733240507e-01
6.103886580579112042e-01
-4.562433939039027830e-01
-8.707705253911952603e-01
5.956888008575410565e-01
9.287963171746697055e-01
-6.388656625698463376e-01
6.617678037919179079e-01
-4.946397722400314168e-02
-3.141827558879751181e-01
5.407455109963525963e-01
4.198104985764891106e-01
-8.279294481493227886e-01
5.730708147520402473e-01
-5.625370127862387992e-01
-7.209089527229373129e-01
9.444546111307995373e-01
-7.054702052681119939e-01
-4.989289240869995146e-01
-9.156145190134215017e-01
1.455121005578984827e-01
-9.055073052931521538e-01
4.654039741405787689e-01
-9.948895019561387887e-01
-4.953720138061598055e-01
7.052606147309524731e-01
3.121140147196809211e-01
1.765752584591660512e-01
-9.274790661936010983e-01
-7.381760436581393803e-01
5.945107541940659601e-01
-9.112882910654225288e-01
-9.060694787784628890e-01
-6.330192356064826553e-01
7.271185434344764609e-01
1.613369643090812877e-01
-4.060307267021279753e-01
-8.154670741042772120e-01
2.044067157195728901e-01
-1.492602485845602456e-03
3.883535361193063418e-01
-5.275318964111158637e-01
-8.091015511213428546e-01
7.267697271391778679e-01
5.921128829873372190e-01
7.812867682685292747e-01
9.722416547979001455e-01
8.429861207765096953e-01
9.272313396990600198e-01
-2.311879807177289192e-01
9.826329240477851279e-01
-3.919008603557787573e-01
-7.874124140597319466e-01
6.707046348230485400e-01
5.982187443509310310e-01
5.361447809108010887e-01
-9.627630384449304968e-01
-7.220477358416932390e-01
-9.358135744034571379e-01
9.572072945468870220e-01
4.745615708567498259e-01
4.828152301513191080e-01
-8.454963310946367328e-01
8.284246144694451530e-01
2.045275723745604290e-03
9.421012428846176068e-01
-6.760841456025461493e-01
-9.895204857034773926e-01
9.944770267922782292e-01
5.824524274148213943e-01
-6.230868896710046734e-01
3.454665925908574353e-01
-2.669612974085053825e-01
9.077808423994438991e-01
8.019574903416708533e-01
-9.868399986010030212e-01
-8.702899711816995953e-01
-1.010434648615696207e-01
-8.988357387539497312e-01
5.890443488578406273e-02
-2.302290608780787617e-01
-9.736372995720712353e-01
-2.923186552218444145e-01
4.145913955598680145e-01
-9.249319770204780800e-02
4.634017436555752933e-01
5.687954555263107226e-01
8.270518796769552594e-01
6.696223882270067040e-01
-6.479764669527434684e-01
-4.117137478100893477e-01
5.516750613882304144e-01
-3.476334346583578871e-01
8.624717690716595664e-01
-8.994151034617139384e-01
6.399916126453076837e-01
-5.711021963452712624e-01
4.039524521310674521e-01
-9.023105718209529780e-01
-8.342593507312563439e-01
9.341612777035067650e-01
6.691256230782274272e-01
1.542640228695463245e-01
4.683690296940490327e-03
6.087056011030568259e-01
-8.097716296215810017e-01
-4.935289675506160378e-02
4.163780584522075445e-01
8.464690973059681989e-01
9.801990702091983865e-01
9.501453003175982515e-01
1.570651719139225244e-01
9.282222301379592366e-01
9.849829395883418215e-01
2.766724517131549099e-01
-6.724134338647308473e-01
-9.170078025289229995e-01
-1.652823658728759804e-01
2.073296911045512947e-01
2.867338128998488389e-01
-1.059790699966000616e-01
2.590700989490667405e-01
-2.126744121826820433e-01
4.626805148798986411e-01
-4.048114293104394523e-01
2.625348632262592408e-01
-6.079019026540832815e-01
9.005730323530822812e-01
7.848401865693891422e-01
6.392601422691432944e-01
-4.326536710117662166e-02
2.128661587979766567e-01
-8.995112362771930936e-01
2.814039493541593551e-01
-9.151076614546378440e-01
-7.515795894682848477e-01
-7.194547908423878368e-01
1.048548461026305029e-01
9.301283409405636249e-02
-9.730449164072294543e-01
-7.370744294481798020e-01
-2.955527868971347116e-01
-8.078442906568750193e-01
3.311933869418314247e-01
-3.709435032223372675e-01
-1.114554195653698898e-01
-5.562297223954575376e-01
-8.755109268821503754e-01
-5.502704133981151102e-01
7.653936627585283814e-02
9.156961576907107769e-01
5.562326202916740847e-01
9.110370145673593045e-01
-4.696743019907590466e-01
-4.128728145531128657e-01
-1.381501708773287540e-02
9.035574359655595966e-02
-9.364513598536112760e-01
9.945324216429981545e-01
-6.568346521828772877e-01
5.859060701294558360e-01
-3.892314142637826602e-01
8.358610744736831855e-01
-3.417011690209925678e-02
7.997817394754794806e-01
6.406821847426511507e-01
-3.352521397869748787e-01
-8.416254059599842519e-01
7.857607796518584209e-01
-5.309731626466440702e-02
8.810188163272936190e-01
-4.299432630811363953e-01
7.948650921776114764e-01
9.394566986034268430e-01
8.614211410291380266e-01
8.524771572924916274e-01
4.528833093741256310e-01
-2.819407177502595840e-01
3.006800601869270562e-01
-7.490394817855656751e-01
-8.115115369985786975e-01
9.030026006167441999e-01
-5.006475725887687966e-01
-7.136988897277853905e-01
-9.346462380498332667e-01
2.473916074438501922e-01
-1.921600046538071704e-01
5.024304090236932918e-01
-5.446298049033085897e-01
1.082143149769610596e-01
-2.895210185237729328e-01
9.919039188785689909e-01
7.263999728797005950e-01
-8.157536239648528475e-01
6.958322616498334723e-01
-4.236652299386502174e-02
8.973123241300516861e-01
9.498654463655042957e-02
-4.723213984183923242e-01
-7.020292700100643213e-01
-3.422108771219175560e-01
-5.113385148486411236e-01
8.235019170272265265e-01
7.236118338608278355e-01
-9.602334205459230887e-01
6.053599049065341298e-01
-7.515404519034936115e-01
6.820822940276467516e-01
-8.370178263416774289e-01
-7.596530925613886875e-01
-1.597560095556669335e-01
1.576803013386290642e-01
8.036325165115381086e-01
-8.971619455381193431e-01
-1.640437682699735500e-01
-8.298370347029988547e-01
4.693084336474576124e-01
6.576302421284292432e-01
-1.073440080760141302e-01
2.766647887069698664e-01
8.349485093560121696e-01
-4.961296346262687451e-01
9.895818581527282554e-02
7.758600979690298827e-01
-6.537942845635809075e-01
-5.321321087214148093e-01
-8.523939760475652827e-01
-5.535148153078722766e-01
9.851467289213791112e-01
-6.985923514238738807e-01
4.835139399364207780e-01
-5.956931415463144752e-01
6.312632218584310895e-01
-8.077497104361780478e-01
5.747793679584424220e-01
9.370396765951686247e-01
5.099928062471588142e-01
3.810981790240982048e-01
-3.514399864547630425e-01
-6.907801095578476325e-01
-6.299569375744183963e-01
-6.719993170515470293e-02
-9.417663458013816324e-01
-6.988374300821621476e-01
7.999239539731336501e-01
-3.130634567671725654e-01
-7.085339829503614073e-01
-8.481662463556560727e-01
-7.686987873446704533e-01
7.982038636014614497e-01
-7.935866297527691682e-01
-5.539992504041418853e-01
-9.488397981045094687e-01
-9.080371155803948491e-02
6.131212909304992742e-01
-5.786370709035693061e-01
-8.927315028112914330e-01
-8.693450750198865595e-01
3.859368417018797515e-01
7.034761519529614260e-01
-2.426685442527962422e-01
7.804804193352198327e-01
-8.591610196556959123e-01
8.846991410762216068e-01
-3.555454665076638321e-01
-7.225929959663650592e-01
-1.859206273483560157e-02
9.492905629288979075e-01
9.481373874885363762e-01
-2.673315765733478844e-01
8.476165921698083361e-01
6.730641975508405705e-01
-6.827601843500298306e-01
5.410344035866785362e-01
-8.585212379813698114e-01
1.380706852965949694e-01
4.180252101963316536e-01
3.575709268372727623e-01
4.829938091211722906e-01
-5.016345378444471148e-01
7.497267934995887062e-01
8.331418017995223524e-02
8.170222095739199109e-01
3.097489236732620110e-02
3.379973367027564457e-01
5.811288284232865031e-01
7.048121974759254948e-01
9.041069356543385283e-01
-9.260854537234579631e-01
5.357069701453780475e-01
8.790723798774497943e-01
-7.796651199813952049e-01
6.079997263808259444e-02
-9.610201395176887207e-01
-9.970001981871943197e-01
1.493450122361011656e-01
9.168096714610447506e-01
-5.028337744199724568e-01
6.937668166757153809e-01
5.003803795132193422e-01
-9.306215887718779500e-01
-8.677091181548197696e-01
-5.601738010521514211e-01
6.279711552953791687e-01
5.188348290648405747e-01
8.779551377941752222e-01
-5.732408315099922769e-01
6.255692150994566214e-01
5.170819874568456376e-01
5.170404495266494038e-01
-1.812218485458627626e-01
2.482452109608457302e-02
-3.558282267264443743e-01
7.853102593837170131e-01
9.354350994943084752e-01
-3.614969047167156391e-01
-8.018238358799967269e-01
1.643111345754394437e-02
9.869148824900598749e-01
5.657478122271693000e-01
-1.401389014834941160e-01
-5.899265979498505841e-01
2.996766753507711933e-01
-1.785712525760828617e-01
9.901025933158866810e-01
-8.191595658508586952e-01
-1.590101507873369069e-01
-6.283039251725083263e-01
-9.512056275365785574e-01
3.081698488438412431e-01
2.060409055628076302e-01
7.224750004874144205e-01
8.049403486843651478e-01
6.898391331956911232e-01
-8.086806848650885948e-01
-7.182190363226684804e-01
7.860634994578168389e-01
-7.156539185762401667e-01
7.077511812248487022e-01
6.376955521343958821e-01
7.151288828253942187e-01
-9.869135060167451012e-01
-5.241370901743038768e-01
-3.354192969860094187e-01
-9.102337970845219006e-01
-8.741439656954873572e-01
6.341269213572638119e-02
-3.772127766439558050e-01
9.447313763143327936e-01
-4.132082841045151556e-01
8.051248400221581170e-01
6.589932923667748410e-01
-9.385106171496542249e-01
-2.062223508135097028e-01
9.110812144968318815e-01
3.222997342849739377e-01
9.048293790475627763e-01
8.299666471146217583e-01
-9.454946892505344813e-01
-8.851944538288538666e-01
-9.515718700843242006e-01
-1.325865008931730316e-01
-8.341826287147113828e-01
8.203531487772602881e-01
-2.777591497337798532e-01
-6.588510432654492988e-01
6.045294141964572265e-01
-3.923383901998320766e-01
-8.553523763037096383e-01
-7.228401626227706211e-01
-8.649123265656386561e-01
-3.725636926050859277e-01
9.541151711943176572e-01
9.625403822361775497e-01
-9.575357033479462432e-01
6.868374706261823892e-01
8.230496703671589254e-01
8.386357768454102968e-02
7.885370818544876759e-01
-2.026664973716169049e-01
-2.250376572681556109e-02
-4.314651251019529510e-01
-7.609887475378472876e-01
-1.589181695151101192e-01
-3.018691535474804510e-01
-9.541809619287708877e-01
-5.935676177294519906e-01
8.674025305444228451e-01
-8.164847127402062865e-01
3.046976014611761374e-01
8.880531276803169671e-01
-7.510768017817037734e-01
-8.215925196830905497e-01
4.703865011853951561e-01
8.722689503341554129e-01
-7.846605910170073583e-01
7.733372637683602058e-01
9.300342359437321349e-01
1.188729309296888692e-01
-8.512058961009237867e-01
-4.957267423925234007e-01
-2.683448597469109131e-01
-2.019826063619836465e-01
4.707979408094892237e-02
9.273473719958250649e-01
9.958670286625457280e-01
-8.019866896588409011e-01
-7.665619462643772364e-01
3.812514252291565597e-01
-8.395460444550079115e-02
7.771129373847104338e-01
-8.216612803294207623e-01
3.540422262291538225e-01
-6.490003916393547456e-01
-8.336051008367986181e-01
8.585806862903763159e-01
-9.390302809382446991e-01
8.571170094052309452e-01
-5.568599475729099080e-01
-5.681552997588612541e-01
-8.687157130130583882e-01
-5.181388683999696987e-01
9.749524062688792458e-01
7.130347957413565307e-01
-8.160416511817762952e-01
-9.261714966997518506e-01
-7.594785273016596561e-01
9.712360782680851123e-01
-9.655200646306032475e-01
1.352844901799721278e-01
7.850114127788908602e-01
-5.071504826132362531e-01
-7.624745896625735320e-01
-8.610918905939561885e-01
6.193046195222915440e-01
7.545729482152361278e-01
-4.921811383424904429e-01
-5.990397143901305954e-01
2.932561921985927800e-01
6.113997690341981261e-01
-8.389189321033625468e-01
2.088429644687617159e-01
6.693984099147034517e-01
-5.368940080463298070e-01
8.393120483885911920e-01
7.752075920790613139e-01
9.690193328030468622e-01
8.618053509517624722e-01
1.920850458746386491e-01
8.176641937478449362e-01
-2.064756296309813999e-01
-6.746217305866841762e-01
8.067346800151407038e-01
7.014351338877579112e-01
-1.270020842646114312e-01
7.770349630722266365e-01
-8.789631027804911678e-01
8.453220670688000871e-01
-9.586916279123744999e-01
8.949737833293485156e-01
7.183701125937932419e-01
9.382240524617874167e-02
-6.290576256273547884e-01
5.743595427961892819e-01
-8.547468024201337888e-01
-6.597288749139122999e-01
6.794251035495321167e-01
-2.995848778757134179e-01
-5.105889563221170935e-01
-8.395316777101322625e-01
3.813813381711517181e-01
-9.655629711519986280e-01
7.257353119920029183e-01
5.690042029075202956e-01
7.089837759476558254e-01
-2.670074163811028134e-01
-6.935523068483896714e-02
-9.469984423759778558e-01
2.280633797664592399e-01
6.882322811460599432e-01
-2.114257724456802823e-02
-3.832205384167092221e-02
7.188064699585943185e-01
1.357854585083753118e-01
1.742609296089394355e-01
7.438249385595218088e-01
9.821839811508303875e-01
9.789573746623397854e-01
-9.040422036331301481e-01
-8.289646632221009392e-01
-5.331018484334644203e-01
8.206318567826443866e-01
7.138998375711184119e-01
-5.616299538926505797e-01
2.510279123594343353e-01
-9.216920265472933194e-01
-8.036265185270583533e-01
2.505196398448421014e-01
-9.355052397625595040e-01
-9.306768950173890387e-01
-6.347032798894387540e-01
3.477035073010745769e-01
6.226507316940067538e-01
-8.766437071184306484e-01
3.443666614453715358e-01
8.442890506582116927e-01
-1.449443480925522720e-01
-1.742067755951448027e-01
-9.002937984415575468e-01
5.610337980254352930e-01
9.857023540663305550e-01
5.707963996908144155e-01
5.536200969095803615e-01
4.195630817441065030e-02
6.616499813388014850e-01
5.282786176722156224e-01
8.532300714764163851e-01
-3.371660787405144633e-01
4.570444411083662839e-02
-3.138728622248515565e-01
9.951258444444384121e-01
8.634443167180972933e-01
8.689851627396537603e-01
4.303472606543979895e-01
-9.281601380561930181e-01
9.509337809688732379e-02
-6.578620335531658592e-01
-4.916407480998949420e-01
-8.462044879473429315e-02
-7.284372045142442076e-01
5.914743167431548709e-01
4.678953902556793887e-01
-6.135723376567527865e-01
-3.482005340318458098e-01
-5.626573608328321319e-01
8.774453191544012709e-01
-8.161376003091224129e-01
-8.991966747342108324e-01
6.137658140871494750e-01
-7.040127915075065079e-01
7.776069700119089267e-01
-9.783327643691223097e-01
-8.861102522054411512e-01
-4.999825696010234966e-02
-1.271528833592500407e-01
1.340932702293484990e-01
9.575951272528272495e-01
-3.759117888742029567e-01
7.803026555817371701e-01
4.132687609061056477e-01
2.891689669350010483e-01
6.996077272267511304e-01
-9.065620027981284856e-01
-4.806232039617224228e-01
2.092504346012760974e-01
-9.465087628244701623e-01
-1.877142965885550407e-01
3.759063542765541110e-01
9.815663995635746097e-01
6.719598871224501391e-01
9.680562944130503000e-01
8.863796923086348922e-01
1.926801281620554862e-01
2.945612247644668336e-01
-7.085087932931388721e-01
3.802735762687170507e-02
-6.138003988243641018e-01
-9.098715208183476566e-01
-3.226005855847375314e-01
-7.956319257021479130e-01
-6.627330478500012001e-01
-7.858849138612629126e-01
9.582867684957555032e-02
-3.744043869061998153e-01
5.287667588857845047e-01
7.863996648596919270e-01
-6.680141370495669140e-01
9.939256288118706317e-01
8.976748558205424056e-01
-6.162049642644386038e-01
7.399011696361085244e-01
-8.764517354537730842e-01
-6.182171061487804486e-01
5.894664965115427036e-01
7.137378482788077072e-01
9.834645187116688447e-01
-8.003705674099327316e-01
-1.788951088863011685e-01
7.740865113076154103e-01
6.340845631967936269e-01
5.013680684372773255e-01
2.531861802415740215e-01
9.496469329352247302e-01
-2.901200212689465374e-01
1.257788941026569129e-01
3.076138902202379954e-01
5.065720515572395000e-01
1.201700471861575636e-01
7.997769637361976658e-01
-6.695155388130559215e-01
7.941560180926849899e-01
-7.092657673422205766e-01
3.077802624932907127e-01
7.967629980029282688e-01
-8.400836433182136131e-01
7.518083889033279066e-01
7.429645816303152017e-01
9.711896365980706713e-01
-7.403968664358587803e-01
4.586607157682370817e-01
4.808922866169281218e-01
-9.362078922427250482e-01
-5.537188598587399202e-01
9.213262546782960971e-01
-7.582211477713687309e-01
6.906881677533398545e-01
8.230290899567332952e-01
2.266883291120647126e-01
3.302998625476948336e-01
-4.377627745849165253e-01
4.436470420616851484e-01
-7.049539669055651103e-01
-9.855025004487798501e-01
-1.621759111942096543e-01
6.912650693967512527e-01
-1.858203933882903169e-01
-7.652577837618783629e-01
-4.766812403142867138e-01
-2.932654502340001912e-01
-9.937929524759486766e-01
6.767483170680529403e-01
7.565562548452031688e-01
-6.957130276975236338e-01
7.468615034047391132e-01
-5.309151967325408394e-01
-2.532007755223478762e-01
-7.497640077283134197e-01
9.609466102540936694e-01
4.901553534716981408e-01
-2.733428884424870531e-01
-2.577822994738926399e-01
-9.227092523840294547e-01
7.550009995193757151e-01
-4.707773577449237967e-01
9.075635446935030881e-01
1.479236787874283476e-01
8.741381311893127171e-01
8.096184856335109092e-01
8.481046819784427981e-01
9.188037190830241618e-01
2.197202176597451428e-02
4.051753933475407132e-01
4.617838183496089099e-01
-7.878677227973291952e-01
9.905807615781450082e-01
7.509830807797979180e-01
-1.646529899751168757e-01
3.490718091394400258e-01
2.302223742183851229e-01
4.955806658798307396e-01
1.368902916353606225e-01
-5.751564241171507330e-01
7.638454005292549809e-01
-2.812732549896133638e-01
7.572776628476283189e-01
-9.067762415083234773e-01
-6.646451443565435380e-01
-8.047669433692503649e-01
7.596327456340833395e-01
-8.977736079803575464e-01
6.721148149370418379e-01
5.465337917423845893e-01
8.590360557811331788e-01
-8.741682652450195601e-01
-8.534107617521254907e-01
-8.369883296254265748e-01
-5.943879149314781341e-01
4.259741340988221214e-01
-8.418451626146050693e-01
5.389491024913735107e-01
4.657511965791912290e-01
-9.204687707206762326e-01
-7.685891151600330318e-01
9.199918090580386787e-01
-6.429389556538334105e-01
2.715085123681357793e-01
8.630450975297413452e-01
-9.265786814205670963e-01
3.755003382795354394e-01
-9.355745146327854034e-01
6.910713325493067494e-02
4.260066914926211035e-01
-5.225936013625973597e-01
3.323516930287063742e-01
-4.514778850894469731e-01
3.932112997746851635e-01
-7.874320620968436879e-01
-6.999194847728427149e-01
2.047613077651665447e-01
-2.806973768438243422e-01
-1.728776785906815938e-02
8.537459304236848512e-01
6.310722846228643546e-01
9.272124741322372854e-01
-9.776928914740523613e-02
-8.610569377529975199e-01
-8.672554421886971010e-01
9.151164340786567264e-01
-4.861101050329610374e-01
-8.169895886345149849e-01
1.768345299323640374e-01
-6.054086003296341723e-01
-8.997250741788275219e-01
7.135814569128275942e-01
-2.114778138474877056e-01
-3.759804111857714126e-01
4.408169126604577492e-03
8.599416542626920901e-01
9.845359620315123905e-01
4.378282560841052495e-01
-6.456934162072084371e-01
-8.624071300316622501e-01
-6.118384546506299149e-01
8.845628026171535874e-01
4.920342267354126387e-01
-9.160634136995789989e-01
4.353866219221371736e-01
-8.169353275029476169e-01
2.344114591538695169e-01
-7.294617102797052999e-01
-7.718935145140867204e-01
5.910252764651149349e-01
-8.782241702402917571e-01
-4.537442132835870501e-01
-6.020669225824224480e-01
5.032023507172751486e-01
-8.721222652303065592e-01
4.019305707825913121e-01
-6.177637455268534250e-01
4.139669527735390098e-01
1.911113769952806352e-01
-2.728495915608375455e-02
9.967994270575538662e-01
7.297774464682911244e-01
-1.370560319262444093e-01
-9.365150230339307491e-01
-6.378255964685097812e-01
9.805813876702502707e-01
5.288429668306549036e-01
-9.252969642186120725e-01
-9.686406884907408088e-01
-9.650360770346881889e-01
3.954343723787566711e-01
-3.170574055791227086e-01
6.191820592619079466e-01
5.704363142922755925e-01
-5.142193859729280447e-01
-9.987022175607246366e-01
5.993170075849972855e-01
-3.800852134550083417e-01
-6.278163531335645420e-01
-8.062591388278650406e-01
6.519075511258466404e-01
4.868877267768013106e-01
7.050611955184608037e-01
-9.867704516610968923e-01
4.713505887067953593e-01
-7.730281551756086333e-01
2.347654125221210752e-01
7.248259227223811108e-01
9.357963923845786791e-01
-2.698103507695304160e-01
-7.714634952999476214e-01
-6.206945541975690261e-01
-6.313726051435505360e-01
9.573127960692162652e-01
8.438381907368859292e-01
-1.247468279167438243e-01
-3.520943730687892681e-01
-8.021011490122808008e-01
-8.199966384399868247e-01
-7.043127563064752183e-02
5.834033371533733359e-01
6.429360558663705927e-01
-7.039387123416902536e-01
9.493257930841821901e-01
7.627233876064121176e-01
4.540852030033589171e-01
9.460103195664368858e-01
-6.702026657082948979e-01
9.892939317494857665e-01
-2.432183101463886443e-01
-1.167243303024314560e-01
-8.347378390497559586e-01
-7.693469166747295418e-01
-8.903216185248700176e-01
9.263414246146691733e-01
6.315204313568852923e-01
3.368660261716277526e-02
-7.317043172987625077e-01
-3.810837158088303256e-01
8.992133408059644895e-01
-4.850824734889378487e-01
-2.790322849141042560e-01
5.572210012590720352e-01
4.044036339197411012e-01
8.981378545712719319e-01
3.187627118933568093e-01
-6.910228363227919335e-01
-4.740675476757296725e-01
-8.081383034704092694e-01
8.677497881651777822e-01
9.654638784598340573e-01
-6.172907993180793973e-01
2.040513094309738540e-01
8.359610412107760791e-01
5.542549494104841434e-01
-2.736345455817892902e-01
6.519089825357297086e-01
-7.839094953742331562e-01
4.010017867990581797e-01
-7.768084152972553058e-01
-4.510576298167499054e-01
-3.079116268654038535e-01
9.907049725111192195e-01
8.270579781169823397e-01
-8.385511483792086329e-01
7.710207497620216177e-01
-7.695146065290709991e-01
7.391209995541354605e-01
4.038268800234214861e-01
-1.696172631016461818e-01
9.626097488551961234e-01
-9.751865586678116760e-01
5.589835394538431590e-01
6.605690264198224027e-01
-8.993990870050705411e-02
-8.789059366352420799e-01
1.379174330967608553e-01
-3.116219302705099947e-01
8.319214014420456271e-01
9.922030059059465668e-01
-8.725747316025593836e-01
6.171543110211941130e-01
9.063663334625988721e-01
-7.500519542712345000e-01
-9.127369573109289647e-01
-3.024234415736692938e-01
2.651323782575303323e-01
5.682456130977764364e-01
-5.884898584938708099e-01
-4.525797825066461555e-01
-7.550052545382252012e-01
2.537417080070830111e-01
7.613048363551722097e-01
6.756136354322614945e-01
4.677759581793849986e-02
7.068377505478775635e-01
4.520685922017253500e-01
9.379680004080608313e-01
7.059255662089354288e-01
-5.224188066100773215e-02
7.876037417665018858e-02
-6.799782233843690848e-01
-9.287667229128877544e-01
-8.295871668570575785e-01
9.528778518571554557e-01
9.961756477302388113e-01
5.800521202029860213e-01
9.445459965023152993e-01
-6.361837252973795431e-01
-8.202438266423619506e-01
-5.881755792370921831e-01
1.216089732412916069e-01
4.627401689368696447e-01
3.498910439425861885e-01
6.982873831757836491e-01
9.917094051795365406e-01
4.952232682830509658e-01
9.806743709609144766e-01
-4.465946386745077712e-01
-1.616085411222683010e-01
-8.637675517878893316e-01
-8.533659538152050805e-01
-9.268475438428560587e-01
-8.993876724474381135e-01
-5.945625229017529323e-01
-9.387271390665106185e-01
4.966204400463936075e-02
5.185204488562584757e-01
-5.278543481176571905e-01
9.463142388407209671e-01
7.775507720712351301e-01
1.124081227935268684e-01
6.104675184573672420e-01
-3.470090889227232522e-01
-6.413563805896095593e-02
-8.382266793981657527e-01
-4.457524200282177995e-01
-7.271773579099074514e-01
-8.235687420169591766e-01
-7.564392304708038584e-01
-4.878611247513483518e-01
-3.492852170476558604e-01
-8.161048177124151648e-01
-8.473450748036828184e-01
7.669803920033284594e-01
1.967312118618712857e-01
-9.422652007262048990e-01
8.539363974018195913e-01
-6.582042209322412907e-01
-2.337599755590493156e-01
3.993441911241906173e-01
3.071180343918916145e-01
-6.231739324738894137e-01
7.797598718105238635e-01
4.496400980922377055e-01
-7.793815419442062797e-01
-9.556084296012744561e-01
3.116202046622201793e-01
1.305347480084772527e-01
-4.902331727433051345e-02
6.871404310465565324e-01
-9.838384119132181915e-01
-9.614762693805725124e-01
-9.733149682763242438e-01
2.854398616441309322e-01
-8.088830482308696501e-01
-2.426643751145507455e-01
8.104083794763943249e-01
-7.050661065219956392e-01
-9.305552831256225232e-01
9.326308451064226901e-01
-1.448567587873322848e-01
9.422674441443237292e-01
9.296548519379668196e-01
4.039205766472160342e-01
4.368341882751396454e-01
9.303916644810154013e-01
-8.436048029403246939e-01
-9.685312152507146166e-01
1.052495506272395354e-01
-8.635571302696918305e-01
-5.711082447336621182e-02
1.518346683364709682e-01
-9.820949214616545575e-01
-8.686286646684140411e-01
4.999949211278087446e-02
-1.408905778875969017e-01
-4.817205888486421062e-01
9.772354090351430544e-01
3.754762749841744629e-02
-9.878061193269982443e-01
8.577077088035282015e-01
-9.157264404277783987e-01
-5.432894855631793529e-01
-5.510950058913730576e-01
4.660530552989955444e-02
-3.484357793407695247e-01
-9.035640769521340321e-01
4.994687412063241738e-01
-4.173284155430171949e-01
7.731566033688321848e-01
8.049207585163286049e-01
-5.293297526209089776e-02
2.555232407776186765e-02
-6.714079555662189058e-02
8.077165078825565558e-01
-5.705471842024695261e-01
-6.299408848509114867e-01
7.251775172658921909e-01
6.200407017508517971e-01
-7.880096993845691067e-01
-9.416081266255006410e-01
6.023997036790851300e-01
-6.049894390562238211e-02
-1.258164854640871633e-01
4.856698749313979047e-01
-7.498675262114986584e-01
7.328455918025533755e-01
3.973470519847450699e-01
9.892623823348285494e-01
6.006335404043816606e-01
1.929084341918929635e-02
-5.582862255781793070e-01
6.294278722746932120e-01
-4.745773149757419040e-01
-4.165158089307620104e-01
-9.684772592228327870e-01
7.861277071729196875e-01
3.166244623136106884e-01
-1.586324862417440307e-01
8.140557695701313712e-01
-6.787028088881865706e-01
-6.588502278807873980e-01
2.312730932772628645e-01
8.711479286199265148e-01
-7.653455887295811388e-01
-7.942980494968610028e-01
5.898748794392552064e-01
-8.238147371705700772e-01
-1.518455156606987599e-01
6.877929487131978492e-01
-7.019355912617408766e-01
-6.541178117694903538e-01
6.209121495751590558e-01
-2.599613831835705380e-01
-3.113542261696567448e-01
-4.047142162491798034e-01
-7.210060735093886120e-01
-6.238175726644091812e-01
-6.433402684016433781e-01
-6.431417836071392502e-01
-2.838447907554662031e-01
9.085677571662215124e-01
7.945985749066640791e-01
-6.911842303774248242e-01
3.426498677740335563e-01
2.040857598258722372e-01
-7.625182267541648073e-01
4.431179230065975250e-01
2.045151904808274468e-01
6.457947051002822514e-01
5.951374918409961801e-01
5.639457045245237499e-01
-4.560815069647848885e-01
5.679740894944529384e-01
9.975749615104716472e-01
5.558467040495757017e-01
-9.687754413816236365e-01
-6.168628309791581721e-01
9.390087835790628112e-01
2.410010573891316343e-01
8.780383330952041820e-01
-7.697294961038756433e-01
3.683368537788859753e-01
1.817042790024783194e-01
-3.238328981681362073e-01
5.893425569809318532e-01
3.727380210577875830e-01
8.033132601855810240e-01
2.440138458872026239e-01
-3.269390481593612563e-01
-6.800827799261651707e-01
-3.398737620703960460e-01
-8.889559061154285180e-01
-6.093902781995708118e-01
-5.434636771068195316e-01
-1.468970098939987035e-01
5.266323087871680464e-01
3.635203659101758356e-01
-1.096964066319323639e-01
9.134601170747704835e-01
-5.445287862230736575e-01
-9.281682101785405647e-01
9.209278905100378720e-01
9.444114892852827348e-01
-5.569342668046376454e-01
6.126861884857148777e-01
4.343069081018380295e-01
-2.106516392899594192e-01
4.623524202971202035e-01
-1.706013329498983488e-01
9.534189402867911112e-02
-8.411969420877298820e-01
9.811109460925234727e-01
-6.774208112554536143e-01
-3.106138697173385088e-01
1.424267756242127425e-01
-5.198410454909417888e-01
4.469910499742543730e-01
2.200560152976129003e-01
-5.464391372929260360e-01
8.229642901245919351e-01
6.368890129593934857e-01
-6.453374820599299122e-01
-5.409867560658874197e-01
2.037257707977001564e-01
1.767202986800296138e-01
-4.208506851696681150e-01
-5.214991209870696309e-01
6.065309938434642056e-01
-9.830269918125265072e-01
-5.865099930196754352e-01
9.030864979108629287e-01
-5.205466981990732878e-01
6.030679141323814774e-01
-1.248804000152975435e-02
2.475589558806561008e-01
-3.122113776524250151e-01
5.861378787899542697e-01
-8.337912789955259640e-01
-9.257390691359757007e-01
-8.463494485065047312e-01
6.933997953592514474e-01
9.707224364185438326e-01
1.734193040940259500e-01
-2.493925054891238391e-02
9.779688799007246747e-01
-1.513457827197118577e-01
-1.280504095939525300e-01
9.601876288253493597e-01
-9.705859401854034507e-01
9.529550239385379262e-01
8.284050468986373650e-01
-7.604315411097062327e-01
-6.502446790582633307e-01
9.260723694827146524e-01
-8.149318592284813256e-01
-9.483071388943487001e-01
9.786995529613246037e-02
8.212797210126085989e-01
-2.621157415098422372e-01
-7.370195772143610657e-01
7.561249262212434985e-01
8.366169022435502312e-01
-6.022626105930175555e-01
9.183459584358399930e-01
1.921350119359141462e-01
5.045593641636405557e-01
2.126764066822709465e-01
1.444108263609929221e-01
7.743280161736245670e-01
-7.570152992172285433e-02
-1.144890643854183238e-01
9.388078176480323389e-01
8.631360392995183206e-01
-7.991763356127559170e-01
-8.208575509658275760e-01
-6.450337948460833637e-01
4.291282219836729528e-01
-9.890188352353463941e-01
9.708072895481224540e-01
-1.029478118361259187e-01
-6.276190637105466541e-01
7.575599259072232083e-01
8.197763224694883943e-01
9.778728612569920209e-01
-6.156282756805375733e-01
-6.582384788677849707e-01
-8.187004154233070707e-01
-2.845662890586378446e-01
5.926862157794798684e-03
-4.889527045804050731e-01
-6.469038071401436163e-01
-5.518378512002100056e-01
-4.206825432610948878e-01
-1.719827867352871076e-01
4.470775612530319965e-02
9.439729845024669164e-01
8.556801616300155899e-01
2.890662276854688018e-01
8.867332585796932065e-01
9.388035958597837904e-01
-8.413406840826720412e-01
-4.548845748509691700e-01
2.586113204732592985e-01
4.735317785654584166e-01
7.377299128462078137e-01
3.380494111476829988e-01
5.769180015676702578e-01
7.813727635540962391e-01
-6.227717087885950020e-01
8.586399459838752746e-01
9.618493368794376330e-01
-6.455978705373486282e-01
-5.752218125711838770e-02
-2.051641840646876713e-01
-8.377306224988377847e-01
9.879574201378804599e-01
6.756264124663025061e-01
-7.133329986931530309e-01
8.998182339057499979e-01
-5.275361208266520219e-01
-8.781326730949818860e-01
-6.622126886567479831e-01
-6.584996815311134899e-01
3.813959823944084171e-01
4.533776668469993165e-01
3.590215078756331391e-01
1.947241046929799602e-01
5.740501833735827120e-01
6.638961817796602549e-01
5.041936739817615143e-02
-2.473348157179309781e-01
9.220425519028438988e-01
-5.769851597968790324e-01
9.748171164308149228e-01
-8.878536604908475738e-01
-4.760899407478366152e-01
4.839191125590630582e-01
8.520157826713097293e-01
4.459009375678125997e-02
-8.240727271257856090e-01
-8.625440912850024233e-01
-6.911970488208126762e-01
-8.372774024366826939e-01
-9.674709860358393643e-01
-4.139073290116159209e-01
9.782892359808201821e-01
-7.602622757339465576e-01
-5.561723668814019250e-01
3.054476563486123730e-01
4.985493495081918525e-01
1.647017995760932940e-01
-4.542629816757242645e-01
1.201104838712350603e-01
-6.827796370742309495e-01
-6.766338134555421879e-02
-6.249400895042660498e-01
-9.801760575792690666e-01
-8.292335793084477658e-01
7.040525517417219881e-01
-3.361268501490942695e-01
4.394625029687330153e-01
7.787290407810802950e-01
-4.679291612609479123e-01
6.760894269780901578e-01
-9.449614116819675669e-01
8.128302960348570139e-01
-2.661572463926308307e-01
8.838733242170309090e-01
9.837241664691163123e-01
5.590815166241015488e-01
9.766300341499756232e-01
9.097389050065574079e-01
1.146519180000364069e-01
-9.680244041883120376e-01
-8.770633345967844274e-01
-4.914223722195262822e-01
-3.809344157410496368e-02
-3.767665157189209468e-02
4.917756275707553248e-01
-6.570944834907908039e-01
6.496545222846001888e-01
-7.443734708700098235e-01
7.616613368406217610e-01
3.345102085218896182e-01
-2.776608527962268758e-01
9.146956252543811949e-01
-1.637360609649383125e-01
-1.845912980539967108e-01
-5.141631570642692939e-01
7.048702864435970605e-01
-8.428926346066549780e-01
6.647326380498981280e-01
6.506046256673678752e-01
-9.614828674535605968e-01
7.981415343070653590e-01
9.063028507896335739e-01
-3.066476310086949653e-01
7.055393680365493747e-01
-8.031696704254973618e-01
7.792088203343360275e-01
-5.711964714511452712e-02
3.026306438366860307e-01
6.748468560068825450e-01
-6.515763297740078119e-01
-2.438714317176430557e-01
-5.725020158631922707e-01
5.505396163896617567e-01
8.118355277482687260e-01
9.506261794942005849e-01
1.662926093011279916e-02
9.425069468252813554e-01
1.832748786910750050e-01
-3.867152322711807644e-01
9.787049557121103582e-01
7.495782710617620026e-01
4.424067267255787916e-01
-8.179499804539409613e-01
7.390637070954687582e-01
4.582615580695004742e-01
6.953600181364416599e-02
-4.226914394873154124e-01
-6.708350183908173836e-02
3.116731139719770005e-01
-5.706701828136286903e-01
2.247405230233165407e-01
-5.746787663514594247e-01
-9.143083711533472879e-02
-9.166952825277514538e-01
1.277301587689370632e-01
-5.051970584365776951e-01
-3.715771265706699911e-01
-8.072924909194446608e-01
-9.642283035283477632e-01
3.766282636343478707e-01
-3.846493840547637877e-02
1.116624743647121748e-02
1.968102383257681331e-01
-5.421772519309997485e-01
-4.064660093574321564e-01
1.603625484690565928e-01
8.291693056537374762e-03
-3.495856691962869744e-01
-9.952038684780907252e-01
6.394476676587269592e-01
-9.696594358816941206e-01
-3.227075236341139242e-01
-7.585221955314453979e-01
-5.763665397049200223e-01
3.872397177860095185e-01
8.123877986008063434e-01
8.580303662892541094e-02
-6.643226915700950475e-01
5.064528538187493267e-02
-9.138136075773192202e-01
2.757793711531608682e-02
4.647255088217723817e-01
-3.911803578494861267e-01
8.993687148763724881e-01
-6.539483051517264167e-01
7.137688161264382769e-01
5.566486468499728391e-01
4.307555633914753601e-01
-7.681785327790048579e-02
7.838404313873092999e-01
-1.033398203227021139e-01
-9.276060645816179839e-01
2.211425780116912654e-01
-9.490133335646586676e-01
9.884785440217851438e-01
5.337827615209627119e-01
-9.809994283923721969e-01
2.716135387183926664e-02
-3.958600209070077813e-01
7.459524696975861069e-01
-2.744319550060385637e-01
7.417434916625429420e-01
8.592277088656742334e-01
6.487206358566465214e-01
2.709096700192842322e-03
5.356525364837601000e-01
-6.229930574618973704e-01
-8.774011260636858101e-01
-9.678071430332891856e-01
-8.923880787547008309e-01
-8.966868780812402573e-01
-5.405909811510142271e-01
-7.672280431834075376e-01
-9.748850097891128552e-01
2.180720079747207607e-01
-6.053203358186008964e-01
-2.328558490884936327e-01
6.805390310297261269e-01
5.810986941039547604e-01
-2.405376632071049015e-01
2.898465362530701084e-01
-9.098342054403040224e-01
6.057636391832140754e-01
-2.004844341354833359e-01
-9.125644096632865576e-01
4.845880206586041794e-01
-1.717213567269431085e-01
6.834801298594092023e-01
6.200470625929950241e-01
7.610010865112315503e-01
-5.943426528338001669e-01
-6.772036951957529638e-01
-5.253351437582275407e-01
-3.585805532613995927e-01
-9.365223060868617111e-01
-3.921554245706060371e-01
-8.259143680538783006e-01
3.565355257667232602e-01
-6.485922485057981079e-01
7.554365428679759020e-01
-4.353681636708596203e-01
-9.275565812943828981e-01
-5.466095017158327796e-01
-9.983510933648533925e-01
-4.234123356380808945e-01
2.251531510839860362e-01
-3.617811885743256184e-01
-5.686754530485217396e-01
-3.680624098127577293e-02
-7.436594680607661045e-01
8.126808447233179189e-01
-6.460492783851617959e-02
-8.691798390291235465e-01
-1.860058424895582041e-01
6.287323449721474722e-01
-6.693252955818019823e-01
-9.963947289615369129e-01
-4.524696502171350332e-01
-1.220184181203907980e-01
9.390855353432570052e-01
2.970085668524142242e-01
-6.154533199286299494e-01
9.109592977940054181e-01
-5.093492750232009314e-01
9.628316259088516293e-01
1.649586865523335888e-01
-8.390384729946439579e-01
-7.990062757255764758e-01
-7.278690843068406080e-01
-2.569496064169994876e-01
-3.283534005341861017e-01
8.187953805007182062e-01
-9.393208206968927110e-01
-1.725748926569625752e-02
5.842070364227349710e-01
-1.085880914419511956e-01
8.702633595226456631e-01
6.357006345919382628e-01
9.361132903631255164e-01
-8.904698086274652757e-01
8.433760849335162346e-01
-5.345956717035197370e-01
-2.763382383407374521e-01
-8.674639941843493851e-01
9.768562632105248777e-01
-5.763831472375445797e-01
7.999925393631652781e-01
7.387545027784834240e-01
-8.522349107943484325e-01
8.087424472539648246e-01
8.699808572575611354e-01
7.676559841748926694e-01
8.436822948137443490e-01
7.226195877244785404e-01
-6.873549838642064591e-01
-2.130097549391139489e-01
-6.642898380664227220e-01
9.249639386229667748e-01
5.357186865426031286e-01
3.756892723192841732e-01
5.795571579269092055e-01
5.824874126631804372e-02
-9.880377067556562753e-01
8.913070772670689257e-01
1.072619821541182135e-02
9.097120432956466995e-01
6.508386793686595784e-01
-9.021055664505591709e-01
-9.200081336793717313e-01
9.562486188858878577e-01
-2.312640702281847371e-01
-9.087355391093774326e-01
9.961557968384854300e-01
-4.038544434903439811e-02
2.624108842043958445e-01
1.196691608710221955e-01
-7.590977444632171500e-02
9.928918833196540561e-01
-5.714201581608445712e-01
8.976825642476482514e-01
3.951375338715766850e-01
3.749911889154125544e-01
-9.561594731424447602e-01
-7.863848662059760297e-01
-5.114812318363897159e-01
6.072666048971931962e-01
8.367393640696256796e-01
-9.739790205612278706e-01
-9.864394327443853916e-01
-9.982819314256927701e-01
-7.451878167193434210e-01
8.845118573886199265e-01
-3.321601282144640566e-01
-4.646966380883399417e-01
-7.573125362773263092e-01
2.375036271820986089e-01
-9.742551750568757551e-01
