4.493492966883324002e-01
3.853958624487164308e-01
-7.123353891484654477e-02
1.208069794928646468e-01
4.147849014486492125e-01
1.772414924511706014e-01
4.185350890404107016e-01
2.123669712401076437e-01
1.485655610178747144e-01
3.774922775274569542e-01
4.142249276654799139e-01
3.535060677752413505e-01
1.377022417589529590e-01
2.337160604804520980e-01
3.292013828580057644e-01
3.508477005157332185e-01
1.524331930438066751e-01
2.462031942966566300e-01
3.824388997488809561e-01
1.404586089863598397e-01
7.521896869663738383e-02
3.151545093309465750e-01
1.145456128306127086e-01
4.068495168389528738e-01
3.489842219233482701e-01
3.855988812163481105e-01
1.156333252426325758e-01
1.872964630285977039e-01
4.121039747111104878e-01
3.723983612963320255e-01
3.438452176893473378e-01
1.045891516105167257e-01
3.871699136999570690e-01
2.443152226012997030e-01
4.114570658368587042e-01
4.117459740712512972e-01
3.824875898560742837e-01
2.000711811407192842e-01
4.045379710573944743e-01
6.127285749660934394e-02
1.573564787471104509e-01
4.553647068358223082e-01
3.975390034713939258e-01
3.981730013613222208e-01
5.256672596158017824e-02
3.864865974071154953e-01
3.374701822332046297e-01
3.537789293971120852e-01
4.343216570486407857e-01
1.299199939253494474e-01
4.084820796906145635e-01
4.255482109661609114e-01
3.153233806566846931e-01
1.387496005791392095e-01
2.687548714555340612e-01
2.670437748752800822e-01
3.768551322670360970e-01
4.076363357700372725e-01
3.932320502945287344e-01
3.195707602586486673e-01
3.418489703465810714e-01
2.185933463482264416e-01
1.797604470364715379e-01
3.779944992642870760e-01
2.107883459163089335e-01
1.012290739567013043e-01
1.608117053875281754e-01
3.085128041347411365e-01
3.339310961114277942e-01
3.917839122462661861e-01
4.223869892136907223e-01
1.324879578848044970e-01
5.366153940175231174e-01
2.976483659970092788e-01
3.136891166660948915e-01
5.415825389268542622e-01
2.804030771045827319e-01
1.589085699715413746e-01
4.859014173526889357e-01
3.447740903305627214e-01
3.230466992270981663e-01
2.476038807333775238e-01
3.957856375367593826e-01
2.065939043675918685e-01
7.502325945004414964e-02
2.041411479145312236e-01
4.037822936031469911e-01
2.100446382527577927e-01
5.157756184239895569e-01
4.292851295995970262e-01
3.810308055790715409e-01
9.580503207312646152e-02
2.156667642048600286e-01
4.225765295910904329e-01
2.226586549010581007e-01
6.216112745012944765e-03
4.247357635445832558e-01
4.004179947242582638e-01
4.430769653114479678e-01
2.278643572743067058e-01
1.034655484979002116e-01
4.594955240034253041e-01
1.441744293053371651e-01
5.581789289373670915e-01
