4.030970270936684585e-01
1.612734260588537250e-01
3.629365991102630473e-01
3.280046268504664964e-01
4.403603165235678296e-01
1.713064732596912276e-01
1.087108612960919901e-01
1.374317497776772201e-01
1.817887022963073362e-01
2.424181751965712173e-01
3.935262038283020014e-01
2.836000836436088357e-01
2.655664963169713233e-01
4.088212173100355118e-01
1.162821035326379315e-01
3.473375376974940365e-01
2.318833855353678863e-01
4.159956000197219672e-01
2.298977058838805321e-01
3.786269554905786205e-01
4.171307455999982428e-01
3.998207780769439945e-01
2.676974684097319090e-01
3.511599018103474523e-01
2.717716013536471964e-01
2.228530945691513110e-01
7.399246358694303027e-02
3.977871235194073152e-01
2.077761877538605306e-01
4.102953212634054547e-01
3.128647032244250004e-01
4.317204186640393737e-01
8.319866988612745207e-02
1.873913637517756747e-01
4.290802615036257706e-01
6.856455136750269630e-02
4.095265533503001376e-01
3.526993139140850997e-01
1.426029900580793597e-01
4.046637724366493050e-01
4.360596642077880225e-01
2.288906407252237485e-01
3.911072538134450216e-01
2.306882486159206047e-01
3.805279007975565508e-01
3.629805933786053873e-01
4.014810674724637041e-01
2.944924301025504398e-01
3.840308658799451158e-01
2.037207039121322338e-01
4.223515686457136042e-01
3.452397037435446792e-01
1.673287685744947739e-01
4.918258335248697904e-02
4.261495150106265895e-01
4.663576138037081042e-01
4.156036176785836145e-01
3.791710941469968454e-01
3.705936792335721153e-01
2.446759505238181032e-01
4.169352755715285408e-01
3.719131323602751227e-01
2.031608528629063881e-01
4.124005232372162655e-01
3.171758933985880380e-01
2.675940010398636382e-01
2.065777313127606374e-01
3.385845170866840781e-01
1.668976082764833668e-01
4.052536195081444248e-01
2.090233872617674182e-01
1.743498855295680106e-01
4.174206287352483224e-01
1.214303352752437587e-01
3.939519988107287318e-01
9.301903468097118266e-02
4.370977490636589469e-01
3.281946209658780367e-01
9.436716560183261437e-02
2.570377284988825672e-01
1.773415114609020460e-01
6.181815586016777692e-02
4.329068748332315364e-01
3.107223053971379656e-01
4.418889922702117223e-01
3.896506020418001315e-01
3.296184705766581624e-01
3.734868762142825593e-01
1.383380498500712263e-01
3.971183213659743583e-01
4.634934083604670407e-01
1.501120605711810385e-01
3.985183189127959880e-01
1.862438199685960694e-01
2.111334813584932746e-01
2.683683822052268519e-01
2.528169217914983946e-01
2.006134737259360201e-01
2.452913551133892034e-01
4.246679331660353496e-01
2.356552374523212257e-01
1.093711806170894613e-01
1.218192464670708602e-01
-2.395345485615923888e-03
2.839073189851151202e-01
4.216171533742035238e-01
1.468890610170778543e-01
5.790036340925282243e-02
1.227381720833479878e-01
3.648936484346749221e-01
4.202451140222225878e-01
2.160052527772718667e-01
4.381910049432338194e-01
1.734107373488782966e-01
9.039268687336568520e-02
1.696655932124778998e-01
3.983823317780126883e-01
3.936579703552085530e-01
3.471845492352892415e-01
1.701157229791804837e-01
4.077951618743465567e-01
9.167400824840803153e-02
1.067805686352375216e-01
1.943452441854904011e-01
2.572547133146359521e-01
2.141995998798906509e-01
1.850086655597382723e-01
4.007736158691236894e-01
4.443862076213304646e-01
3.085197376482279319e-01
4.024160637408092378e-01
4.372668881385983752e-01
4.482785289201949297e-01
4.124053705226168320e-01
2.690836145306491622e-01
1.436660225744051944e-01
-3.753133361223149472e-02
3.308734670352860840e-01
3.875406483806299041e-01
3.758157703640681579e-01
3.591497365581716172e-01
3.680792626248403088e-01
3.938963045703150478e-01
2.218816926663808864e-01
4.105481818166289432e-01
