2.152622094506075334e-01
3.549187184530761541e-01
3.150134854573529708e-01
2.244754438914396133e-01
2.469303303623708590e-01
3.000580937053465846e-01
3.634079672846693421e-01
4.017595221191422317e-01
6.047867239725314426e-02
3.346592380934229616e-01
4.875541425946923746e-01
2.817248970296646893e-01
3.484381474065961215e-01
4.332298132317992101e-01
2.011206862282129137e-01
6.939843689876856736e-02
4.445245199793029234e-01
3.427505587093555572e-01
1.214789536268544301e-01
3.684229730172310924e-01
-3.054838739074588333e-02
5.574938678143050996e-01
1.653810170516702149e-01
1.685640557376636428e-01
2.713991482940348865e-01
4.085563827702163864e-01
4.294017897558814051e-02
4.022990534188374268e-01
3.451015660677568819e-01
3.467430092471814884e-01
2.340238827966282242e-01
4.306286111113852844e-01
4.719630576434843960e-01
1.645993666386404430e-01
4.016597922841496082e-01
2.969505809157395593e-01
8.535935833332006228e-02
2.030937580374292395e-01
3.730838483783743276e-01
1.850401639525258157e-01
2.332534956657677794e-01
4.273244112439405495e-01
3.797536253102471587e-02
-4.369544534321760827e-03
3.463623320382881454e-01
3.384024886033679680e-01
4.744185681001845678e-01
3.983222634293084874e-01
3.052990904272835926e-01
3.096219092069247281e-01
1.255211078175339778e-01
3.914643491763673544e-01
2.929624997975849299e-01
3.917607355301884198e-01
2.445745969587930224e-01
1.549148335487786632e-01
3.851907118738109870e-01
2.582644433931672867e-01
3.632969063848033864e-01
4.073015340860778877e-01
2.824659440003596811e-01
1.454277055178764266e-01
1.771421304601382418e-01
3.472200122705386138e-01
2.019007337143646774e-01
4.009059052600562612e-01
1.586891231327977325e-01
1.983451318691920040e-01
3.044066994964516604e-01
-9.179902701983799415e-03
3.902936793598388854e-01
4.407835073929469716e-01
1.226729681821463469e-01
1.089877940761022207e-01
3.284935485720555381e-01
2.979113915596584561e-01
3.595344051512531225e-01
4.037489085597810723e-01
5.567366573060534840e-01
3.864769541206801717e-01
1.513377720179709951e-01
6.936714166997136680e-03
4.077427905164541233e-01
1.633041055682133147e-01
4.238658166397204496e-01
2.122396337364254038e-01
2.246847354454931944e-01
4.009249901808088490e-01
4.557791134733861216e-01
2.224434278351605232e-01
4.185352682037534744e-01
1.013347399985323333e-01
4.267759349508803424e-01
3.853905897644802625e-01
-4.673292456744335827e-02
4.351439787022689520e-01
2.548438592588915252e-01
4.192151318472014387e-01
3.323904949240685802e-01
1.586704419571360325e-01
4.522063674638749919e-01
4.453176410784771555e-01
4.126681888731923986e-01
2.827997513910420757e-01
