5.369168064051655920e-01
4.539234643771707933e-01
1.490623457820814401e-01
3.850225645248183115e-01
3.367843577365482455e-01
2.208331475503305663e-02
2.849775303505583043e-02
3.950653160056330493e-01
3.471189360134815938e-01
3.629879659833555872e-01
2.591287645410587648e-01
2.449900371412601363e-01
3.400738139711964592e-01
4.073170691826919487e-01
1.967445096342426980e-01
1.281861473815364971e-01
2.227561581553932912e-01
4.086977640576671122e-01
4.587741954564745761e-01
4.144032932376516820e-01
4.218584884715714800e-01
2.835599079444192094e-01
2.574016410518939479e-01
1.512683275926340332e-01
2.790074800965864910e-01
3.664683925827694755e-01
4.442098351272438239e-01
2.579930458004238078e-02
1.937404430379196241e-01
2.004224247775265779e-03
7.799309232143260273e-02
4.603328194471132395e-01
3.969100485855989180e-01
4.086414970588504447e-01
1.129014193818470568e-01
3.834287884207713271e-01
4.378850894687804640e-01
9.113639743618465183e-02
1.955718199979027128e-01
4.566994139909401063e-01
1.830222360403692961e-01
2.086720854554814375e-01
3.644561799522038625e-01
3.767221693331336829e-01
8.882048065825112748e-02
4.034004405051533348e-01
2.447804043293769494e-01
4.276432774729962416e-01
3.860452423290209878e-01
3.344975616405733154e-01
3.278401178699786311e-01
3.741640200229221502e-01
2.881631691793138939e-01
4.422287058429354434e-01
3.590918900548268344e-01
3.768658062198529390e-01
2.988665900923551111e-01
3.989104102954500464e-01
4.076122949372903981e-01
3.560679518818429812e-01
1.975803119394280161e-01
1.787205095536306687e-01
3.948285240972925214e-01
1.174013027196278425e-01
3.344011408997234897e-02
4.516052627479639758e-01
4.089142036658419133e-01
3.852443301554592803e-01
4.097160260124206865e-01
4.393138310728124662e-01
2.152996112973238896e-01
1.754496670542508574e-01
4.007510889209820459e-01
3.860240361607608639e-01
2.370302317961844873e-01
4.594454890508714029e-01
4.007695001742881957e-01
3.774803922719425220e-01
4.060543157355232524e-01
4.393633162536452197e-01
4.406092255251203293e-01
3.932700795604421318e-01
1.080937673358195045e-01
3.437336634886516973e-01
1.071430459598987119e-02
7.425461233630827051e-02
2.588205057139158008e-02
2.535636840645304479e-01
2.937324295754251136e-01
1.418235913181181973e-01
1.459763078486969734e-01
3.335271229378584112e-01
2.303491734267091862e-01
4.322074470340588892e-01
2.201798814244930180e-01
3.845917429069332649e-01
4.152904374168757684e-01
3.280409598942780613e-01
3.154880050892340249e-01
3.867467808366810145e-01
4.109113708078168670e-01
4.105677785022425752e-01
3.730255921602476099e-01
3.463671696145126933e-01
2.237482598555494695e-01
3.975699002064574383e-01
3.928643620545588799e-01
2.716423745853776550e-01
4.071367943466898676e-01
4.942459477280251867e-02
4.695061148758547520e-01
2.818403102544133065e-01
1.376224363150120589e-01
4.148700781415601835e-01
3.255927173782400819e-01
3.858710982153161773e-01
4.453878855565181483e-01
3.444185038731810145e-01
2.730182567172131924e-01
5.048228209752257944e-01
4.144714764659140904e-01
3.833558586501829568e-01
3.604173639287367448e-01
8.813470672503349868e-02
4.149645907466490424e-01
4.451203164314117000e-01
4.015204530770785651e-01
4.195305059677762460e-01
1.144211829347142606e-01
4.235967976109893951e-01
4.244385211028348093e-01
3.929563208973914090e-01
1.687107393970235236e-01
1.788665875097764923e-01
3.031370987358528168e-01
4.020838598838283318e-01
