1.273481074587671513e-01
4.048072762993581430e-01
1.114758693323197880e-01
3.815700232599323893e-01
4.330490930184646703e-01
4.435566075710044576e-01
4.165607421964693247e-01
1.204090890558569965e-01
2.641855362808711583e-01
4.287148825538381613e-01
1.637591146263664144e-01
3.364685212268367920e-01
4.114282256007162353e-01
4.522063674638749919e-01
3.310572691236670084e-01
3.355238663614321104e-01
3.651124119382882505e-01
3.370146402232330751e-01
1.267286790381033090e-01
1.716739789339574718e-01
1.560959035318068566e-01
5.721101631901426288e-01
1.024896068240227914e-01
4.158292972689575095e-01
1.929661597319227984e-01
4.098362974350199250e-01
3.846511571310197164e-01
7.842815875789624358e-02
3.603725815781916308e-01
4.474805641869341599e-01
4.138277496288924051e-01
3.873515081540588323e-01
9.872749603990487940e-03
3.978093635904409453e-01
4.550643526446396248e-01
3.798442553885419404e-01
3.519179699702639635e-02
4.351121190783414083e-01
4.434754137148873565e-01
4.686690899613459305e-01
2.552751501795519906e-01
1.734537180404412404e-01
3.832378857712847586e-01
3.626269670337516349e-01
3.079614917249670070e-01
-3.548166447415548180e-02
3.379231436847349862e-02
3.008376919138985861e-01
3.904614841284378968e-01
1.969018816286551010e-01
2.610913565602333009e-01
4.422077194173949510e-01
4.034712494431562102e-01
4.015827474826010879e-01
4.857476614299074957e-01
2.611583287918031737e-01
2.624639544750964615e-01
4.060324703383471068e-01
1.494358598596234600e-01
1.481531870004677010e-01
5.398889024533365388e-01
9.736363479382333097e-02
2.634766763905885267e-01
2.630682480329593065e-01
1.428746904531578710e-01
1.946534090353814472e-01
2.111372942172812517e-01
4.014777222463898343e-01
-7.488301089202033071e-03
2.723350482470538458e-01
3.966640394742800280e-01
3.296842231292914649e-01
3.388773711468233141e-01
4.281752351796984102e-01
4.115826597550866772e-01
1.653487485635509457e-01
4.331093882647007315e-02
2.676335577168412749e-01
3.204467461880348145e-01
2.288857720557777864e-01
1.636967793925138137e-01
4.122024897373141594e-01
3.974903897720967749e-01
1.111929844383968830e-01
8.089094454087104868e-02
8.778549297249076122e-02
1.008567524740587584e-01
4.607986941780046197e-01
2.003592121728385023e-01
3.869983865203912576e-01
2.710946035560782841e-01
5.598557761293788682e-01
2.822047153821408139e-01
4.443953579803660014e-01
4.204779135920542199e-01
3.592600897254905057e-01
4.511949087370834000e-01
4.005365446767487625e-01
1.806350935404164304e-01
2.674685015008432809e-01
3.691917513863721689e-01
2.040918388266181049e-01
3.887431080104503667e-01
3.826558107914931894e-01
3.974791099500970537e-01
3.762510666673495874e-01
3.826114976140603252e-01
1.016349175988889159e-01
7.626197206446597154e-02
3.587176705890473549e-01
3.955240998845949152e-01
4.395854674298585452e-01
2.450422186515668621e-01
1.627162859666550776e-01
3.966676466406464097e-01
2.342092843913734512e-02
4.018099587162441977e-01
1.547299597997173759e-01
4.550100888065140015e-01
3.774729005845629537e-01
3.887155449043893096e-01
1.574497427428226126e-01
1.483615729715793974e-01
5.614910421567285148e-01
7.084042430847531380e-02
9.716309848409308836e-02
2.956292995179911620e-01
2.785881045599680750e-01
2.562934562768255375e-01
1.280370686831654170e-01
1.469413436594486644e-01
4.368768251438961969e-01
4.237480132979734582e-01
4.226679593253200307e-01
3.287960567480957552e-01
2.836262068041746076e-01
2.943454348367282591e-01
4.274412886041402682e-01
3.317394999181776383e-01
4.397521461000036824e-01
3.614084176187695729e-01
6.228517552697426102e-02
3.960051266560603023e-01
3.753333771712953348e-01
2.743722858795451525e-01
2.516518717829963059e-01
2.447962487088898298e-01
3.232449856634841967e-01
1.902484278885654134e-01
1.458026568854125793e-01
3.081882639710771810e-01
1.337065483563237844e-01
2.122067529141189943e-02
3.409551455903541139e-01
3.505177917586003722e-01
4.240610757218180038e-01
3.797295300215740022e-01
4.008660480135429194e-01
4.329862705001521483e-01
4.736624303314106443e-01
8.092502101034729223e-02
2.861893902184413641e-01
1.846622338595658441e-01
2.268137096315132606e-01
1.963668666932765483e-01
4.524542974153494823e-01
1.964068776891569057e-01
3.424544679460055918e-01
3.921358801684172724e-01
9.959906478431153343e-02
3.120573037445530939e-01
2.384860747810161608e-01
4.064849430869027502e-01
1.471497524538665971e-03
3.739379873338805060e-01
1.142879599017359304e-01
1.695261867128295200e-02
1.324543608162691288e-01
3.826729594577359395e-01
4.136093055322760392e-01
3.343680745294611567e-01
3.892647729947187329e-01
2.933919997227599774e-01
3.060461251381360603e-01
3.420880086014283505e-01
4.121146378759539264e-01
2.581904190582011704e-01
4.343623279573015084e-01
2.921188624985127102e-01
2.257324898938576907e-01
4.021924616236661754e-01
2.765391520752632504e-01
1.411580036488199741e-01
