3.020373170452011480e-01
2.941300849798353934e-01
3.272450832977449875e-01
5.516332452310449552e-01
6.130270084830893862e-02
2.263128334091055460e-01
3.090816961280569153e-01
2.018258085265681179e-01
3.863070990562448292e-01
2.533636166167209103e-01
4.006866770852349213e-01
4.462824625664285061e-01
1.090637186451574314e-01
4.155024855730182209e-01
5.412678813974124425e-01
1.702619288402359154e-01
3.321037298450679187e-01
2.107771538243909393e-01
4.182272167105675065e-01
2.948407267943700116e-01
3.038638425964957368e-01
1.653136317185171511e-01
2.395196713420473800e-01
8.403119878824641398e-02
4.403058060635532678e-02
2.545658560888997002e-01
3.696067051401560888e-01
1.954473466259528183e-02
4.075082576304890902e-01
1.280408083756357784e-01
5.761734986381995549e-01
3.514255822932497164e-01
4.190184022813454590e-01
3.560842794795796573e-01
1.524574808640925816e-01
4.021858186800936208e-01
1.628807687863074172e-01
3.862518973283088908e-01
-2.709396328997124991e-04
3.113348655300618439e-01
1.274342833877140091e-01
4.188055368947259938e-01
4.341513807553364912e-01
4.623901683774819249e-01
1.793654602447420643e-01
4.293609395931136663e-01
1.258202539475976045e-01
1.140184340301566568e-01
2.840813287055667380e-01
3.358532013643490410e-01
3.759795742882561798e-01
5.634560002689145142e-01
4.052705544687833505e-01
3.369829961098202986e-01
1.884353743843819040e-01
3.057578657588511106e-01
3.893859665815824211e-01
3.639015254075251837e-01
1.966104547084792653e-01
3.561649730226843502e-01
1.821182407769994238e-01
4.298035113886385372e-01
2.147928706444064972e-01
3.969491413797204826e-01
3.877310153035067319e-01
4.767572326062844423e-01
3.910477285147247462e-01
3.932260804790039810e-01
2.793675493303445778e-01
3.980017884229738456e-01
4.556096941600916161e-01
3.213824989007764699e-01
3.245833252952137205e-01
4.727442635920102165e-01
3.098629870526193320e-01
4.313168784201408812e-01
3.414791923101953564e-01
4.826961667273770851e-01
3.910924687091892338e-01
3.864094660528265557e-01
2.816689676114308982e-01
8.343804474389754713e-03
4.076485828790747390e-01
5.765817705702145357e-01
4.218972481662682794e-01
1.304655664771807617e-02
1.522119591772697622e-01
4.458988116941604019e-01
3.272665658455851112e-01
4.387787693342262707e-01
2.725525064629379379e-01
3.542479215203776510e-01
4.037000677528977954e-01
4.041503102124301972e-01
5.237456632155074177e-01
3.144580020851258095e-01
2.166220249758647187e-01
1.950116507449538572e-01
3.706020845585679679e-01
3.441131799945919001e-01
4.557109592066830861e-01
2.940120374979519613e-01
1.159228616690145541e-01
3.324939101797269037e-01
3.979774513773727818e-01
1.188986161679177894e-01
2.371342720904245638e-01
1.275318602803406920e-01
3.540262324843477804e-01
3.838863647105879573e-01
4.506394031250341436e-01
4.285651615820604832e-01
2.543407182207591544e-01
1.178747557788101807e-01
2.456078636308589025e-01
1.867052543696371691e-01
4.168885960936232205e-01
4.378262220704686181e-01
1.985083930753337167e-01
4.498016617231229142e-01
2.780729594118989678e-01
3.884002072969552910e-01
4.100940902081884332e-01
4.383828127866727931e-01
3.893688156125222899e-01
1.616431740548827933e-01
3.018428307969208690e-01
2.186797872256507069e-01
3.628159196118239116e-01
2.752591616301331423e-01
2.290175113586111200e-01
2.576353570808117555e-01
1.919143366149511365e-01
3.981791331624168206e-01
2.374967711492215749e-01
4.014492230761755875e-01
3.637100921557163136e-01
1.932560812059706534e-01
1.312500475636657893e-01
3.048986144657363506e-01
9.611741491169879803e-02
1.446445577133929905e-01
2.305041435514560699e-01
3.578696926866405392e-01
4.784792432832736531e-02
2.762592077339351970e-01
1.646517114622675360e-01
5.584458543109070972e-01
1.347035162882588288e-01
5.701854965066868730e-02
3.808260368154399167e-01
3.038364252110599129e-01
3.186435331982983565e-01
2.796072262332169878e-01
4.204520458575047304e-01
4.097134178123909010e-01
3.544726206499385635e-01
2.186393735686632811e-01
1.640998586580106056e-01
4.160526164507521441e-01
4.531653989635196500e-01
4.031160498590973806e-01
2.218045774110676271e-01
2.255295479490442567e-01
4.713256889890298229e-01
-2.619364350469736893e-03
4.446661990978038603e-01
2.515046089339416091e-01
7.615077840510238449e-02
2.561418717033896453e-01
4.256560201633839413e-01
3.501415562073079135e-01
1.004829301094308097e-01
1.427329993019174070e-01
3.414652359919957414e-01
1.522912129408479920e-01
3.991779675537857619e-01
4.010610245129757612e-01
4.029971188421927475e-01
1.723348689387476651e-01
7.503100842540273707e-02
3.810204102956857297e-02
3.063383187253502227e-01
2.338770045128925057e-01
5.516966638471260120e-01
2.637349469465018470e-01
1.801910437925361153e-01
3.240389534526012527e-01
3.800837878985396379e-01
5.688582024241857216e-01
2.517654462391715753e-01
2.985766092637074376e-01
5.561790562961406170e-01
3.402784346906392865e-01
3.035180268896042755e-01
5.344127789052607325e-01
4.295748328661368465e-01
4.549959027874654893e-01
4.130049162104031946e-01
4.194049069874991598e-01
3.234158192800910547e-01
1.908036732615025211e-01
3.827991147032643315e-01
4.296703965102800504e-01
1.749638813757822542e-01
3.717995556635207421e-01
