2.080448883662210369e-01
3.958703710929169506e-01
4.099325826286145946e-01
7.604264957786180390e-02
4.242698533793484716e-01
5.703848534756840172e-01
2.429978343756893366e-01
3.255804276359615668e-01
1.591779863711232923e-01
2.862359379793407710e-01
8.692698046365228415e-02
4.105363398582307921e-01
2.703886620822988918e-01
2.717684802062284577e-01
3.503015249239687656e-01
4.038955738795861894e-01
4.273833389511729197e-01
3.126181558762179957e-01
-1.842074387015112417e-04
3.587236724365547302e-01
4.504825413447116622e-01
4.154692911448438220e-01
3.333684786938852507e-01
4.494586227575994575e-01
2.890257667358076543e-01
4.771694861303270585e-01
1.037340156802998015e-01
4.566994139909401063e-01
3.229735420792243517e-01
4.698909315961094513e-01
7.857165618931323536e-02
2.116175776973796274e-01
3.843224466272858741e-01
3.844757561146835978e-01
3.605539268301078959e-01
3.443933462362342990e-01
4.370963348433309914e-01
1.107943008571374149e-01
3.362405139237413798e-01
2.155015583990886330e-01
2.208756678417894415e-01
4.185169513867067481e-01
1.867019537476840851e-01
2.185368084882930717e-01
1.168963545299825935e-01
4.146313265978520124e-01
2.733241954273015750e-01
2.993775426190399824e-01
1.942126063845092954e-01
4.871663487257176794e-01
4.368369253263801322e-01
3.715802171609253191e-01
3.989319705581908515e-01
2.191603387453957830e-01
2.629124681203997560e-01
3.104200542653099970e-01
2.046647719117840880e-01
9.191418067712961437e-02
4.268673792073818252e-01
1.312304240170356351e-01
4.739096447912956589e-01
2.232357501263969035e-01
3.805597078093676533e-01
2.379795879774112555e-01
3.966635201578375680e-01
3.078905940766289984e-01
2.928914470721293295e-01
1.671756027590446947e-01
3.039585506298719264e-01
3.605190361798317200e-01
4.383894387599333586e-01
4.241033507191385166e-01
2.694891010286790123e-01
4.090494822797262620e-01
4.180023443925413584e-01
3.608812210596496484e-01
4.269945219466520503e-01
2.028714348967707581e-01
4.943607879376378245e-01
3.290856886480423293e-01
2.789907637583776689e-01
3.252079399925960623e-01
4.311267989760089736e-01
4.424087108551259528e-01
4.053149653811060071e-01
2.667229139551298145e-01
1.087578502228650074e-01
4.863723582818564872e-01
1.179297792302991671e-01
3.757614256991264612e-01
1.941238998718892994e-01
1.007671734581576523e-01
4.133389581720821049e-01
3.934323326719620928e-01
4.098311414061191482e-01
3.781612102361140981e-01
1.898944076789521318e-01
2.038936128028830952e-01
4.289484683179772273e-01
4.074642312471797867e-01
4.224833994233002099e-01
4.238742722532691798e-01
2.475026373872095120e-01
4.229282106361335059e-01
3.852610297723093602e-01
4.751804353616296828e-01
2.256705609516800881e-01
8.428150093208652827e-02
4.029433855234050288e-01
2.213512071861097608e-01
3.052810329365204800e-01
4.023244350514548762e-01
2.160204265597615303e-01
5.657726755658544215e-01
1.223744300788602857e-01
1.054107900275585707e-01
4.309356174989023014e-01
2.634811951614530745e-01
4.322649151492367614e-01
3.164465031650863791e-01
4.264586215676108294e-01
1.975903496507676604e-01
7.754532332117961002e-02
4.035682217061796750e-01
1.429423891613785524e-01
3.877392604685898081e-01
3.849263147240748473e-01
3.098136938147286745e-01
4.086985174731322945e-01
4.206545539598187666e-01
3.952022533949038352e-01
2.816624417173697048e-01
3.180903669997725558e-01
2.798401604037628609e-01
4.470492129625396882e-01
1.711438185866076545e-01
4.204700231023426604e-01
2.375849733707639799e-01
4.127375698984395713e-01
3.371277080595807552e-01
4.107746222910649836e-01
7.381268931290659030e-02
3.942205216964140280e-01
3.937973247484267691e-01
4.445181773978050810e-01
4.263587585426389381e-01
4.938913321052647992e-02
3.980769454121622641e-01
3.951746663478402644e-01
5.600520182033139616e-01
1.669247447856213873e-01
1.432247761488369686e-01
2.114039359086131997e-01
3.702562222974221107e-01
1.835865286849577005e-01
4.084098282345996478e-01
2.754567327149659017e-01
2.281695638129390136e-01
3.363616944820526089e-01
4.014950684777685019e-01
2.886441443344758828e-01
1.485958115170260552e-01
3.726541278391432566e-01
3.431042246585193078e-01
2.276764636447404233e-01
2.945446796600740269e-01
3.927936077202982545e-01
4.172190547054616672e-01
4.059032364749105004e-01
4.216295619916504145e-01
1.931761432099931841e-01
1.547136720344978456e-01
1.892259182107789151e-01
5.778364102996067508e-01
3.069362310309797781e-01
4.109787738166494342e-01
5.695667919512581445e-01
4.242377289521662154e-01
2.938016780330760525e-01
1.525089815443609054e-01
4.060979493536164830e-01
3.963416557435138210e-01
4.435219634051743021e-01
2.785552766739359254e-01
2.183585168137390509e-01
4.179408165970053268e-01
1.101123837073936934e-01
2.618840189163983978e-01
3.954113791305451375e-01
3.536951314279473957e-01
4.436333335464469063e-01
1.573343069463142285e-01
3.301353884584557474e-01
3.307368803381351419e-01
3.559702185687885767e-01
4.457034000867158841e-01
4.151039458452347453e-01
1.402274463410819738e-01
1.827995516685708421e-01
4.314556073598552755e-01
2.539935635189080609e-01
4.680976287784531509e-02
3.247089633611482395e-01
4.316494555410013145e-01
2.370768056349349395e-01
1.759495245081669768e-01
2.188948392514933616e-01
4.839750684507505840e-02
3.204537525618342264e-01
3.423233123918231202e-01
3.650131616702053661e-01
3.401945729687010367e-01
3.282870284224350677e-01
3.860546120158541150e-01
4.313907315582676261e-01
2.065696324232610681e-01
2.753152225527252805e-01
5.283673720508801352e-01
4.897017570295000843e-01
5.386546553960258610e-01
4.194900295745743191e-01
3.528903568072257468e-01
4.508495964966119374e-01
2.521765310937575943e-01
3.840093074428613806e-01
3.908649915934941377e-01
4.003663436710511170e-01
3.240589869681531621e-01
4.378229300788942790e-01
3.528290623638527523e-01
1.749082040901209778e-01
4.142594342846492306e-01
2.137649530955921529e-01
3.960090987048807687e-01
2.340064890722340363e-01
3.909716213332871670e-01
4.581596266858885547e-01
2.989372879972164165e-01
4.467156338879039179e-01
5.559818298611253207e-01
4.406541525382394742e-01
2.053390807447454114e-01
4.148927757056502519e-01
1.782918934954144663e-01
1.647070121906054618e-01
4.121319596269313879e-01
4.397628213805711006e-01
4.257894261510553613e-01
4.320719692575887838e-01
1.655452552332796756e-01
2.635525465478029128e-01
2.478033190348769566e-01
4.252339932333499273e-01
4.048865643562441496e-01
4.342684189808164175e-01
4.374133551671539610e-01
2.880152166053293050e-01
3.955525504259445047e-01
3.942606286637654334e-01
3.136270435799958234e-01
3.106244200566430358e-01
4.868940251747662651e-01
2.367163864144245233e-01
3.210319232080845464e-01
5.472229183322190327e-01
4.848044642686620276e-01
4.579348275601126672e-01
2.482131293318983467e-01
3.282160451341852303e-01
2.577549801877020985e-01
3.777406700755291391e-01
3.896038750138274276e-01
3.681910112165181492e-01
3.591489397003673756e-01
3.051416861778680212e-01
3.782653342408784924e-01
3.998760344086221830e-01
1.847892566293107552e-01
4.392577350218819787e-01
3.189610735854235268e-01
8.178119452058442429e-02
9.015350020089980820e-02
3.151242914706012810e-01
1.737093151290857451e-01
1.019206862010853115e-01
4.632587420563156200e-01
2.643587552843649768e-01
3.659328653638772577e-01
4.264649758914028088e-01
3.824074945475866572e-01
3.397854136013975790e-01
4.155073032329841820e-01
1.422669292257231211e-01
1.848295738324802484e-01
4.098311414061191482e-01
1.072187502234962231e-01
3.646136028523657702e-01
2.730150233956172290e-01
6.108624132387557859e-02
7.836985888996947369e-02
2.187592927639311347e-01
3.816796213520979308e-01
4.108927559937511909e-01
1.192652011301467835e-01
2.837251884517199008e-01
3.631940851315572094e-01
4.562143472479140427e-01
1.799942095159133282e-01
3.495072626231779389e-01
1.240037932176123736e-01
2.600558695339341003e-02
4.042574825043007136e-01
4.070482286534284344e-01
4.217225610855638851e-01
4.158190935058119764e-01
4.356478953127042031e-01
1.222826091561184103e-01
3.056496828828265122e-01
4.330822611405809042e-01
3.773707276885179263e-01
1.826113169678898474e-01
2.044205946813324459e-01
3.824771108543844056e-01
2.209091282350002794e-01
1.839455368385477796e-01
4.091913578223274062e-01
3.830274495043367033e-01
3.186553944090798063e-01
3.077231651651723965e-01
4.245053402333533454e-01
1.896076843411101109e-01
4.068289421820585061e-01
2.553082667424164676e-01
3.617291941074684547e-01
8.427952523923544492e-02
2.994142926050570933e-02
4.066846943641073131e-01
3.023264384665450000e-01
5.000750811842258337e-01
5.804237460569223739e-01
2.009931688143281603e-01
4.058363277419744231e-01
2.121761163481494794e-01
2.872740100556124276e-01
1.085615999179136842e-01
3.606063258218091261e-01
2.160320485264867474e-01
2.962274452587681517e-01
1.135627822888614774e-01
2.354985766861741880e-01
1.974182747533448357e-01
2.082061785525713138e-01
4.407082430219310676e-01
4.195868800994672076e-01
4.334775099140951160e-01
4.472180093118627298e-01
4.098580385622839772e-01
3.433782207602693592e-01
3.798627811603349502e-01
4.257843894952293984e-01
3.973835252694057352e-01
4.110702644614365187e-01
2.315233653868887520e-01
1.683219628266567625e-01
4.107053132962863451e-01
4.039254462758295472e-01
4.291925256359553353e-01
5.195991099837935501e-01
3.345585019064812315e-01
4.276865384081007804e-01
2.889187522802863506e-01
2.112479356724430990e-01
1.968105619888059488e-01
8.816565515419839960e-02
3.525965160624426886e-01
2.305892979215605210e-01
3.790607619747338730e-01
3.942264428623280526e-01
4.033534841912537194e-01
4.808019337804313453e-01
2.037919383371416537e-01
2.256317312181406187e-01
4.210914794130519723e-01
3.492940989905862770e-01
1.430185256985514741e-01
3.260076157814220110e-01
3.054238775710703124e-01
1.905538848741493430e-01
2.993375579914561158e-01
4.130588008097716979e-01
3.096955201135564995e-01
2.931242786531974565e-01
5.344980477523597617e-01
4.127491379252978265e-01
3.973500745853709160e-01
1.490613424175711021e-01
3.946077330770635938e-01
3.425420364778413718e-01
4.180005616384452893e-01
3.793761253073352768e-01
4.507148136315974329e-01
4.308615461117752954e-01
4.053149653811060071e-01
1.518142428882346129e-01
3.449627626080415954e-01
4.308226819397053542e-01
5.788947768021974333e-02
1.954317591635823248e-01
5.606088587440867244e-01
2.361561018131447254e-01
3.418207217477950421e-01
1.582663153194585615e-01
4.585374111412076625e-01
1.482680375909114778e-01
5.725118656197885070e-01
3.634327880464006122e-01
1.880017449630265458e-01
2.018190603743222900e-01
4.550766415570740575e-01
2.654950855760216943e-01
3.285590979581052284e-01
4.208690587864569732e-01
2.782245901039211433e-01
4.717592967255213043e-01
3.184407116638649504e-01
1.279422776238862691e-01
4.120291894090978291e-01
4.209838225752071117e-01
6.868977451138348622e-02
3.396563325122611277e-01
4.043016810180240506e-01
4.094230001745511882e-01
3.315247870288756116e-01
5.723276419783808466e-02
3.667520091294958484e-01
3.308476835299135055e-01
1.876104956231883225e-01
7.836822691854770928e-02
4.497964931220838625e-01
4.032049684850577687e-01
1.949603438073519990e-01
3.519274779843299950e-01
3.409694809813419991e-01
4.017243767274711330e-01
3.921586465265838317e-01
1.644858345045146220e-01
3.199937410944841965e-01
3.402336882515978878e-01
4.242648026161727204e-01
1.732278722322926068e-01
3.640954452872021130e-01
3.389876283634172816e-01
3.949624342774975538e-01
4.931785855493405757e-01
4.003142193162572693e-01
3.628090841859106241e-01
3.931235566418858629e-01
2.527232243422762870e-01
4.384197386918609052e-01
2.611574523934412362e-01
1.819522820796019014e-01
3.820651325688861344e-01
4.133284265375297140e-01
4.570545402997642226e-01
3.609639179294141798e-01
4.843827676165827767e-01
4.192530990407756231e-01
3.386971629265569939e-01
4.990905505667842523e-01
9.796628824779216038e-02
5.099183868534520325e-01
1.643921155623301322e-01
2.620305042430165487e-01
3.005300826446374862e-01
2.002786506319986781e-01
3.396670884744218966e-01
2.992780632309990363e-01
3.011576626239690913e-01
2.776692995044801604e-01
2.267915645776299449e-01
4.088563831988560326e-01
4.560690771035146307e-01
1.469876832332076000e-01
4.038569561297239430e-01
1.150043608343764706e-01
4.766134938562009982e-01
1.311109408789136455e-01
4.364379710084805852e-01
4.024160637408092378e-01
5.511582878771433824e-01
4.025931420173092801e-01
1.702431760801468852e-01
4.026253009037680797e-01
2.773235062033796439e-01
3.828568240126319910e-01
1.561198153652872123e-01
3.858818539077775722e-01
4.237219321275195183e-01
3.576277315963701242e-01
4.626760870984773510e-01
2.670058908528316066e-01
3.898907061484190306e-01
2.719487231762167667e-01
4.311480151853828158e-01
5.538138318176896724e-02
3.551097415336887386e-01
3.867546432958145902e-02
4.213258353555072167e-01
1.765556677055609702e-01
4.547558241985528715e-01
2.132222216058269892e-01
3.906469881440988168e-01
4.229945627303883793e-01
3.021403598668240265e-01
2.705304597077248796e-01
2.946846229936553319e-01
3.322820442573504729e-01
4.325537306900425483e-01
4.751965141721029573e-01
3.792759671068143823e-01
4.379654240628165218e-01
4.193652036770677549e-01
1.698841933197865195e-01
2.114441285781148150e-01
3.949020490735670186e-01
3.337947335551702532e-01
4.523397086407215939e-01
1.923326731452547622e-01
3.812552140972260140e-01
3.722370498919052029e-01
2.589863290352134584e-01
2.477092343855808454e-01
1.066564601379619004e-01
5.704078560904679573e-01
1.388599044952103234e-01
3.655148960395911972e-01
2.600058721655384431e-01
1.785959225734292111e-01
2.161387803371050131e-01
4.058131740748167626e-01
3.276942898006396931e-01
2.870088811700884368e-01
4.065471904402643832e-01
4.084861600340910504e-01
2.659516532473774619e-01
2.492105228597569777e-01
2.416845562019744875e-01
1.913906133942756549e-01
1.967243367878651894e-01
2.720831507019844664e-01
4.060827446386877648e-01
3.463825057145097364e-01
3.782164206566670517e-01
2.109828379890575090e-01
2.038978899075839790e-01
4.054369883141706876e-01
3.129176789785270141e-01
4.208756203638147619e-01
2.182068828853248599e-01
1.697899610360371347e-01
2.896997797345312042e-01
2.940420634983396120e-01
4.136651624221348023e-01
2.134680471556293091e-01
4.298558684524662055e-01
4.422180525947290719e-01
2.059675399179762834e-01
5.530051126185807631e-01
2.150429667379547272e-01
5.353939139250910584e-01
1.879558543349297839e-01
8.403426788369350309e-02
2.494039538834566805e-01
1.339568541514779554e-01
1.490678213424558307e-01
2.220762950098517929e-01
4.630115853535805015e-01
4.742590394498538697e-01
3.871013863353432449e-01
4.746789225606206086e-01
4.358233454350654013e-01
4.443767873140068159e-01
2.229349714699532803e-01
3.536788375841197762e-01
2.650387258376666333e-01
4.480464756291691053e-01
3.570968023984547046e-01
3.607116039115199069e-01
4.167269956544937815e-01
3.562247706762406985e-01
3.149358787268670135e-01
4.126936069152200570e-01
2.474958917763612765e-01
3.393274118505070769e-01
5.178735520422161898e-01
3.902534587453369563e-01
3.116030498186052045e-01
3.414583865417170627e-01
1.727802053028648366e-01
4.062989898766264374e-01
1.813969235159285376e-01
5.512950513803611952e-02
3.487100886483672224e-01
3.727655164444472757e-01
2.085767712106116889e-01
3.735588858329784712e-01
5.293926436988095618e-01
1.049582210170864754e-01
3.079137094672272368e-01
4.601898631985309462e-01
3.423591641675445829e-01
3.645241457405640206e-01
4.081807427980398417e-01
3.323159450488291644e-01
4.362271473288109602e-01
1.286293944782634369e-01
1.716012086179143636e-01
3.449841679388875315e-01
2.622806327834694140e-01
-5.146471043950823221e-02
4.088954529233113644e-01
3.314155080117694441e-01
3.918169370543050367e-01
3.988540620548952642e-01
1.940512470980775006e-01
3.114237314609213936e-01
2.218653436586662253e-01
4.493907698902762649e-01
2.661693969555671280e-01
1.402981337899075198e-01
8.580859001679690123e-02
5.465031995661399911e-02
1.621939947483108310e-02
4.140881305613555163e-01
2.368364524272678281e-02
4.595936290036554683e-01
7.362267501153711702e-02
4.306782586927098699e-01
8.116780617730863512e-02
1.692156416133052121e-01
2.352175430655380206e-01
4.974571896618241312e-02
2.863814492349455731e-01
3.544525405801322582e-01
3.403678346261819754e-01
1.249711941359356315e-01
3.989149229047220802e-01
2.080448883662210369e-01
3.272592026803116672e-01
5.404374303212080566e-01
4.480724370531183332e-01
-1.895859820272109350e-02
6.953690653294548885e-02
1.685699952068267504e-01
3.920758329807377818e-01
3.943013756276386172e-01
9.650319001891322079e-02
3.907930571379282791e-01
4.287831415468675855e-01
3.713882502363709537e-01
1.358686700272744019e-01
4.665849107602474954e-01
2.668076927118586128e-01
3.712408742588182986e-01
4.727295648952721252e-01
1.650665845137120058e-01
3.836316867157846811e-01
4.325565392144399279e-01
1.358691336352446377e-01
4.134916037634477903e-01
1.291548219757150673e-01
2.135262897072608690e-01
4.611653399678067311e-01
1.183387359496715779e-01
4.032368058691632173e-01
4.194433544948427128e-01
3.068428711623406024e-01
4.328900453457786845e-01
3.416930413110353948e-01
1.078144240246458746e-01
2.450401024661083837e-01
1.057022082084386611e-01
2.803352158558340412e-01
1.471149168663402063e-01
4.082820817007568603e-01
3.347667321988384015e-01
3.421741668339495779e-01
4.854083756833133534e-01
9.138616095414724139e-02
3.157264366450542870e-01
9.706459923270724377e-03
1.314451327182182029e-02
3.752267903344426725e-01
5.428206381412579162e-01
2.366960870168206277e-01
4.159237201678984142e-01
4.288323749529980855e-01
1.468661900726210834e-01
2.599484479491139255e-01
4.341214503529900459e-01
1.533550689374142961e-01
2.030591336841271466e-01
4.596369842090506919e-01
2.563427761319659326e-01
4.172015427542147825e-01
1.088649844248909815e-01
1.628421529865788642e-01
4.107388335212573405e-01
3.886495951185577891e-01
3.257016452053199673e-01
4.313984728420086623e-01
3.980840396664526715e-01
2.420280550100504802e-01
5.454927751907563405e-01
3.942807511800978104e-01
3.796682933353508482e-01
3.714667928235490524e-01
5.662486917800910735e-01
1.105710209529017357e-01
3.067924768043037154e-01
3.075013522956556167e-01
1.284399719387269989e-01
4.028018020859296944e-01
3.062292401155959909e-01
4.563683698203533368e-01
4.117535315860147427e-01
3.145644451099946504e-01
1.932353276917385121e-01
4.312512074619294644e-01
3.199094346590887761e-01
4.178053378247222893e-01
3.030954993224000207e-02
3.066346860964873078e-01
3.931875966244884890e-01
5.643095025680213705e-01
1.597104777505710116e-01
1.455466996859176576e-01
2.996812338623320304e-01
3.660482428223448825e-01
3.347320155046332180e-01
2.198169376263061914e-01
1.042049862349019862e-01
2.686729925631062832e-01
5.686885600902873428e-01
4.066213295426705510e-01
3.960404895498719768e-01
1.962171281288038194e-01
3.276817110029124347e-01
4.350207343216624389e-01
3.448673027359040466e-01
5.668656958111949473e-01
1.769071118871631820e-01
3.842278476354253902e-01
4.737267619212326419e-01
4.386765230799621329e-01
4.197552449298543320e-01
3.509013036319804657e-01
4.377991052545685546e-01
3.047470456800845939e-01
1.298025784527382653e-01
4.782032365444558453e-01
3.368154715173380942e-01
4.092582073251402885e-01
3.425323350193341110e-01
4.130588008097716979e-01
1.747100836225564391e-01
4.324867271681633318e-01
4.140471033176350013e-01
4.057517473542930353e-01
3.665639746909440944e-01
3.586786343902939600e-01
2.184436736993084494e-01
4.059769586636370886e-01
4.100742571829729122e-01
4.142153209336774666e-01
4.145548064652404552e-01
8.183310325594650436e-02
1.047684362583769027e-02
2.092012589107264398e-01
3.165701579036040436e-01
4.251061220569221644e-01
3.156371704803817013e-01
4.096121034730594301e-01
1.279565503201517962e-01
3.843861749204417477e-01
8.859629561711479528e-02
4.227235700004320917e-01
4.094373144252603791e-01
1.106737485167481883e-01
1.048671930103892980e-01
1.497455825188057088e-01
5.208290265618676917e-01
3.252585540103681838e-01
3.288457491202559924e-01
4.117923097447429015e-01
3.670020801617520090e-01
4.218675722771095815e-01
3.435118616016030052e-02
2.328250775253712102e-01
-2.653127554573388516e-02
4.530215025845479859e-01
3.338979140479305663e-01
3.451042726872978195e-01
1.608430425416056408e-01
3.737661932764497763e-01
3.206936394152657965e-01
1.495044248991597435e-01
4.988501836485365049e-01
4.128977196041003217e-01
4.135767817841092819e-01
2.969581305469839450e-01
3.578110282267051301e-01
9.414060152211675692e-02
3.068668471842626588e-01
1.395440130661539102e-01
3.305692173898941433e-01
7.825461885368605042e-02
4.713256889890298229e-01
2.630987301986528748e-01
3.877106167187859276e-01
1.612349289527651719e-01
1.073590976081734427e-01
4.254277385138266476e-01
3.036422439304891641e-01
3.383571554645425916e-01
4.159059091408351949e-01
2.305525601420315984e-01
2.745910071440934574e-01
4.063580927017115818e-01
3.171295540322901507e-01
3.987644672719560801e-01
4.143451060625547022e-01
3.556351305886121250e-01
1.362716897929487081e-01
3.171599723414795791e-01
3.854769004393640563e-01
3.584238997378842440e-01
3.748809621798895875e-01
3.327524425514561957e-01
3.610609567459350799e-01
1.923735106295605124e-01
4.147937704075478904e-01
4.304573371794950254e-01
3.715197762952012761e-01
3.752551219591316323e-01
3.290944803484545655e-01
3.476601621867819181e-01
4.114382969207421858e-01
4.309314761618839307e-01
5.081568780112745154e-01
2.278423674842558755e-01
1.774192246188947275e-01
1.699957282680988613e-01
3.977577204829911284e-01
5.609479213456002311e-01
4.535956858298618721e-01
3.405635010787519401e-01
3.022518060218168934e-01
2.375809343613038277e-02
7.313034659317194097e-02
4.296143404993276738e-01
4.197152912554556470e-01
5.059571383503367326e-01
4.169352755715285408e-01
2.752751219129352389e-01
3.856136976679651052e-01
5.976628921191074612e-02
1.866367089559140546e-01
5.292619531270266187e-01
5.652890664025109757e-01
2.538737769742208106e-01
4.128415077069323424e-01
4.348121165750915007e-01
5.605541660840185347e-01
3.599781547445197738e-01
3.811746984726979703e-01
5.473146211266523009e-01
3.458714541874228221e-01
2.974658875929642177e-01
3.736319868833906099e-01
3.984289423788570650e-01
3.184060616061415994e-01
9.327047113872180550e-02
2.988030485141234260e-01
3.093857093508626810e-01
4.138402953780780935e-01
3.927084384959842467e-01
3.017387468528807681e-01
4.190204639460460845e-01
3.220914229380086313e-01
6.868694582177432839e-02
3.783077640041250245e-01
2.675457314146795773e-01
1.876162978102034196e-01
1.835570127897429016e-01
4.171395126540404785e-01
4.101267104672248753e-01
1.591160692386646702e-01
4.650093304819763462e-01
2.726110199534840794e-01
4.441630019622098136e-01
4.381577431317179028e-01
2.035734297357054690e-01
4.251056057279185008e-01
3.870597616038654043e-01
4.024600032394404781e-01
2.173797675542254448e-01
2.185933463482264416e-01
3.216204381100877807e-01
3.832836393921194018e-01
3.834309455175443082e-01
5.585959222405061375e-01
3.901415346001382289e-01
3.958814379976647868e-01
4.247224095272368882e-01
5.558800485685145842e-01
3.796873083832296158e-01
3.280282412055804397e-01
3.663334829798136627e-01
3.278767461100853819e-01
4.445846951289437743e-01
2.817182702265599858e-01
8.526335524004320654e-02
9.258519425619193832e-02
2.636257096238755482e-01
3.654232917061613350e-01
3.367242946988462937e-01
1.730488703200996348e-01
2.831810196719605766e-01
4.223807843863147116e-01
2.011281341620619334e-01
4.380191089602005206e-01
4.096857934638346577e-01
2.549713564505126651e-01
2.560765846310623095e-01
3.767472777603247946e-01
2.449295463448534493e-01
4.178613887321333542e-01
1.901906540588183814e-01
3.826995149878277824e-01
3.853592904098018801e-01
4.050838818459042145e-01
4.891964517994275563e-01
3.999746304276107223e-01
5.226340744199101662e-01
4.470341630550291878e-01
4.107365426536142561e-01
4.666237074659914663e-01
3.948493369609379355e-01
4.397201481410634161e-01
2.126444072946364339e-01
1.776461726259869200e-01
4.146911743739924994e-01
2.415940949995488141e-01
4.599450358682054540e-01
4.237746917902159294e-01
2.658950924837467089e-01
1.326737503542771701e-01
4.535530686878158635e-01
3.462159012324277918e-01
1.755343256184337120e-01
4.688301558149012838e-01
3.601815625845611879e-01
1.303958829919092954e-01
3.782068089457999438e-01
4.550357801162062121e-01
3.982719066632096627e-01
3.472415566417647592e-01
4.571028997970651431e-01
-1.439203046739241394e-03
3.251783707384051647e-01
3.113799959379717763e-01
4.001215513394009160e-01
2.239488677808262052e-01
4.022829895248120069e-01
4.811172312234105464e-01
3.983027840006671538e-01
4.143961965768133693e-01
4.105749266134156028e-01
-2.999663449971949267e-02
4.304577507737981645e-01
4.123017530339495584e-01
4.376196026714929133e-01
2.071087068989616309e-01
3.803273809265193817e-02
5.599836239042027541e-01
3.273533571661759733e-01
3.641857659347820797e-01
1.617004121372740411e-01
4.250528369369369064e-01
3.787864874602857590e-01
3.991041387300913734e-01
4.027978041459731040e-01
4.273445218105177967e-01
6.617058339457929095e-02
3.045578787325332604e-01
8.563527502627246712e-02
2.838594280177972329e-01
3.959583331990668142e-01
9.655841749794907836e-02
3.918820841319314296e-01
1.900164944270287259e-01
3.189567797645503910e-01
5.438376611595051591e-01
5.621058964351797194e-01
4.058875641220810460e-01
3.501778004785461307e-01
3.951491313807778960e-01
7.906835712370555158e-02
1.191471134008241367e-01
2.109411086194242224e-01
4.145451208567556001e-01
3.293740165724505786e-01
3.341784557110472065e-01
3.684527870754336631e-01
2.420692800626735586e-01
6.946643017571477174e-02
4.338594383619336914e-01
1.965356792245596673e-01
4.439810893458772112e-01
7.011015120382771415e-02
3.862051685576635696e-01
3.837065364966845138e-01
3.854518203098569740e-01
4.389764185333221991e-01
2.725714834209721493e-01
4.173327434311705497e-01
1.814972573114625454e-01
4.141708793793612009e-01
3.889208003300977934e-01
3.742725172646407805e-01
1.767581602897901893e-01
2.097970943240160258e-01
2.847781506697652509e-01
4.210178397938140749e-01
3.974618517859243583e-01
1.045457050963370799e-01
2.345918394467178258e-01
3.607357400933547398e-01
5.711017082085746432e-01
-4.530298200523921563e-03
4.133667908944936853e-01
2.711068458727660668e-01
4.341367497738775616e-01
3.428262760092853356e-01
4.514049923202857473e-01
3.021844557080851645e-01
2.287382388590724624e-01
3.808319981665547749e-01
3.466870826504176994e-01
2.223525353420061079e-01
3.305688462006248218e-01
3.014318223709771538e-01
4.085451270551880287e-01
2.624939503521430129e-01
4.349336686546096398e-01
4.310662008548265534e-01
2.284110043575603988e-01
4.030355877595142577e-01
2.398018304543138857e-01
3.650273503655011575e-01
3.787514633088387983e-01
5.144274279825595819e-01
4.243652543325543980e-01
1.834013884729534805e-01
2.368525312195882415e-01
4.580388550747535037e-01
2.975008581364818605e-01
3.854804266959299675e-01
4.118380226202318362e-01
4.097490193693678617e-01
4.489973381019275456e-01
4.932816304040815170e-01
3.918479705891696474e-01
2.160027631204728127e-01
2.087831801714947755e-01
4.747817396646462629e-01
1.176458270738696410e-01
4.153118292212627516e-01
2.001889403347597574e-01
3.705685309738638300e-01
4.147450531644522598e-01
3.607337298789887736e-01
4.823383871579881021e-01
4.364184625767877357e-01
4.026068706262857511e-01
4.096135933751700042e-01
3.001408501579180821e-01
3.871557187393382948e-01
4.043688402808960913e-01
2.409188378829797417e-01
3.604211683490474716e-01
1.615870366777157063e-01
4.924920952065184321e-01
3.969100485855989180e-01
9.064117543440111668e-02
3.051288639246257373e-01
6.980617100881743309e-02
1.632140294912514111e-01
2.433470401046768650e-01
3.758712554215284385e-01
5.757638358044760984e-01
3.995686445501430706e-01
4.370664297512298346e-01
3.345170344304617127e-01
5.074614051868797659e-01
3.828594392663366985e-01
2.174949495014213419e-01
2.062608788819601802e-01
2.613974809012619693e-01
5.325647724658142401e-01
3.814073058506343150e-01
8.204939432721257420e-02
9.465087971747991602e-02
1.425317138919113547e-01
4.220963263569172397e-01
1.671176744953092597e-01
1.860961780052608761e-01
2.185079168848003406e-01
3.577161354700306162e-01
3.845626051924243560e-01
4.054018874851281762e-01
4.546378563402115325e-01
1.965813588232999121e-01
4.794724221133015996e-01
4.381521501484023084e-01
2.943875601301717548e-01
3.638900171294426888e-01
3.768886930921300227e-01
8.721478857371162130e-02
4.753227665716302508e-01
3.209399197196390330e-01
4.005362368045848886e-01
1.989728740415543928e-01
4.282899766456420565e-01
3.556536081464624632e-01
3.590181797328709790e-01
4.140985354787126704e-01
2.401412007620225553e-01
3.380949947654222076e-01
4.088560511782286522e-01
4.455127260592809946e-01
3.925318980414502779e-01
3.205596685112182542e-01
4.435328000074362231e-01
5.541666620308527413e-02
1.526867605412253193e-01
4.538192496496993300e-01
3.489679845296660421e-01
4.230326978014254946e-01
2.137169893716922009e-01
5.625429530037818759e-01
1.995975857892051397e-01
3.674338917836573182e-01
4.031439526203516310e-01
4.122227757744278964e-01
4.363007876119241457e-01
5.442493103495764650e-01
3.914671517466332684e-01
2.830946384603276189e-01
1.784986338286092544e-01
5.292612034536397364e-02
3.975200589395181949e-01
3.167250631604743294e-01
3.866214810152046599e-01
4.090622195569319497e-01
2.453562658514137906e-01
2.322499075954135295e-01
4.468791565779238750e-01
5.021296733102311727e-01
4.144227730812150567e-01
6.806932745707770793e-02
2.197317630080055373e-01
4.899856529224991264e-01
4.215369535883427554e-01
2.911566953706696825e-01
1.914347248988443051e-01
4.496450908239061905e-01
3.595904079277059684e-01
5.674886324393153547e-01
2.754651277498947892e-01
2.061169346209834885e-01
4.109806412978289081e-01
2.489452618941701834e-01
1.360976844291786336e-01
5.457283141382250902e-01
1.356146975814909172e-01
1.993979898588174871e-01
4.282822718750418090e-01
4.309787464058094097e-01
3.837461320181461549e-02
3.764518335907572899e-01
2.957729353259130889e-01
3.128103058643824652e-01
1.643784366869483204e-01
3.990315227443061441e-01
3.268348957121001708e-01
3.848179142836713473e-01
4.357591345045766507e-01
5.252549636789455301e-01
2.472061771565167709e-01
4.201059565510110727e-01
3.848531244654211370e-01
4.481191268210906187e-01
4.227912797196468064e-01
4.233034560174369632e-01
3.943944457976998885e-01
3.021308790638649322e-01
4.823869723106479768e-01
4.204661203455051788e-01
2.996457741257130269e-01
3.035543489172353726e-01
3.796863467598778907e-01
1.700957610791750951e-01
2.614094290797058240e-01
4.120353314380210130e-01
2.933666884401767705e-01
8.496973280649872118e-02
2.602446674420310635e-01
4.304549761900248184e-01
3.871627433489620018e-01
3.671234306721364304e-01
3.854024326357068930e-01
1.376150625692262597e-01
8.405858910001819118e-02
1.629423948353857787e-01
4.233731401847365960e-01
2.555826868945054731e-01
3.411875718963062187e-01
1.223822221490606793e-01
4.629057894411466312e-01
3.809029216230445103e-01
3.332441382966738197e-01
1.788454271074188806e-01
4.053688611833699551e-01
3.428053183793353664e-01
3.999959412392127822e-01
3.130685992410087715e-01
3.317506617985835904e-01
3.854047889780500835e-01
4.175427148194496008e-01
2.764874990926685649e-01
2.394489350154039020e-01
4.706613831799244529e-01
3.591872043515618729e-01
3.291537495572832706e-01
5.129525544940026771e-01
1.809910801226941313e-01
1.497765549304653221e-01
2.225329598196468528e-01
2.009980525298850906e-01
4.051058447490059611e-01
3.381120672312297737e-01
3.767629743446021529e-01
2.157432020324957234e-01
4.236956542840121243e-01
4.342769327664370849e-01
3.450259680164253218e-01
4.188632430091938641e-01
1.252712381884426851e-01
4.451480556303923364e-01
4.465436267057602548e-01
1.623639784722952506e-01
2.469802872836460439e-01
1.846963912388425721e-01
4.213958383489129211e-01
4.471441720237584461e-01
4.025806550210864199e-01
2.513435676022795495e-01
3.635808044561432140e-01
4.199636336394515501e-01
4.145962565560258883e-01
4.017243792584956896e-01
4.678350016991645877e-01
3.881641254654714102e-01
4.292133344748568224e-01
1.047305950273584724e-01
3.922609858893568169e-01
2.383941577000883438e-01
4.243188609019128976e-01
2.791713203264541976e-01
4.026927815030246771e-01
3.781937815965865091e-01
3.194252423642909844e-01
1.635845936804523615e-01
1.545996937761798529e-01
3.358881815340583610e-01
4.273477866661898328e-01
3.369662702698963952e-01
3.112175739531758967e-01
3.542247891361280376e-02
2.792414136068988029e-01
3.884985098000830472e-01
4.229319272589376899e-01
3.126126897968125595e-01
2.518171602153081445e-01
2.397299786149154621e-01
4.566277360401879148e-01
4.114258665406335669e-01
1.544417788407005387e-01
3.759421328839085419e-01
4.248039515859414750e-01
3.168424392569826331e-01
8.185064373308457986e-02
3.238187321618443137e-01
6.021025008348715457e-02
2.816051638024613113e-01
6.439771224389782833e-02
1.100444549663864152e-01
1.249893138390741898e-01
3.937803049777200415e-01
4.408503660240450372e-01
1.292195056683918541e-01
2.519941391854012003e-01
1.546360813874280427e-01
3.271244084464328683e-01
3.507260262831624620e-01
4.141564392620469826e-01
1.809694791146076731e-01
2.839472586351483030e-01
1.897633417686794277e-01
3.688298412679382188e-01
4.702309953215543237e-01
4.382048471578686155e-01
1.671897060167030769e-01
4.113838087757543116e-01
4.017064343360857159e-01
5.609127379885612275e-01
4.436053770112944883e-01
3.211725421177537565e-01
2.190974728521690729e-01
3.498877700459669393e-01
2.533929169184365726e-01
4.435734600451391452e-01
4.310302137522772359e-01
1.297158873773155974e-01
1.648783961598244141e-01
3.090764705997121053e-01
4.341910821156342859e-01
4.106865367456040694e-01
3.992180449579408319e-01
4.050207332818418493e-01
4.188542509014296367e-01
4.077456572751617103e-01
2.291881196725428227e-01
2.766584210876729122e-01
2.152057239745834571e-01
4.579698407576174302e-01
1.366615041404236341e-01
2.469231975773812093e-01
3.571981120906591034e-01
4.191764143915697183e-01
4.160477519875784846e-01
4.662040869179003288e-01
3.153626065992932714e-01
1.936977100237035898e-01
3.444403732528518725e-01
2.134458248691921967e-01
1.379370835751330959e-01
4.136052209565945770e-01
2.826797915074803491e-01
3.094886097712367112e-01
2.266574411067432127e-01
1.243950849624844840e-01
4.998396379800210121e-01
3.896810661998765246e-01
3.985799300246803956e-01
3.928255437728680466e-01
3.914845212551391063e-01
2.539044676641789566e-01
4.059070334473703356e-01
3.924472881735569518e-01
3.329156827625419646e-01
3.832748788316072686e-01
3.132688663493105596e-01
1.278006846846959088e-01
4.986818549163680170e-01
4.399579279373216911e-01
4.532355583825396494e-01
3.581128318858441961e-01
8.313422502258481506e-02
5.565564255389605641e-01
4.027494466402980478e-01
3.996019649486530212e-01
4.347178254553949461e-01
9.913728959222811721e-02
3.008628786446610609e-02
2.461069591789673272e-01
4.674374800656244111e-01
2.571768594150826148e-01
2.171653042197926320e-01
1.322161105243345458e-01
4.074294684966266455e-01
3.963859196282066844e-01
4.406397746592333187e-01
2.512904843081610259e-02
2.041324584716591173e-01
-4.424246968656886381e-02
3.072381423935109934e-01
3.874489521834573735e-01
3.643976018997862054e-01
3.469305009054486355e-01
3.811494380595585318e-01
1.104225137266752477e-01
8.713993514149770414e-02
4.283304407571512096e-01
2.689671722162227940e-01
2.055877190511500585e-01
4.006793613662982811e-01
2.639261783179854826e-01
2.081285645350168245e-01
1.435495426680407915e-01
3.696948954949277333e-01
1.998621245725843154e-01
5.450540787464672743e-01
5.608417348255450019e-01
2.544344659585341395e-01
2.418460245299219880e-01
4.057969308099875216e-01
1.220583816269637661e-01
2.419455674840216008e-01
3.986802382610158957e-01
4.644015041117791620e-01
4.337203713437299268e-01
3.287406148840212317e-01
4.359117996802632233e-01
3.321153485754011481e-01
2.852258421055268722e-01
3.893798902140742091e-01
3.843696068338827154e-01
1.997584924786607041e-01
4.293765396665212841e-01
2.912260768108388409e-01
2.240388322593152293e-01
4.236743170003829939e-01
3.909853663731769902e-01
3.297143919251038779e-01
2.233868286660826152e-01
1.969946900399522638e-01
2.815467620296781548e-01
3.935248763889215851e-01
3.266394115347884264e-01
2.503924350567563462e-01
3.913156841812164832e-01
4.143451060625547022e-01
3.912373693654997986e-01
-4.514686607583420774e-02
3.401626947770116094e-01
4.504028579708390101e-01
2.054807301807599074e-01
1.275243164994972478e-01
3.187073986646851709e-01
2.846225064444970684e-02
4.825267617703856149e-01
2.529126511140176725e-01
4.148145883332423622e-01
4.219811542848662667e-01
4.272359646748007389e-01
2.756676313710506587e-01
3.911299127690380240e-01
3.250866415756754613e-01
1.792416485827036943e-01
1.773141611268701512e-01
2.191925887539240836e-01
3.640876760377146359e-01
4.017792027019951862e-01
3.725806611179251493e-01
1.575406252778477345e-01
3.062393838810125724e-01
3.645369100706876142e-01
1.591562089381795830e-01
3.885339436455658713e-01
4.913211122483159832e-01
4.260753535854138740e-01
4.253428632202955195e-01
3.758693340004820027e-01
5.094545436639200675e-01
2.771123981776265621e-01
1.155331632507614337e-01
2.496991492657607836e-01
4.146257122460506594e-01
2.589505982507628867e-01
3.732274262631775641e-01
3.758215791068516554e-01
9.554747532318173808e-02
3.238571765987646733e-01
2.002869453647076192e-01
4.205161009017778784e-01
2.222842509816796153e-01
1.493883579491558367e-01
4.111849207023903774e-01
4.468355222129709592e-01
4.287303862823449441e-01
3.892186488484901119e-01
4.147484790098811547e-01
2.794387626513810674e-01
9.283735392308223311e-02
4.401344562761317358e-01
4.642692888674175289e-01
4.344108349593925888e-01
4.018748348497694911e-01
7.265946079158575044e-02
3.943808811659190727e-01
3.405131251432542139e-01
4.781199699867114683e-01
4.198573070417109809e-01
3.891064530123305443e-01
2.592773017350305520e-01
3.153842734970019324e-01
2.950736984738696056e-01
4.059804266029083397e-01
3.072815397861059505e-01
1.828872520833814408e-01
3.850580511483864266e-01
4.782329438847062186e-01
1.141908759416956076e-01
4.063769624438871575e-01
3.582335683323352171e-01
3.486040368949950286e-01
1.027338186589737135e-01
4.451113398417322897e-01
3.994724242918498147e-01
3.594459291641396437e-01
1.722930109640238017e-01
1.533507762627633608e-01
4.009804295346049430e-01
3.703871202265013318e-01
4.252339932333499273e-01
4.300925114867738541e-01
2.560177924166265884e-01
1.503047669698195921e-01
4.550766415570740575e-01
3.285715941655976691e-01
3.000360498094599704e-01
6.744329273045863993e-02
5.000750811842258337e-01
1.921202473529916854e-01
3.937369254578925171e-01
4.305717860424063681e-01
1.949503321531173283e-01
2.179937087966974107e-01
2.967243240858045139e-01
1.784342672764177296e-01
2.264301976751487699e-01
1.015377791440233712e-01
3.893570248555056068e-01
4.167353429733864911e-01
1.678230075222024997e-01
1.757529781459572782e-01
1.025724578217707406e-01
3.940371709394970834e-01
2.255783772210944449e-01
4.743805119473220588e-01
3.102861885440030831e-01
4.028062990941325139e-01
2.752919499066687203e-01
3.751579689560615716e-01
4.195112052045713025e-01
4.264936567559844405e-01
4.112250549508667530e-01
2.043684555760595933e-01
4.265588021739226132e-01
1.890330284243723832e-02
4.290599224394734956e-01
1.936138039880900275e-01
2.847998732500134911e-01
2.625389840002300135e-01
2.597256707385058871e-01
4.632921371407952571e-01
4.150290492611272697e-01
1.761661735015696562e-01
4.033644924882614502e-01
2.804354742185386495e-01
4.230376248348448054e-01
4.219451020395544871e-01
4.247821840281426065e-01
2.042701045270515769e-01
3.988773762761416153e-01
4.483663782090384076e-01
3.235135970727896493e-01
4.280824630896405414e-01
5.639293772884439448e-01
1.214111468729309473e-01
2.531079485349130298e-01
3.389784097911961447e-01
3.704504302159887241e-01
3.075574970584352141e-01
2.962802176180794334e-01
2.424421104316554221e-01
3.854015651996613445e-01
3.488652698698954668e-01
1.429250275519513280e-01
4.483568732991079497e-01
4.147476533979785884e-01
2.300901372566222791e-01
5.903063037673542679e-01
9.960554578380652335e-02
3.751091630856152603e-01
3.812154006664815187e-01
4.020227298325730336e-01
1.682428729572897630e-01
2.780055844517972385e-01
4.130950925480928460e-01
3.980756177445747279e-01
1.925970859582984418e-01
3.854800536810036315e-01
2.929891838497828971e-01
2.091125581603364703e-01
3.407966017160257710e-01
2.737710483055925126e-01
-1.191909984798347928e-02
3.783551888480077285e-01
5.688401509912845988e-01
4.099834876312229981e-01
3.753320063103219861e-01
3.802990539411776338e-01
3.072159826825061057e-01
4.297388640431336615e-01
2.195113406460213190e-01
2.844042386819737311e-01
3.792405861224011909e-01
1.675323809296165312e-01
1.244604589194898553e-01
2.192515045917924760e-03
3.427796397662579708e-01
3.369969316819171334e-01
4.012608595836890668e-01
1.135126043801004542e-01
3.798860489103113025e-01
2.755671203208152620e-01
2.880348535591282788e-01
1.464973256945976687e-01
2.126171400279996682e-01
2.291004089261730603e-01
1.887317907163213460e-01
4.341558453166347586e-01
8.689727173341302291e-02
4.081716558390941496e-01
2.781533125529507822e-01
3.842785765866064129e-01
3.249517012477415867e-01
2.364602886393377679e-01
3.246912038674040768e-01
1.538365772259230879e-01
1.759854796357855078e-01
3.929828610546211576e-01
2.500122271247057770e-01
1.826649889041462305e-01
2.122628368415457600e-01
2.900360408601358464e-01
4.333464196893900278e-01
5.550792575107004190e-01
3.813930785260953304e-01
3.683690755552789242e-01
3.693749388092226194e-01
2.587670547418058353e-01
3.984918275503996909e-01
3.519125098372102300e-01
3.467272687641508866e-01
5.608748791311353177e-01
2.359138128929596512e-01
4.122035155076154145e-01
4.181594872825552534e-01
2.834448045627142032e-01
3.750836344253680732e-01
4.586796953820317380e-01
4.077451506553341209e-01
1.003388964483111212e-01
3.265994389606902693e-01
3.809149047379253306e-01
4.803147211850199438e-01
4.486366541196546431e-01
3.947469297376630659e-01
3.529518363265808367e-01
4.480864726214301430e-01
2.780977051349768359e-01
2.251681959007726108e-01
2.298035321715655721e-01
2.515950807583718363e-01
5.881120756197867339e-01
3.806674313666787435e-01
2.435416153692972208e-01
8.690890081605147366e-02
3.717778398879942325e-01
3.397574345774698745e-01
3.171856079686322105e-01
3.171401829245719672e-01
2.246042290322347312e-01
4.983542677388900360e-02
5.434249817594665188e-01
2.129066148799488856e-01
6.572311753637875842e-02
3.898921099956956793e-01
3.329543949901558331e-01
3.715163592046277219e-01
1.038958108579086242e-01
1.346022284987523354e-01
4.168542901722512295e-01
4.016976871153176143e-01
3.776569803387822000e-01
4.294722666654770538e-01
4.036541027707690188e-01
4.474038030261015542e-01
3.927903949373439119e-01
1.285337104652324314e-01
1.607702337363555167e-01
3.908980453630923058e-01
4.713256889890298229e-01
3.046484861742367878e-01
3.428894946329364424e-01
2.566426979743686165e-01
8.476145571093392228e-02
4.095746016560607994e-01
1.299654175016229374e-01
3.968872401543360739e-01
4.170197869784185163e-01
4.031169186228935053e-01
4.128272203639183346e-01
2.811246734422269689e-01
9.152297349337204513e-02
3.174432808915654824e-01
2.600777464574065001e-01
3.497272045054239387e-01
3.968020189195426983e-01
4.242785872396264146e-01
4.331826286277856708e-01
3.140400001479662917e-01
2.209090421801663540e-01
1.800007157504489655e-02
4.135737772505337362e-01
4.033102215964609050e-01
4.316385762847522733e-01
3.873356755168400611e-01
4.042928679906181988e-01
5.847112348045784280e-01
2.431513879824773738e-01
5.407729347586498481e-01
5.337420528827411248e-01
4.397943547097955541e-01
1.563468525650613949e-01
1.556648606774827526e-01
2.137072728981930791e-01
5.257354265920859415e-01
2.757412404520254157e-01
2.314034656929574163e-01
4.125852531742937312e-01
4.159688865910425859e-01
3.841816254431155153e-01
4.524374759773844290e-01
4.007577850368158057e-01
1.976604384500540712e-01
4.218293567111940368e-01
4.550125118683234215e-01
4.872419212178507042e-01
4.023510075311126366e-01
1.230992999855396869e-01
3.065718000121161468e-01
2.497503918074599205e-01
5.192218255302953889e-01
2.910251890621290971e-01
4.292369284365518123e-01
3.593337117935255232e-01
3.542085772005071354e-01
4.154206364927399697e-01
1.792393448524769173e-01
5.387033830951573066e-01
4.001007354468245070e-01
1.586469127232814358e-01
3.740914945731290686e-01
4.460458388259963547e-01
3.271758260022542553e-01
9.770832507391599350e-03
3.726489686153426906e-01
3.123498842880745308e-01
2.601864891462660201e-01
3.669007854067415364e-01
8.724921498844798173e-02
2.509559005334844883e-01
3.206196876086746528e-01
1.091843888493425480e-01
4.013440190915435468e-01
1.721166617626239403e-01
4.325484568647707251e-01
4.053492448486037403e-02
3.225281444985446666e-01
3.277250807305794877e-01
2.853944095008605908e-01
1.081214514072188076e-01
3.964465410680085289e-01
2.688686503023130503e-01
1.330516055123142360e-01
5.646210643017820496e-01
1.970741737533326654e-01
2.215161689087965236e-01
4.647393266772429365e-01
2.415448813229619518e-01
3.192205805675648045e-01
4.022414279444707086e-01
3.741464185314961055e-01
2.632190277198492856e-01
4.115860891688452594e-01
3.982690823717742745e-01
3.671094195219875012e-01
1.722152781957775602e-01
1.730922700621907728e-01
3.056718481226677331e-01
4.359219944810924230e-01
9.084358474377414450e-02
3.860990591301259323e-01
3.989538391080175717e-01
3.896175871918906020e-01
1.118827448856550555e-01
3.550779419697285277e-01
4.016282555940565158e-01
2.654795209110247800e-01
2.261392188967235595e-01
4.470563322781221927e-01
1.736682609569239755e-01
3.658937047714921342e-01
3.223092313740387183e-01
1.795696653367636897e-01
4.036025367558367938e-01
4.896442415094776068e-01
4.079970812852507511e-01
2.159398108560340868e-01
4.208540701421876751e-01
2.648180522559384631e-01
1.697585421838072872e-01
8.517739664726810267e-02
3.919345424030278024e-02
4.310519037196520187e-01
4.107574435222272613e-01
3.547201660516536292e-01
4.268147158066019076e-01
4.077882121788996561e-01
-7.405028963722378073e-04
3.983587085643128800e-01
4.572039358896673455e-01
2.367645926395187950e-01
3.983444499753971968e-01
3.150271551473977638e-01
3.368083370778467422e-01
3.920253500783346112e-01
4.297838047486806090e-01
1.758468952549146203e-01
3.184633120532100459e-01
1.367080259064563652e-01
8.778944980923140962e-02
3.467332149291185717e-01
2.787587520425416354e-01
4.423743641884083089e-01
1.097607711815412473e-01
4.138277496288924051e-01
2.275434910613069808e-02
3.728474870346489833e-01
3.910994814727882796e-01
2.024824838931726101e-01
3.908352950412171678e-01
4.030461357627417307e-01
3.857218393007375568e-01
4.171266295732251606e-01
4.102350284418701531e-01
7.982229478384907095e-02
4.260747314512864925e-01
3.356279391025768222e-01
4.637351273437191335e-01
7.873862335476235208e-02
2.241087627243459335e-01
4.322371530465587419e-01
3.364352011602644854e-01
3.547861969340005972e-01
3.881586955257768645e-01
4.232451165659463221e-01
4.018368896470641549e-01
3.462386037755825763e-01
5.148244046367282944e-01
1.044993929489259205e-01
1.477231479515086210e-01
8.064988979077523934e-02
4.915958545873796992e-01
4.493805419786671695e-01
6.547559576706791368e-03
3.638494713612733245e-01
1.999298162841818827e-01
4.358980834359639234e-01
2.659766833580309298e-01
3.258745921029309600e-01
3.499772677371454921e-01
1.387150412648690267e-01
3.995761132715869857e-01
3.837390902852079733e-01
4.361600121936562990e-01
4.156105809004894680e-01
4.348711106076141863e-01
3.694090647374076997e-01
2.172512049516873434e-01
4.463427797023961641e-01
4.300437111762830389e-01
1.550083680166180755e-01
3.895135265872159414e-01
4.398820844181031697e-01
1.337296470929880687e-01
4.336336040886181742e-01
3.075886449250717636e-01
1.143039446908718088e-01
1.877165413186985543e-01
3.461229557879358931e-01
3.545580295332307896e-01
2.602903042208153384e-01
1.790700123408760502e-01
3.364997524928061146e-01
3.502346906487953104e-01
2.250486444924132134e-01
3.085309536552157672e-01
4.351362684546975501e-01
2.065598962772700886e-01
4.332240495495507382e-01
4.161966078468741226e-01
3.322592448713884150e-01
2.034698378892210724e-01
3.436383234460032021e-01
8.934449534610978960e-02
3.804057478486662647e-01
3.307924926729354231e-01
2.035645042644231018e-01
4.227498114967676024e-01
1.188335188057332292e-02
2.692668896680218138e-01
4.209143218034552270e-01
4.568517568551753727e-01
1.245741464004326005e-01
2.894709131226759768e-01
3.860547121780378843e-01
2.699563248163898144e-01
3.153804609442188989e-01
2.293372302939793994e-01
3.083898087903512719e-01
2.930359773378955479e-01
2.717080014996131054e-01
3.940589083739548526e-01
4.544652987224713780e-01
4.172803670734673842e-01
3.706517303972198807e-01
2.707891864237575996e-01
4.007806509555292274e-01
3.768221919371274042e-01
2.315136627665997093e-01
3.321185613168632367e-01
4.857036893261825611e-02
3.826444333798264541e-01
3.190563195652423856e-01
3.369502513534216037e-01
3.319232604936070974e-01
4.936845854834076008e-01
4.270379926663470105e-01
4.801938260100973022e-01
4.290394106847625344e-01
3.978648627345049982e-01
4.447412086236943729e-01
5.396910728461317142e-01
3.580589901479238613e-01
8.210846418155404169e-02
1.537804798887341950e-01
3.472408987828485283e-01
1.369067734457207197e-01
3.021429737097937607e-01
3.594955692768672662e-01
3.667935488849370929e-01
4.277049603663959365e-01
4.733738958588040724e-01
3.804402108387817116e-01
4.226461495284561387e-01
2.850310279858397355e-01
1.037753129293602222e-01
1.997229787191903139e-01
2.842842687002464785e-01
4.496331707564314439e-01
2.699296366149712689e-01
4.584917930339157954e-01
4.415770489118921449e-01
4.246126080402806147e-01
3.086005975543300583e-01
6.049344102391689126e-02
1.364606514163217432e-01
3.305609715609357790e-01
6.582921700578713009e-02
2.275347210950305343e-01
4.210360352046678689e-01
2.657776261416917585e-01
1.807466254753573587e-01
4.081152785539955974e-01
3.264394800984281586e-01
4.182805943581707764e-01
1.354413237135270454e-01
2.690403616450324220e-01
4.301453269149942971e-01
3.082413303441557395e-01
3.853451135190385513e-01
2.906729777052091124e-01
3.936838278826755300e-01
4.055503314098088397e-01
4.458429124822521628e-01
1.592624435062086341e-01
2.393721537723439152e-01
3.241625858683124251e-01
2.717100829975878651e-01
3.961462803172723923e-01
4.409746936831494546e-01
4.174052059165420103e-01
2.996613845721720626e-01
5.079123644450060926e-01
4.110932794408977409e-01
1.159213989235524100e-01
4.047237976334599474e-01
2.937282145482499884e-01
3.549788272151883639e-01
4.030725724176651981e-01
3.917306028118485717e-01
1.165731095040172111e-01
2.165531995312475200e-01
5.207914271759480629e-01
2.186262569956487212e-01
3.362684474722120176e-01
4.128164544643743716e-01
4.892117158274639221e-01
2.790333991569939887e-01
3.149942724916545700e-01
-1.420148026047811374e-02
4.148667433300298746e-01
2.341471521296097369e-01
1.478889567531276594e-01
3.456414891990934879e-01
3.026815524936762869e-01
2.158036489560817561e-01
3.167538417806918249e-01
4.153739506042888885e-01
4.042387188162021028e-01
1.150821092607437202e-01
2.614509447904140860e-01
4.127517228896925849e-01
3.762333326913117060e-01
4.068960641226918584e-01
3.524784429383763795e-01
4.416483452795776921e-01
4.123342815952121265e-01
4.168754051406439731e-01
3.038543311722890494e-01
4.072029666137266246e-01
2.101160639360878934e-01
3.719610217508891870e-01
3.125356983334940386e-01
4.072793698627956704e-01
1.890465357061456020e-01
2.126099188075608049e-01
4.457195073608420377e-01
4.269638708246982217e-01
3.328104532187114994e-01
3.165119778651663829e-01
5.277079673425657536e-01
5.027903938401084849e-01
4.339372053768089654e-01
4.046082850763716432e-01
3.350207233316738753e-01
3.932424766218639012e-01
4.155798177495811374e-01
4.200519458983226206e-01
3.884822808708107145e-01
2.945226911977737450e-01
2.096174661025425046e-01
4.362110582282707760e-01
4.197989650177035847e-01
1.459486969799210221e-01
6.719967224241869819e-02
1.049880260299882878e-01
1.864500919948283708e-01
4.007227192064485299e-01
1.879352863997727219e-01
4.527096977894483065e-01
2.268251095319553379e-01
3.363153995746527847e-01
2.678482246120336696e-01
3.241720957987997420e-01
1.547291368018237911e-01
3.861341265164509040e-01
1.488755653002143964e-01
3.567434368528578648e-01
4.361077120156421905e-01
2.486547762039271470e-01
4.167249986346491242e-01
4.602829053198613796e-01
1.378393106785147648e-01
3.956581287947455450e-01
2.220362635790602834e-01
2.530819382331458978e-01
1.948719757829569244e-01
3.457848644359656776e-01
3.025766138931899052e-01
1.673787617651439907e-01
1.913067469992777991e-01
4.195558302374197135e-01
4.231355910851402058e-01
4.105368992561436725e-01
2.318585318962503583e-01
2.793325036029508102e-01
2.256317312181406187e-01
2.294300363972726353e-01
2.414786958614038859e-01
3.439301280230458446e-01
2.991846536961900171e-01
5.202808246982537632e-01
1.221606163463947875e-01
3.821200369014400300e-01
4.171849936295936034e-01
1.517641554895330924e-01
2.061124961997746474e-01
3.973718694450408817e-01
3.709167302419851819e-01
2.827192005136990316e-01
3.787055256285811189e-01
1.646620863652006606e-01
3.859006051482145594e-01
3.490368483338271433e-01
8.692842986937039662e-02
3.257570396230576315e-01
3.317404773708057530e-01
7.852808684264611649e-02
4.190598656911287967e-01
3.149919485962159871e-01
1.903791028592790868e-01
3.733044721435234137e-01
2.906633119714906455e-01
3.637103368767435896e-01
3.351650081606722398e-01
5.145839608749162020e-01
4.105460731827518250e-01
3.715903712164088102e-01
2.435155685543893556e-01
1.703671225088683461e-01
4.381966444808038097e-01
2.136785464077451124e-01
4.153622842409038785e-01
4.592931655220038878e-01
3.243732703416330465e-01
3.704815848043625515e-01
2.402220030976897347e-01
1.858213401096481809e-01
2.575751313106803830e-01
1.048181170516186006e-01
3.843658644029268046e-01
3.369408403610980041e-01
4.775555110206178289e-01
3.665379053665148157e-01
4.150931352585855993e-01
4.771794563753407603e-01
3.829889200913797476e-01
6.126812481267998600e-02
2.602052312584178240e-01
2.515142734228938970e-01
4.060248461456096858e-01
3.079514595735828864e-01
-2.262369349671734114e-02
4.006529863272998426e-01
2.888253513343638779e-01
1.186555686950138515e-02
4.608601718509565681e-01
4.277198019622893699e-01
4.254277385138266476e-01
3.889373774412114848e-01
2.990904489217727780e-01
5.639531104149957397e-01
4.086388507689761029e-01
2.213723571739238116e-01
3.567877643243554386e-01
3.060430378276108310e-01
4.825176052705037466e-01
3.619445125962540422e-01
4.182350424724386451e-01
1.806388742842374717e-01
4.701054248049301720e-01
4.129202846420864104e-01
1.577355786453761288e-01
3.024261643182858950e-01
4.060671628218504581e-01
2.767999558962835338e-01
2.427114253827951929e-01
1.615771641260995428e-01
4.271495538377331203e-01
4.481081296439938799e-01
3.248620022156364362e-01
3.053787562914455633e-01
3.534377331004293077e-01
4.296889710769065673e-01
7.282511360844522164e-02
3.997699167656278418e-01
2.481436552811267238e-01
2.526728353782261571e-01
3.418863707566298094e-01
4.079932210994159925e-01
2.601274225853683619e-01
4.545582578593910794e-01
4.113881073682310596e-01
4.571743000819790681e-01
3.827584938756954935e-01
2.753191563457323965e-01
3.625699540673206767e-01
3.959629965702671228e-01
4.017934988413567887e-01
1.577816158498748789e-01
1.985998680360671897e-01
3.030971056438590550e-01
2.168141986145862843e-01
2.927812667405919611e-01
3.154131151438793745e-01
3.285610538176821360e-01
4.030233035771912942e-01
3.936641870493553519e-01
3.193887075646307250e-01
3.076963734614475698e-01
5.815461375971419100e-01
3.075438009793477478e-01
2.924685481211610760e-01
4.923256118609300458e-01
3.868447006986908132e-01
3.113139927101796767e-01
6.435935908982928777e-02
4.187680722547433287e-01
3.346139223813238694e-01
3.731924577112857855e-01
4.706340019756917181e-01
3.798809505970681677e-01
3.233120447849185952e-01
1.436561787146490576e-01
8.824180513484583543e-02
4.247837916851320283e-01
2.718001752409502925e-01
3.517591637744334476e-01
4.201350415081808176e-01
3.900568021020319187e-01
2.806614047122784616e-01
4.907409086914633622e-01
4.208723224803472274e-01
3.320878233932157975e-01
3.859650268591066080e-01
4.175317978052937029e-01
3.523903494264120639e-01
4.192479301077989828e-01
3.023504456906054849e-01
5.477516092331156106e-01
4.696312786858818922e-01
2.968075984025912439e-01
2.694214902061358163e-01
4.182490115702374722e-01
4.367837957606727772e-01
4.412989766781244549e-01
4.351121190783414083e-01
2.898785090636809558e-01
4.237311643921684579e-01
3.087293540706899653e-01
3.588381334981744497e-01
2.377956209990061964e-01
3.948431113044748031e-01
4.149166146788179632e-01
4.197058764251030971e-01
4.028854241073974718e-01
3.839369961550863075e-01
3.030836331247741544e-01
4.220276921083824240e-01
1.503181609026675303e-01
1.650263170596967532e-01
4.448271913441869119e-01
3.775969960532860603e-01
2.047513801946974632e-01
4.823466514094856827e-01
3.911471698751595172e-01
3.923751516094586833e-01
4.332133442286266178e-01
4.777656764264492373e-01
4.245720229375006260e-01
4.292610544113041326e-01
5.583682124780154910e-01
8.896027138350105778e-02
4.181598142826258302e-01
4.408149764922375535e-01
3.349926089601722445e-01
4.634714631330448253e-01
4.326080343606853451e-01
2.989799553033387070e-01
2.184878412961522576e-01
3.650314013117501033e-01
1.553126690293603063e-01
1.367935104300389559e-01
4.451495867757550573e-01
4.343950082140669577e-01
3.128492657174780089e-01
2.024829500995921905e-01
3.966770269494841461e-01
1.605508399661425278e-01
5.187261735655336325e-01
3.320930349801795578e-01
3.102439971949685904e-01
4.572035565679258284e-01
4.499154011523067709e-01
1.224562321484698457e-01
1.252808976775842409e-01
1.476109458655856244e-01
4.075785870015822820e-01
5.286405587641800352e-01
2.396391767770432446e-01
1.401285144841831198e-01
3.489710161576516922e-01
1.575802166682416794e-01
2.035042328736118844e-01
1.925232524874770368e-01
2.979946626400531984e-01
4.404869255900925040e-01
3.375810476632910562e-01
4.378040297984555629e-01
5.856442092900124990e-02
1.369387135074748851e-01
1.642146177166493304e-01
1.442680370484112629e-01
2.278521550546488972e-01
4.300382778134815287e-01
3.899126644043937606e-01
2.927515270364213773e-01
4.287444439245100547e-01
2.063824980958665900e-01
4.107717242264884439e-01
4.210664022709836862e-01
3.388170119999977525e-01
4.106828390432455955e-01
2.596907675783297620e-01
2.268962182096498359e-01
2.989592243453066955e-01
2.217824521074740485e-01
3.874663526866406471e-01
2.431722841209789376e-01
1.481726157256340326e-01
2.115660371845941301e-01
3.134623570336150800e-01
2.260258858421991257e-01
2.206127645981616758e-01
3.956339420339123891e-01
2.770595454064213037e-01
1.839675532665944468e-01
2.333678116706375261e-01
3.460864310293893520e-01
4.481043196637276571e-01
2.829402484536636675e-01
4.011551363655990743e-01
3.969499734644070243e-01
4.330656899006142257e-01
3.943904047058496842e-01
4.317332364361234909e-01
2.537818319068004813e-01
2.957980595408883917e-01
2.256021598893394597e-01
2.863669485390115121e-01
3.224648864780444990e-01
1.336098516274766279e-01
4.311978769494714814e-01
3.320489835355782127e-01
2.019621852472272550e-01
4.379710299502079240e-01
3.416417240911463760e-02
1.952704686660405031e-01
3.946726576734847503e-01
3.995695977920693531e-01
3.928286375146851639e-01
4.026159194124025453e-01
5.102051302735214344e-01
2.102076182299180418e-01
3.470201165174748859e-01
2.135290629632836668e-01
3.751130543076196533e-01
3.077359722530136343e-01
2.263343287106122925e-01
4.330435163000936338e-01
4.034844140900772369e-01
4.060156483194912180e-01
4.079518960246453219e-01
1.452299248896267089e-02
3.381937949260612197e-01
5.399822032448550746e-02
3.931304976239696769e-01
4.225610272733186235e-01
1.586723153872604541e-01
1.043231248907201952e-01
4.539055987463653241e-01
4.375616961496731072e-01
2.529227321432197528e-01
2.256321313119174776e-01
4.949519356860408448e-01
1.558096952782023203e-01
5.510205414313600336e-01
3.933999038164690543e-01
4.030473269002274872e-01
1.744700504416760722e-01
3.709255089138449590e-01
4.335960488296589643e-01
2.355166398769290292e-01
1.681603624134599684e-01
1.058673588866287096e-01
3.082642018617235899e-02
5.460789737151899859e-02
3.746568906614271555e-01
5.667718138876277623e-01
1.750322058435117567e-01
2.554095860815586705e-01
4.729821589855526809e-01
1.129220104696547350e-01
2.086927754036549398e-01
4.489523925417925887e-01
7.058248397346494896e-02
4.124359226441686177e-01
1.800833041933010970e-01
3.867185925260693824e-01
2.216775693554960680e-01
4.194715338431380114e-01
4.232656133004789600e-01
3.605796252557133541e-01
5.087804929124761788e-01
4.033310831304632305e-01
2.662440492543154957e-01
3.326599801177270166e-01
2.066582387788838127e-01
3.727435529604546383e-01
4.541569814302178210e-01
4.280287247917882176e-01
4.327599370756060049e-01
7.587020296733060221e-02
3.156649767307662668e-01
2.568318893193367036e-01
3.581992575148830182e-01
3.350086610911574003e-01
1.946849217844720537e-01
1.600108192710714694e-01
3.626366986985844476e-01
3.865316966958713962e-01
3.370414412004658633e-01
3.959175867331001242e-01
1.121117304089843253e-01
3.219233937795629719e-01
4.619075021659977409e-01
2.319887714218282493e-01
4.382128012966232111e-01
1.723146747653765964e-01
4.482020839299672987e-01
3.839842631626197433e-01
1.112728673897774023e-01
2.722791189688563152e-01
2.020251665406501418e-01
4.022720954143534366e-01
1.921846571711803564e-01
3.721546463746259331e-03
2.526168674552257687e-01
3.162425510510409321e-01
2.637644669079527437e-01
2.747879349389606429e-01
3.199208260121365610e-01
3.826218982240079530e-02
4.498421296519149459e-01
4.463646452647840879e-01
4.945892429623752751e-01
2.621440752138466390e-01
-2.130248680049819446e-02
3.011446310840428797e-01
4.345136901947549424e-01
2.437013083287612181e-01
4.389266481350697080e-01
4.130825319446976285e-01
3.151115942333738151e-01
1.608937742053395681e-01
2.917197921476608613e-01
1.800813074224096866e-01
1.325997981327639852e-01
1.430290358971932629e-01
4.629442074060399759e-01
4.266386010620950020e-01
-1.079383477415713916e-01
3.560725184517281039e-01
3.746946104784729115e-01
4.009617305743466975e-01
1.957202473464473291e-01
5.662722488967077972e-01
3.471957741008629417e-01
1.856580375020652762e-02
1.374615213271154213e-01
5.158619692633281684e-01
3.060546609146256314e-01
3.829421372978830118e-01
2.348202728747623980e-01
4.346895559860295966e-01
4.196901254030522832e-01
2.118333420614041396e-01
1.868473748822188363e-01
1.577031766353399478e-01
4.056139040657023020e-01
5.644159779645902680e-02
4.423182142805952011e-01
2.500810358064720074e-01
1.354483694789889725e-01
1.207839940143614621e-01
1.898947586615173933e-01
4.189950455720807820e-01
2.803511731771299309e-01
4.642670702791962256e-01
4.460741759276564689e-01
4.062804841040764670e-01
4.422063962724577801e-01
4.237672392092399209e-01
4.128336195615304183e-01
-7.609534233697032475e-03
8.535941664542819052e-02
3.218616286486122302e-01
2.647310496777839361e-01
6.301809234897946810e-02
3.139777595993263337e-01
1.833040899982113781e-01
4.336719483633547645e-01
3.554132483648740348e-01
3.209943535098378486e-01
1.664486485899723256e-01
3.949736221320240270e-01
3.423523813330016097e-01
2.829436935514758611e-01
4.246250213463467760e-01
2.539337872338374713e-01
4.247412028407701046e-01
3.929058097387964077e-01
2.483575892009516062e-01
-6.594595415604506509e-03
5.910939329997173530e-01
3.617676016163260400e-01
1.576391095168350187e-01
3.952000099113592846e-01
4.161590588117456968e-01
3.291994980745766575e-01
4.042410793077658160e-01
5.630233127880459598e-01
3.929362307034869883e-01
2.874451323127459879e-01
1.775373241320037099e-01
3.464564854868473209e-01
2.898396772555312251e-01
4.507790757634675960e-01
2.999449128649775975e-01
3.440830653046152987e-01
3.476565267019853800e-01
1.155777119120193625e-01
3.720979715878215965e-01
4.209183138515186773e-01
3.709327033303191357e-01
3.768332072878100569e-01
1.794595206677767896e-01
4.311102804311431336e-01
4.090038285721221412e-01
2.951786710979644179e-01
5.070670043065823585e-01
2.608380595038227723e-01
3.419860831856422756e-01
3.419307577072038251e-01
6.314822284159938848e-01
1.396415203945050240e-02
4.301227646984781550e-01
4.695812992498987204e-01
2.539536862731517353e-01
2.924197524577972773e-01
3.265954226604327881e-01
1.473245837848161932e-01
4.295786509373831219e-01
3.449111829836660204e-01
2.703369818600713792e-01
4.149794365747474512e-01
4.663556615746991540e-01
3.171976514961640792e-01
4.075759241978101910e-01
4.439823156065148546e-01
3.740513730835057782e-01
3.100271688048295005e-01
5.178970666915606591e-01
3.894951513283979594e-01
3.160137403758651042e-01
4.240694612965240640e-01
2.145028067691097939e-01
4.149646519061597760e-01
4.042410793077658160e-01
4.619780948673723464e-01
3.821853576446920253e-01
2.075534933565079398e-01
4.339797818564937182e-01
2.766389332776061361e-01
4.033281129109415608e-01
2.727837934344226611e-01
2.962572408114471645e-01
2.387704737255131604e-01
4.024160637408092378e-01
1.131905156329818113e-01
4.441345150736882852e-01
1.396328539097887733e-01
1.552634228436305386e-01
3.484376108293962271e-01
4.125336489035481558e-01
4.117187656405617568e-01
1.346336135140887014e-01
3.717214215256123278e-01
2.853476630804684389e-01
2.337566383687749161e-01
2.966638591131091074e-01
3.390203521040139334e-01
4.265886997974268069e-01
1.809488949145060810e-01
5.048088744491866509e-01
4.878992992393936245e-01
2.372169310363134165e-01
4.247186220772381504e-01
3.569120913818228935e-01
3.143804556428143049e-01
4.441535506187164750e-01
3.607355782322615445e-01
3.171897537453165494e-01
3.712509748515951946e-01
2.595847638729314455e-01
3.023964539905967253e-01
1.942028466709456447e-01
3.366072790036339080e-01
4.131888979185411315e-01
2.328550698340881020e-01
3.911353550526637246e-01
4.227191383009605286e-01
4.439414676921059622e-01
4.506419490037714692e-01
4.177057648302660020e-01
3.703640172213264470e-01
1.639194883069517716e-01
5.575932367086031682e-01
2.268721174621584069e-01
4.529266149314147283e-01
3.397924454514111292e-01
8.917162382427638867e-02
4.242813204971632168e-01
-1.307361896879290393e-02
3.332315740419645178e-01
2.197143200168039934e-01
4.229089390834411821e-01
4.258251489482564045e-01
3.544682496950556372e-01
1.187816643292094604e-01
4.316969461915217132e-01
1.299549269028616449e-01
5.640593177226459476e-01
2.966685073604005685e-01
3.636058717853049016e-01
3.765999195206899963e-01
2.704947168646020805e-01
3.751328699890932872e-01
2.120688761335387806e-01
3.967665508637364669e-01
1.351778240531594649e-02
4.228315031763647536e-01
3.819090647211673684e-01
4.180647946427872852e-01
2.680228485675340555e-01
3.480176848986735183e-01
3.266745287739981629e-01
4.359245515627251932e-01
-8.382835634692800686e-02
4.209849405411886791e-01
2.581816623201584338e-01
1.050644306897923208e-01
3.728109728566147973e-01
3.529715758076193421e-01
1.813756931992048793e-01
4.040987012115732080e-01
4.250588969565161634e-01
4.314179484533670617e-01
4.318899256088716276e-01
4.335811542897115012e-01
3.479866709066375963e-01
4.074553186384810566e-01
1.632865700442072687e-01
4.283075597145289404e-01
2.502914171377401131e-01
2.584799404851508831e-01
3.011491271794172198e-01
4.181497385644260545e-01
3.774258153128890458e-01
3.005980857967285869e-01
4.699716138533343024e-01
3.223461239194936878e-01
1.469435920650060956e-01
3.700483107481866152e-01
3.940872224889331865e-01
4.234891846096595081e-01
3.863784095520262363e-01
4.061808047236055708e-01
3.650393357002149619e-01
1.090186500606335346e-01
3.598392350651372640e-01
3.546287561506981656e-01
4.403832186442304120e-01
3.914956878034181464e-01
5.560028086935921987e-01
3.511053979813059667e-01
4.095591940235016604e-01
3.053524624319469138e-01
3.364040034199970997e-01
3.771017395299876562e-01
4.227010173271231741e-01
4.252301910951105102e-01
1.338458716303879692e-01
4.802012946070645660e-01
2.748342886408154939e-01
2.265315754975543994e-01
4.059846132286688558e-01
4.216716833433344358e-01
4.210544888630078919e-01
4.252236508862384246e-01
3.719817868984984233e-01
1.891039940291629751e-01
1.745806689101561393e-01
1.136945789028034615e-01
1.328359287798274724e-01
2.934591375134157909e-01
4.641412806837276750e-01
1.928965201843035604e-01
4.325578521108023322e-01
3.820731666216282685e-01
4.249179027913415618e-01
1.994411604498313728e-01
4.235835698959162232e-01
5.115591459508865846e-01
3.178152288873078435e-01
4.808019337804313453e-01
1.299725516039900997e-01
4.828800932923740796e-01
3.858181284775838993e-01
5.336484981252133108e-01
4.325484568647707251e-01
4.053492448486037403e-02
3.225281444985446666e-01
3.277250807305794877e-01
2.853944095008605908e-01
