1.027013007197157268e-01
4.194166521030899264e-01
2.803187106714583599e-01
3.380421401685598792e-01
-2.203291178477030481e-03
4.643023535079735531e-01
2.158319676611352989e-01
3.227559645888093964e-01
1.666843219099481688e-01
2.058169022640918278e-01
2.421323577580491160e-01
1.821408225778365086e-01
1.715515668869907473e-01
3.870816902344055288e-01
4.150889910171128849e-01
3.717660246505763433e-01
3.742722566106066462e-01
4.333108504133488248e-01
4.042224140391784126e-01
3.434231273592234790e-01
4.150463048320371384e-01
1.575545918031298342e-01
3.536700798243315180e-01
1.918303404582674954e-01
3.207138764915772322e-01
1.333565411068454720e-01
1.443540156196832513e-01
4.323184016723868872e-01
3.625464438368961040e-01
4.108886591363769547e-01
4.329156912629982257e-01
4.204306213572598927e-01
4.316998425964100328e-01
1.706674247518098486e-01
3.033541890247922757e-01
2.056248608817748957e-01
3.978246638826647974e-01
2.974853853611602594e-01
1.987757612121973660e-01
1.482956945523410952e-01
2.775362882736506775e-01
3.670357876825380838e-01
4.367946897466547518e-01
1.508531198235688320e-01
2.401211284097664600e-01
1.833753748518099080e-01
3.596715622832435399e-01
2.740484474320585284e-01
4.250104416122208462e-01
4.246392382355960726e-01
4.229358726697622917e-01
2.682438403426122275e-01
4.292611990531320365e-01
1.219268709409955381e-01
4.307970565196352908e-01
2.840191086955684563e-01
4.319375763363203502e-01
1.477897132145618297e-02
3.883087493480260055e-01
4.021243929138906270e-01
3.668104060061987415e-01
4.787835091858304026e-01
2.871606170033590422e-01
2.005403002301332782e-01
6.316391811550102486e-02
5.536075583625694740e-01
1.229515757276016669e-01
3.283533547915226114e-01
2.686617044426654610e-01
3.139470723998999402e-01
3.908702485729305676e-01
4.310197309955427492e-01
3.957080140019302861e-01
4.390936314409867314e-01
5.229283286941648068e-02
4.097728397125353639e-01
4.261264192873336909e-01
4.057165640802384288e-01
4.261219821108910288e-01
3.843726988330271599e-01
1.232519949215105659e-01
4.490422851557819284e-01
2.380342366142495225e-01
3.288899117432216856e-01
4.193655636634415762e-01
3.941409779645585476e-01
2.175847868477931157e-01
3.824935203369884129e-01
3.284057245104728961e-01
4.570283805430733204e-01
2.912561537636547127e-01
9.693366451300812481e-02
4.516600656528217961e-01
2.051003647183650969e-01
3.090189521959813557e-01
2.966633612273907317e-01
1.850548222773481244e-01
3.575258270719094411e-01
2.966449448083050000e-01
4.048795791227233209e-01
4.041131061434972693e-01
5.582495766781520041e-01
4.019557603343021923e-01
2.690858290785669849e-01
4.828800932923740796e-01
2.550136640347739347e-01
4.090810441555879917e-01
1.996092431902737607e-01
3.155961427387547480e-01
4.160990253994784061e-01
4.150708683835873103e-01
4.302239916552250132e-01
2.424591594958591390e-01
3.631639777234625943e-01
4.386794174932246437e-01
3.690383668603209877e-01
4.193000590889736645e-01
4.444998187151231184e-01
3.238559732418244130e-01
4.504657214834504320e-01
2.882896246416943309e-01
1.912154164314190385e-01
3.334792506835251857e-01
1.396013961793625135e-01
3.655595200143884060e-01
4.070481786138287483e-01
1.417240340906999463e-01
2.399719622976916877e-01
1.413564613650298285e-01
4.051374990695013056e-01
2.721390902443163173e-01
3.917066811447155184e-01
4.116311865697057648e-01
4.150986953800745449e-01
8.183893963772534419e-02
3.546939528530022034e-01
3.187741188777861168e-01
3.658329137323008684e-01
4.045782748430220566e-01
3.858459265747501421e-01
3.411741478401172367e-01
2.082150152046015612e-01
2.830669085556009601e-01
4.134767786814521062e-01
3.985163798160700210e-01
3.262957540034673309e-01
2.497230420543188889e-01
6.592938721311494832e-02
2.405350002128030518e-01
4.351751259880146105e-01
3.996143282981038380e-01
1.415263892067933904e-01
1.168637418640197378e-01
4.123907987090427718e-01
3.135209324097855688e-01
6.318598383628769299e-02
2.868539527605675210e-01
3.991650953439282445e-01
4.354473093782963433e-01
3.075476758534232413e-01
5.645689375611864236e-01
4.243734566776815043e-01
3.585068818873068941e-01
4.203758355679367842e-01
3.189368634229864941e-01
8.607616578065621638e-02
4.956364392368469707e-01
1.845526357051620603e-01
2.087965342147737602e-01
4.452845853172531232e-01
2.958735460404258166e-01
4.000684348022460757e-01
2.894518057131481026e-01
4.154571705247943614e-01
3.354060673556205630e-01
2.118333000712923075e-01
4.037732459788119788e-01
1.994816408003524111e-01
4.807527776327872315e-01
2.787955373721379138e-01
