4.401136060280093076e-01
1.979171215401224482e-01
4.406092255251203293e-01
1.997200667962171772e-01
3.836800816474290055e-01
5.409537354668627618e-01
1.950311058591628066e-01
5.924797123788110714e-02
3.525186605861855837e-01
2.017575793819939289e-01
7.152127413866062045e-02
4.219068839841066398e-01
2.884104722665495890e-01
3.198485969826586617e-01
1.814553628806497565e-01
1.375550991958016389e-01
3.301750690311586189e-01
4.606215119220379295e-01
3.915412144618893864e-01
4.131151814142466905e-01
2.999177449929187889e-01
3.834113182936674802e-01
3.328515708324552569e-01
4.298209560395283013e-01
2.980698939832736594e-01
1.226331200379855574e-01
3.847805456359058018e-01
3.861618092860322760e-01
4.001551049241050539e-01
3.089212443591410340e-01
2.254386783855198417e-01
4.367726014956005431e-01
3.369642401392718978e-01
2.767954319803854757e-01
3.635090783536866210e-01
3.648730008344835407e-01
2.329726562545854085e-01
9.652302672137541562e-02
3.294726344993235689e-01
4.262898140983767403e-01
5.776185246465824763e-01
3.578919635033983582e-01
4.744883507907258213e-01
3.725465955608989188e-01
3.889890806086285790e-01
4.232780860233831821e-01
3.234049217672716470e-01
1.275863439182377823e-01
4.930146005531683140e-01
2.113852945395360561e-01
1.885472053951391669e-01
1.604140233191893861e-01
3.993619953182717119e-01
5.646210643017820496e-01
4.438631368189057680e-01
2.127752812619670975e-01
1.986248575465977273e-01
1.013758384480637625e-01
2.274515865084319188e-01
3.193576014391528162e-01
1.337093992857550095e-01
1.071445153570800279e-01
1.069027651146377406e-01
1.975744435308531832e-01
5.696289922524588878e-01
3.357692654543475985e-01
4.150863951817602704e-01
1.022357798602843842e-01
3.783064593232192685e-01
5.639293772884439448e-01
3.451918687077196735e-01
5.955193583182216699e-02
4.119678987000232606e-01
3.203816731325028200e-01
3.393139624010883537e-01
3.079147839493776018e-01
2.683797190167706570e-01
2.970546867261719126e-01
9.186574789940746277e-02
3.321135942849579581e-01
8.574812525156254306e-02
1.777631650440721078e-01
3.944411565607280901e-01
3.836007124732815354e-01
3.762851309381174403e-01
3.072594197105302793e-01
8.984073979881815331e-02
1.802438106489436531e-01
6.140169759901699387e-02
5.542607723093655459e-01
5.283673720508801352e-01
3.532897743026138793e-01
2.359155909169443344e-01
4.175542516441694274e-01
4.474006564232148597e-01
8.432727704169645788e-02
5.702093341028320328e-01
1.169148835381676049e-01
3.983971098285935541e-01
4.689401543898330527e-01
2.710239851502824759e-01
3.396915703485657856e-01
4.480403717938210018e-01
3.625705272406457014e-01
3.951012714496296985e-01
3.481738478672731230e-01
1.308537360917875203e-01
4.092428378654101029e-01
3.734746624649781799e-01
4.237638675526312348e-01
8.374343084264188053e-02
-2.683859773042600316e-02
4.137167372334145110e-01
2.216674497385430209e-01
3.180301159193958394e-01
4.425841878644362071e-01
2.739664307025244661e-01
2.054712296845628283e-01
4.212327050217481439e-01
2.236944133460254946e-01
4.722934692861464057e-01
2.573402431062146167e-01
2.904581910220198071e-01
3.960107430409797180e-01
3.828383854782008155e-01
3.254509357117535973e-01
3.446161794613195606e-01
2.693031190850505019e-01
3.930423572258132658e-01
4.388862065123358969e-01
4.680075924276846377e-01
2.010703224810505563e-01
2.145000724950139603e-01
2.469303303623708590e-01
3.604874538898049097e-01
1.459296352325651080e-01
3.281193959294728124e-01
1.508076935762346082e-01
3.312482899429544658e-01
3.293497303548011401e-01
4.082384680819065581e-01
4.074828256470804377e-01
1.412856373238641772e-01
5.747266524082591532e-01
1.743579514483238890e-01
2.504022700371805188e-01
3.365901319763333066e-01
3.919584609089734051e-01
2.278972326844735663e-01
2.319145860141208493e-01
4.439633263667878138e-01
3.930030843555203934e-01
3.170846277245384925e-01
3.558742839428370996e-01
3.483192463470637379e-01
2.363163749166242444e-01
2.917510007173938491e-01
3.815613627578735567e-01
5.261302782229564379e-01
4.076417875968701421e-01
4.462979056333310490e-01
1.286357750666214383e-01
4.356392515942423826e-01
2.684309901880915228e-01
3.877659991867684064e-01
2.411072611242419672e-01
2.468585055292115971e-01
2.362777704857599581e-01
4.385913002477188627e-01
4.022493064014426856e-01
4.880622553948414932e-01
3.271186998658331402e-01
3.858628844183403239e-01
1.909491863427643932e-01
4.059165252665100088e-01
2.281280263551286325e-01
2.199226846609221298e-01
4.457782770035180753e-01
3.816162676505722162e-01
4.004522082839810371e-01
2.553788813309293970e-01
4.496538211780927718e-01
2.089267005662541823e-02
2.233803688016797184e-01
4.187671887197220721e-01
5.771418405738081292e-01
2.907184351961739632e-01
4.124660505494126550e-01
1.565619373438136563e-01
1.975862571915672217e-01
4.904378551003835129e-01
3.059351904990511017e-01
4.086253499522071730e-01
2.265913024483927896e-01
3.997942435626541391e-01
3.094289451416907810e-01
3.129713261594963547e-01
1.855212851602506818e-01
3.354055754032875258e-01
4.325565392144399279e-01
2.566051177371017622e-01
4.070347894110922238e-01
4.179201828552105424e-01
3.430475513680276145e-01
2.200526191617387106e-01
4.308685398719442894e-01
3.120999224633029256e-01
3.153846788136100976e-01
1.261121477276952729e-01
3.462458511361107827e-01
2.532497078215412145e-01
3.461603217594542148e-01
2.604179173987100637e-01
2.322177904708594698e-01
3.283895639603550687e-01
1.153522100742532808e-01
2.943875601301717548e-01
3.844158197734308113e-01
2.824261733273328301e-01
1.356184306118690328e-02
-3.363560206122759300e-03
1.303649746753339500e-01
4.258017859321765464e-01
4.611625648861268911e-01
4.439905821815758880e-01
4.035121106765630072e-01
4.495098131850886469e-01
2.973525821100102551e-01
4.171398745490557669e-01
3.939849527500808302e-01
9.009525979130333928e-02
4.268462196763605498e-01
9.757535117829158056e-02
3.426200434006481110e-01
4.513653382196098907e-01
2.459099313671390952e-01
3.902977143938270999e-01
1.775512355556370658e-01
3.807473908296860055e-01
4.284860188516238511e-01
1.828684371939013897e-01
2.010462454774736563e-01
2.265430939256676546e-01
4.466159506149455088e-02
3.040068902938986573e-01
1.424203479413514717e-01
4.346000070104851787e-01
2.031409302819521256e-01
3.010741451213666542e-01
3.697601494564751734e-01
3.746523363939809337e-01
1.320517842288404520e-01
5.087560651234219744e-01
3.784946673236661008e-01
4.201311908240610848e-01
2.423837032648855638e-01
8.123195697003221527e-02
4.490276464152805902e-01
3.997444777285442674e-01
4.319130952712744720e-01
3.699455891592177692e-01
4.053145783418142800e-01
2.181079242452074463e-01
4.052907497002056769e-01
3.172896161064131526e-01
1.001001273119079132e-01
1.317750467785735458e-01
3.970751959444125401e-01
1.278965796440990343e-01
1.660104693667693310e-01
4.062710319307390461e-01
1.890245764621377098e-02
3.127816025525177457e-01
4.154148811296786148e-01
5.243135394796356596e-01
3.773154442209374348e-01
1.169672910980092129e-01
4.409380677666062121e-01
1.343085623324233868e-01
4.333343942524597314e-01
2.862219019961068645e-01
4.869039519774409075e-01
3.306954453920046832e-01
3.884396784584976392e-01
4.140159116352296054e-01
2.385089253113079066e-01
1.757462503508247231e-01
4.208541111364865750e-01
2.776489064174765264e-01
9.409065162858384901e-02
2.385089253113079066e-01
2.740019139237316881e-01
3.311077434371836326e-01
3.069824839690138973e-01
3.385685089996748331e-01
4.088911602227278119e-01
4.922817545998498523e-01
7.593821333906543292e-02
2.884844767682415712e-01
4.799566374777655686e-01
1.425418151952422552e-01
4.168437986191692035e-01
2.967474918810580897e-01
-1.038229801888595344e-02
1.826065611313098802e-01
8.149164030960591443e-02
3.156071162652944184e-01
4.469521716564865410e-01
3.119924730035004701e-01
3.842338478232445453e-01
2.248616031905431856e-01
1.610484551553476029e-01
4.444314021761899269e-01
2.153613228203453134e-01
4.886156395934143637e-01
4.338764927786319392e-01
4.380184579474982187e-01
5.819876773985347418e-01
1.799565707331446940e-01
5.693958982954301362e-01
1.346133488947326776e-02
2.780137927718019375e-01
4.383432790963769365e-01
2.192028451032534409e-01
4.404753589739692776e-01
4.337313005565942570e-01
8.950352014103105103e-02
3.964398652211170715e-01
3.975758784034076898e-01
4.073689092121484667e-01
3.391163790916145726e-01
1.641211049907255470e-01
8.542490153184462143e-02
3.958982299554179018e-01
4.083243612803727496e-02
2.418776239147374107e-01
4.193737060108397308e-01
2.502985694240663084e-01
2.219187047093873211e-01
1.239529865100384987e-01
2.658783368524194057e-01
3.985857838279989740e-01
4.161528475115856551e-01
4.355243578311588926e-01
3.447218087410566234e-01
1.155427878397717462e-01
3.250977787863720825e-02
3.834509757137197217e-01
4.540034540465035517e-01
1.413985204628461778e-01
2.564236193789476426e-01
3.370689968379299573e-01
4.284107986283144376e-01
3.519159484622383927e-01
5.228242658929965758e-01
1.468947975374914061e-01
3.903156385286421504e-01
4.075728314518060058e-01
3.731838141380466878e-01
8.649241243155959824e-02
3.944629532045628717e-01
2.516777927287058847e-02
4.423042883346899878e-01
3.555949973359486260e-01
4.210544888630078919e-01
1.117873772091978191e-01
4.179750384551692011e-01
3.334720490266611659e-01
4.815748240686171244e-01
1.838418533772739061e-01
4.632659075942148763e-01
3.087105039543275864e-01
2.430717358107431503e-01
3.875125452950081151e-01
1.151900845927570499e-01
1.679721490138399165e-01
2.727736667223025213e-01
2.328799115182639268e-01
2.117495904597789802e-01
2.469808230310018282e-01
2.804689649010594366e-01
3.417898571484445647e-01
3.769554119567343209e-01
5.051539165831809425e-02
3.860596749777382430e-01
3.919268015264290028e-01
3.655957996992239001e-01
1.822153455661268406e-01
1.898748952225153552e-01
9.113220228377591492e-02
3.025961588795156865e-01
3.980606178144255880e-01
3.220546122151826673e-01
3.816459732481499167e-01
4.028459276356098351e-01
4.619987821133659245e-01
4.289088814346740941e-01
8.708954808608898590e-02
4.848257924654981732e-01
1.398935189808742652e-01
3.204897513651854268e-01
1.965086850336860702e-01
4.229725121127644871e-01
3.864587651826104087e-01
4.217823871197887153e-01
1.684038803898199876e-01
5.492068197937529650e-01
4.081501305957746517e-01
2.445771842467513169e-01
3.933169172896187615e-01
4.859617942374322985e-01
2.986609427312746923e-01
1.315148743859346769e-01
4.127500035356863051e-01
4.480403717938210018e-01
-4.747401751150190363e-02
4.160713403893179785e-01
2.572622648389621958e-01
2.542902679312294412e-01
1.815091630018881297e-01
3.649727058571373139e-01
2.470940818144786444e-01
4.178899016777598563e-01
4.030376883439035218e-01
2.895431620061741929e-01
3.270184593447767463e-01
4.050218913500399642e-01
3.981478295755335184e-01
2.358358349317122571e-01
2.805412236182103225e-01
1.025146506893423737e-01
4.474770041557130651e-01
3.136577767735318489e-01
1.426392735550112423e-01
4.516748744698729778e-01
4.167326611246921497e-01
1.083129097203197194e-01
3.545727921279651640e-01
3.454065814103067789e-01
2.276990550406500224e-01
1.342361231656713505e-01
4.038192929495385552e-01
3.292495895810064743e-01
1.063628426212437500e-01
4.348337144297703682e-01
2.168496515205509678e-01
4.058949051720090462e-01
3.846437757091759058e-01
2.925862599311030432e-01
3.875049932157235699e-01
5.269213417859045512e-01
4.324824968718566365e-01
4.341558453166347586e-01
1.590702428975536153e-01
4.679530710889324707e-01
4.096393097046621135e-01
4.305715385828934871e-01
4.167564394362556213e-01
3.451219967466985783e-01
5.853230469575160244e-01
1.838531235730819779e-01
4.005464890306263404e-01
1.977823355787521054e-01
1.893157579714783642e-02
4.015306927932200676e-01
4.438016518225795792e-01
3.244897671768172120e-01
2.362485076100135639e-01
3.971394738848129657e-01
3.878160224385204247e-01
3.755040851495043408e-01
3.603342406020853539e-01
1.923150826907553401e-01
3.631960858027158956e-01
8.218116624291930961e-02
2.482055529459612636e-02
4.004621893999525950e-01
1.869383575794277552e-01
3.185883770288039929e-01
3.843181165007330535e-01
4.397943547097955541e-01
4.119181514544213996e-01
3.214644683291964511e-01
1.090608067221842947e-01
4.071142165291045112e-01
3.341543928874314839e-01
3.816001421406217675e-01
1.068512713531946517e-01
4.062475220322521174e-01
1.938664647978368405e-01
2.051354363368950162e-01
2.951836471129321571e-01
3.616002123506716903e-01
3.602670691197587538e-01
2.390951318100247580e-01
3.806531293561701279e-01
4.436692540125143913e-01
2.545062412759328541e-01
4.044307527091759447e-01
1.596505795199088529e-01
4.645593264366560393e-01
2.581925643711878160e-01
3.081822779735923223e-01
3.978525825354337075e-01
3.932070206402895063e-01
3.490094563208749334e-01
4.173078944962318459e-01
1.433726419781797268e-01
4.148919144104510903e-01
9.550320579554892608e-02
3.422024207852301658e-01
1.906035698814431412e-01
4.263280568831789852e-01
4.659595850524338445e-01
3.467616803246776902e-01
2.162623710946419975e-01
4.144754927454254445e-01
2.222608868608697830e-01
1.210504694879186854e-01
4.914627817821174416e-01
3.954904009941875298e-01
1.510152921912571167e-01
4.015720463316436173e-01
3.316825032166911824e-01
1.884116124363069411e-01
1.700175130036707394e-01
2.957041286565188498e-01
3.907128714594173546e-01
4.175381151595306539e-01
9.689880749216438216e-02
1.930003377483851812e-01
4.373933522728497003e-01
1.734581315663268619e-01
3.957734677899388265e-01
2.788714257029382693e-01
4.538285648157746044e-01
4.724658779053770297e-01
3.233105152992441500e-01
1.646620863652006606e-01
2.596815259364424477e-01
4.068101156747609970e-01
4.034914580558147112e-01
2.497557462105945980e-01
3.691061421787124042e-01
3.748380700275064092e-01
4.077490711915816024e-01
3.592207273565106163e-01
2.480697896953383552e-01
1.624788376931177447e-01
3.201223245261093919e-01
3.489668068978931115e-01
5.129122218298001190e-01
3.066198904739574349e-01
1.755343256184337120e-01
4.169223406254564668e-01
1.537827931621681965e-01
2.174138650187575905e-01
3.390636796963464317e-01
1.289144466189900695e-01
3.333027030508396993e-01
4.244133054597849508e-01
3.928097471093913717e-01
2.691391977638538657e-01
1.981098733078943182e-03
3.857609825493807931e-01
3.030188506806485993e-01
3.274396779651578826e-01
3.335161715681564387e-01
3.988988027057739916e-01
2.393791233010649777e-01
1.522329132388900441e-01
2.709618553028464438e-01
4.480403717938210018e-01
4.890521046491367319e-01
5.023366384015159891e-01
1.278549688540021878e-01
3.053984573092096699e-01
3.938148378614554357e-01
3.094969652433477991e-01
3.522663195983578022e-01
3.560842794795796573e-01
3.735660301268685646e-01
3.865482501771741464e-01
4.093804919910364881e-01
3.939761504276639847e-01
4.149641247061983118e-01
3.569401848412530609e-01
3.198439794810913894e-01
2.336629963479526506e-01
3.986730109204767447e-01
3.822665116682919528e-01
4.282182127230402813e-01
3.319064029989155507e-01
4.584099938143020719e-02
2.532629418019374246e-01
3.077547375593082113e-01
4.231136004652452653e-01
4.925545543983345653e-01
2.021115560247915277e-01
2.280533624593088782e-01
3.817604713415629902e-01
3.950499311937868963e-01
4.320647407345217794e-01
2.333827199030127919e-01
4.026398649790458584e-01
1.825643984948815413e-01
3.185815305659640551e-01
1.579154206346917166e-01
4.315350703271330080e-01
2.550090911373275038e-01
3.884800891695384673e-01
2.817885225051355857e-01
2.910645568665878313e-01
5.726484928963163634e-01
1.416440394423025551e-01
4.202383676385820221e-01
4.212217985466123471e-01
4.095997047722496065e-01
2.260732339514344991e-01
3.767829690234498208e-01
1.661225385272258603e-01
5.432750017933429820e-01
4.893621115039931690e-01
4.178375051548448571e-01
3.065366022572819094e-01
3.822665116682919528e-01
3.107343370578990460e-01
3.874210014572136984e-01
1.086307632491188141e-01
4.136611891285481568e-01
2.582393314806308848e-01
1.432310777930877188e-01
4.273867232421581508e-01
3.779612803557114709e-01
4.611332831729192394e-01
5.641802524474200803e-02
4.403008989386126837e-01
1.417202982984968884e-01
3.950657349109385486e-01
4.711057981421964413e-01
1.886703137072446856e-01
1.464222521047420511e-01
4.926968554020096369e-01
1.522087477635582498e-01
2.775986157899530959e-01
3.777209931024980705e-01
4.182018928558460802e-01
3.915047601571075564e-01
3.380961810275738832e-01
4.273926474577492418e-01
2.235390584796177749e-01
2.033522181919750482e-01
2.103133198461286657e-01
4.239057091546083456e-01
3.160894633187348313e-01
3.163351612385134071e-01
2.400316817540004977e-01
4.551328664827944404e-01
1.878910424313384175e-01
4.703698194443878822e-01
4.071385287208745263e-01
1.845144211972977732e-01
4.173467263873659738e-01
1.611356857954089616e-01
3.805040183198114545e-01
3.822835460442549627e-01
1.981862894247335416e-02
1.178017168577890489e-01
4.282788136656927036e-01
4.454300677772674022e-01
4.186746673255690721e-01
4.096387637087315903e-01
4.234244199864361513e-01
3.642869777883662175e-01
1.992144504990810139e-01
2.069829510522156191e-01
4.302124866965189587e-01
2.216540864269426481e-01
1.251729061428647205e-01
1.979805250115485304e-01
5.114957498443269968e-01
3.987731363214092606e-01
3.596786591930350996e-01
4.625571053780976882e-01
3.615107805491152293e-01
3.358000604712696457e-01
4.518147471837207219e-01
3.344962851743671917e-01
3.070263790709854002e-01
3.906999237337460129e-01
3.986948203646569211e-01
3.488258967336883010e-01
3.187255173979434142e-01
2.200808456451792960e-01
3.701258834135719433e-01
4.238634983042373627e-01
4.188532779921980143e-01
3.067074142149575633e-01
4.220221952210144734e-01
2.228578844293396810e-01
1.963538035933416470e-01
2.822721021260288787e-01
3.775901681789541331e-01
3.080313445165892561e-01
2.753525350822830786e-01
3.931405979470471990e-01
1.961557607162011385e-01
1.331018290884337929e-01
3.604590056097805029e-01
4.275013572017976604e-01
3.529344978127524346e-01
2.177189572878563129e-01
3.889728575712494418e-01
5.601330005321680794e-01
1.169577756075664138e-01
3.595695138845607652e-01
4.154668965466872810e-01
1.034585193604396075e-01
2.342125781178406585e-01
2.300045866930083005e-01
4.351274269843849463e-01
3.548865444012162529e-01
3.961666748979953967e-01
3.743873489968772006e-01
3.636647122966676915e-01
3.884665986843286456e-01
2.042251502950456765e-01
3.570968023984547046e-01
3.131041768984754725e-01
8.904750019790537430e-02
4.430825783769909432e-01
4.237283657014237481e-01
2.476558048675343293e-01
1.692698740833235849e-01
4.685120730831597302e-01
1.387760669217356080e-01
4.734601489425068199e-01
3.943457186794593339e-01
1.047446349108596686e-01
4.201314498598992531e-01
3.538388882063940866e-01
4.292703749713660533e-01
-8.745599083897058479e-02
2.505627230508625791e-01
1.255410241590978748e-01
3.038868886951109349e-01
4.544199529700155837e-01
1.871535144145811957e-01
1.712944640254671358e-01
4.144689582209855616e-01
-9.561426325934162945e-03
2.729629372343984617e-01
4.823466514094856827e-01
3.957856328066479690e-01
3.952844563414556478e-01
4.421845082212945144e-01
7.600476293621785673e-02
4.455213995898923418e-01
5.587830777470782079e-02
4.147005539359704951e-01
1.401105803912387759e-01
4.173078944962318459e-01
2.224328973623898864e-01
1.421693585621137679e-01
3.100725016947016299e-01
3.929035325220888719e-01
5.620012234677921326e-01
1.253861517899868550e-01
2.098851495801669909e-01
1.804366235425138021e-01
4.059410854156993431e-01
2.018884149275424200e-01
4.281158214950105956e-01
3.747308637120274621e-01
2.329022894264038412e-01
3.793298781782099005e-01
4.549444473077683959e-01
3.934919361627434164e-01
1.090140427090970365e-01
4.408091594510129552e-01
2.017929317367854192e-01
1.583763352473165353e-01
3.968358078687817536e-01
4.030840658415381639e-01
4.724960421163008073e-01
1.041422726491881556e-01
3.376334852634894079e-01
2.290081341201966048e-01
4.938526215295593325e-01
7.882800959787729378e-02
3.507655920884252820e-01
4.661976744635286107e-01
3.921139987145146333e-01
3.750944027314599416e-01
4.356271287128677949e-01
4.028888283353873612e-01
1.828848503485655808e-01
2.279166518664326735e-01
2.550675118720485135e-01
3.450425203359462900e-01
4.086127451181210124e-01
1.203267122362185887e-01
3.332983133414799126e-01
3.035877503992943580e-02
4.009146193285522686e-01
3.194160407416357095e-01
4.040043610480898439e-01
9.677211909254301858e-02
1.946032901855882513e-01
3.981901475172865412e-01
1.242158404609262634e-01
1.850442589012585848e-01
3.978310286624925363e-01
3.701182569802553557e-01
3.393435481691770006e-01
2.920325635711095713e-01
4.261811182957093158e-01
4.198497192791298405e-01
4.905212463914769561e-02
1.644901014799308725e-01
4.638340255089472008e-01
2.699381628482535600e-01
7.752953022603255306e-02
2.965680487148205646e-01
2.905376749013690585e-01
3.271758260022542553e-01
3.412391917681210085e-01
2.103969373449460500e-01
4.052705544687833505e-01
2.556323364674558674e-01
2.602651516459176806e-01
4.212985636906966813e-01
2.393595537513536209e-01
3.974900248896426902e-01
1.535841573614128985e-01
4.320262801156413146e-01
4.186281348130551638e-01
2.727095575307013631e-01
4.620580983095239763e-02
2.703304638495291901e-01
4.147418216685133108e-01
4.945290589956408134e-01
3.853758392854698123e-01
4.500373794397584670e-01
3.688507083618960403e-01
3.516379486323690795e-01
3.733624497829832745e-01
4.089004255981566471e-01
4.027947703189005968e-01
1.922760675129904784e-01
2.679093662811065091e-01
4.141746050474661156e-01
3.536536019418269894e-01
3.642354257977993837e-01
1.621706332596627720e-01
3.307714222671712667e-01
3.452039410308420653e-01
1.723973581501744012e-01
3.816789760653199193e-01
3.996889438969965513e-01
1.253920678056808513e-01
1.963203836394714630e-01
3.413088603343514271e-01
4.353811693507031455e-01
3.987360865204959692e-01
3.193253213747082042e-01
2.685757163904245459e-01
4.209867605552852221e-01
4.511222566323333516e-01
3.612737191074085752e-01
1.768519351375349158e-01
4.139873425921414274e-01
3.713531157986420528e-01
1.885101252478641465e-01
4.904576211571795019e-01
4.400374554664709947e-01
3.106880296820914711e-01
4.698097668675205174e-01
4.348276753222626301e-01
3.830768170132750061e-01
1.802384180729800223e-01
3.766425968264337509e-01
3.910298892522158232e-01
2.779434673839604741e-01
8.812595585295132650e-02
4.499759804360279336e-01
3.288746970494175192e-01
9.033364570569771268e-02
2.752086509850041884e-01
7.622375049774024469e-02
2.883646009738205507e-01
2.573664413676721163e-01
1.509366445458150130e-01
3.770286802207341026e-01
3.043342579853899887e-01
5.153129031170764485e-01
3.710066347227452543e-01
1.763176356107614140e-01
1.572209212796733813e-01
2.134671719190491535e-01
3.767541862955040011e-01
5.137008013659227074e-02
3.107199856509199054e-01
3.910914804478416440e-01
4.842398943524112154e-01
1.573161656412962461e-01
3.849628419721536909e-01
2.463274360617093983e-01
4.706130212760755716e-01
1.097296217641335198e-01
3.813019339885393988e-01
3.010924340556513368e-01
2.146854015795370274e-01
4.511242586312426694e-01
1.883794286182192412e-01
4.699256656340564664e-01
4.662967757745942188e-01
4.465394739194864307e-03
-1.362423827202237717e-02
2.877637060424999005e-01
1.332072356380124278e-01
4.452845853172531232e-01
1.814814162928183039e-01
1.025923287449293231e-01
1.696501409343058042e-01
4.064792890270608750e-01
1.671757418149844854e-01
2.805392135179479163e-01
3.734723018904300695e-01
4.171984560660725871e-01
4.096657947187509197e-01
2.714169371642604078e-01
1.223568168243939769e-01
4.231672011749446072e-01
2.711096859986643071e-01
1.004754141854167504e-01
2.313210899728624648e-01
3.876825795227862304e-01
3.484450125616745386e-01
4.710370425704530906e-01
9.549952078980526726e-02
3.242081729394347134e-01
1.602059138936264837e-01
4.024995875502269116e-01
2.712137153130295686e-01
3.906939119281093720e-01
4.951963225428938215e-02
2.545062412759328541e-01
2.946679332519501204e-01
3.918526542085661868e-01
4.378512967230046016e-01
2.025365193581998569e-01
4.073263821081881120e-01
1.877333081529213021e-01
3.745972286458901790e-01
4.345308934439938708e-01
1.062922052120178762e-01
3.354159846358341079e-01
1.605113732857583464e-01
4.568586325285278749e-01
3.830285349819215202e-01
3.042013106525567889e-01
4.071640405352863201e-01
4.540747549160933372e-01
2.726573150268526979e-01
3.782935619690852569e-01
1.842547104469358654e-01
1.539681826022905042e-01
1.776397658975395477e-01
3.287492188114580771e-01
3.202415468182958080e-01
1.913237581396058096e-01
4.064872926245242657e-01
8.138138257435938161e-02
1.256670329423278387e-01
1.194039072491482334e-01
2.412884335403767677e-01
3.292852879807908195e-01
2.190354536800043772e-01
1.527877268698706881e-01
3.757293604398290743e-01
4.527096977894483065e-01
4.123606122168047561e-01
1.380287813490094218e-01
3.960017710569351257e-01
4.062525778574769264e-01
4.041458473108201499e-01
5.391725544647500978e-01
3.258021387665907542e-01
2.717965948266833354e-01
2.219011058993950181e-01
4.728219585764169564e-01
3.297287985789544851e-01
3.329395958822807255e-01
4.509451225073248803e-01
4.096196099939024560e-01
2.832338941020970391e-01
4.554812565320761064e-01
3.967887612470971659e-01
7.250102288834991970e-02
4.312041041826384369e-01
1.715388014780698245e-01
3.594311496405854789e-01
1.250327011023845691e-01
3.107797587410906504e-01
4.292703749713660533e-01
4.115826597550866772e-01
1.459178030663274561e-01
3.588827396105772616e-01
4.016597023290484070e-01
4.511458438722911191e-01
3.356529374302009705e-01
3.851539242828894705e-01
2.239317425369334036e-01
4.032438381340988087e-01
5.000873584788427806e-01
3.271920574210588906e-01
3.809030950604629928e-01
4.733321362776586883e-01
4.586417091020431047e-01
1.469435920650060956e-01
4.573417830370331560e-01
2.406272351447701630e-01
4.229688192649940226e-01
5.426128506744626323e-01
3.572384414562313482e-01
4.032959351040371065e-01
1.857098269291840853e-01
3.787860478918620433e-01
3.697260587136802501e-01
3.767983793944945092e-01
1.298486988646684048e-01
4.338902065748910797e-01
4.327184883540632909e-01
2.510363659939362502e-01
3.860797357121768525e-01
9.758446012810613468e-02
2.490984632891863892e-01
5.083313227360073405e-01
2.406658015065360201e-01
4.551638428206539744e-01
4.633300256651480264e-01
4.814479851119352755e-02
2.195643356525066314e-01
3.906712649845098251e-01
4.111234914923342920e-01
4.447263397674220409e-01
1.165912414317967910e-01
3.118375079148700268e-01
2.053728052202838938e-01
4.616102704292383008e-01
3.446527242191090856e-01
1.583996673050246662e-01
5.900007677806112794e-01
4.149150127892451412e-01
3.820445410661564289e-01
4.241803244030470377e-01
4.294905808451755097e-02
2.616921447684152358e-01
1.165179959885099398e-01
4.169798929698111944e-01
3.931931296100750761e-01
4.566759660818080491e-01
3.200621809935290663e-01
7.107238200145993279e-02
3.152669280632334203e-01
3.522893213832977155e-01
4.471441720237584461e-01
2.435255347331669318e-01
1.509349162294923719e-01
4.139747794162295103e-01
5.000750811842258337e-01
3.344890126695624910e-01
1.845758998660626260e-01
2.364562382117413875e-01
3.731566611409435352e-01
3.859082191338695234e-01
3.816837233130133678e-01
1.217546902177028961e-01
4.004621893999525950e-01
4.538659883369817738e-01
1.925168398671364967e-01
4.156551485911100796e-01
2.193759472646969189e-01
3.102496359234406254e-01
3.895872742314105408e-01
4.104652491051690166e-01
2.529088464447537543e-01
3.429143829647242070e-01
4.074171980067314291e-01
1.727461054888365377e-01
1.687622973054161146e-01
4.689926621118584715e-01
1.607523089376651504e-01
4.520180107761102017e-01
8.678852396175835981e-02
4.491604742090700708e-01
2.297281795621883838e-01
2.537832578279303197e-01
4.443837990817929295e-01
3.053818474607459255e-01
4.611996666689937999e-04
1.855528261240409482e-01
3.419302436187792726e-01
3.092167286931633563e-01
4.105309477801736273e-01
4.380722092739030571e-01
1.705723110906339213e-01
1.646620863652006606e-01
2.451837982925053894e-01
4.122431536752843573e-01
3.555879140563465435e-01
4.367592430385882074e-01
5.738478823518924354e-01
4.173917333974571098e-01
4.219544712284811760e-01
4.080706180038193298e-01
3.874589644185829074e-01
2.659132168599449009e-01
3.944036047041297177e-01
4.095220003276200393e-01
4.814660433314053023e-01
3.938683638022006939e-01
3.121674724375269050e-01
1.313228106185729549e-01
2.283923041784686470e-01
4.822049589486474691e-02
4.116299278414174423e-01
1.141177856792568585e-01
4.791245915449171555e-01
4.186000849204407070e-01
4.348121165750915007e-01
4.024160637408092378e-01
1.998874430333190677e-01
3.533418174779079379e-01
4.099635418716855439e-01
1.809533003338520962e-01
2.940999076158825609e-01
3.300244879674557597e-01
1.424247447458783511e-01
3.360983364008695573e-01
3.112242149673609126e-01
3.696989829750635392e-01
1.848726027431723817e-01
2.505547268390116988e-01
3.816408567613208680e-01
3.743448958320268471e-01
4.301583521481052719e-01
3.017334233614391015e-01
1.753818288751683163e-01
6.318968911616021367e-02
1.320745235755813596e-01
1.330677709014605470e-01
2.146321749843074500e-01
2.897948675071642527e-02
3.462631016864638478e-01
4.197103677073815708e-01
4.199869534206534527e-01
2.531843851437151627e-01
1.226829384634657294e-01
4.428153603796724513e-01
2.550664123286061069e-01
4.285900235455517016e-01
4.282526669375542605e-01
3.120338171646856451e-01
3.194755338216584972e-01
7.978127492574114965e-02
5.619401748657358864e-01
3.089624491065161016e-01
1.453376448604553339e-01
3.200020482489221441e-01
4.554749371032288385e-01
2.871121815753222561e-01
3.633839254146173370e-01
3.227079302244297843e-01
2.187874381301102011e-01
8.425112979953458536e-02
2.354260273731764719e-01
3.868426596971084597e-01
3.032767698805668433e-01
1.883607685776496621e-01
3.879802054354967722e-01
3.908473770735155783e-01
2.450524338665611146e-01
2.893365073388239339e-01
3.255966602580401270e-01
2.098871334054903115e-01
3.343097558033270578e-01
3.571780093661087174e-01
4.446822691949139927e-01
4.082013426821950453e-01
4.183500101538860094e-01
2.018157029080478448e-01
3.703958069308879164e-01
3.226296016721998117e-02
2.325490835739323914e-01
1.402734471724762233e-01
1.820581793160012951e-01
2.173092684229604998e-01
2.414381889506848899e-01
2.510573072344651213e-01
8.110679753224624144e-02
1.639126385247353934e-01
5.677991209771839909e-01
2.222831826144430201e-01
4.296721803016812502e-01
1.932332397209796937e-01
4.015551924260278849e-01
1.136574952183179027e-01
5.250437730422115035e-01
1.080463978995905849e-01
1.931450656311525516e-01
3.044443759333966271e-01
2.667398402594574058e-01
3.749692007071117050e-01
1.354994289570779775e-01
2.798618173433421452e-01
3.952911960448511342e-01
3.306954453920046832e-01
3.102303894942786133e-01
1.820429715928876535e-01
4.307471174970601835e-01
3.642586787765506040e-01
3.469663851073286343e-01
2.692405873700458585e-01
3.448035683848861832e-01
2.030616132583202837e-01
4.622183432631354338e-01
4.199620122900343810e-01
4.001993379385971328e-01
1.272393285057201451e-01
1.466431382665979166e-01
2.115100851686680383e-01
4.359613012920092734e-01
2.780851588671385821e-01
4.052401991655077973e-01
4.304239796039690535e-01
4.262132888622239268e-01
4.111825291824367651e-02
1.774507174517267749e-01
3.864094660528265557e-01
3.887732903534678597e-01
4.062989898766264374e-01
3.746213222359762174e-01
8.555547270980656815e-02
1.699029696474481654e-01
1.081851296607749674e-01
2.097852051474881907e-01
2.310327609696568585e-01
4.369739691016654715e-01
2.088615512298958865e-01
3.705120418257795700e-01
4.145592626243670975e-01
3.063110439901164939e-01
1.036644416903650251e-01
4.916341572454343001e-01
1.736358445076003343e-01
3.154629574066315501e-01
3.086097837833771118e-01
3.547488740313914923e-01
2.618951552583519415e-01
3.354246275451979176e-01
4.988990817146631840e-01
4.465742876198744993e-01
3.322213821966795710e-01
2.122908629176343820e-01
4.009623174400995249e-01
3.062389690419432542e-01
3.944974329367831878e-01
1.468571582153241073e-01
3.993480207227556589e-01
2.407221342912443107e-01
2.762652993913211064e-01
4.207648007411231017e-01
1.716944913525437488e-01
1.521322044368038640e-01
3.852124647433691207e-01
3.095637287535650262e-01
5.819876773985347418e-01
2.366509933139528954e-01
1.017981754856542159e-01
4.297206263932147885e-01
4.511222566323333516e-01
5.678125222541522410e-01
4.463466428756696636e-01
3.431355907741561184e-01
8.773377838953066998e-02
8.412168822611783281e-02
4.332821692583217477e-01
4.092584302212675107e-01
3.821342131905663964e-01
1.727163508474720277e-01
1.600537576198388379e-01
4.579698407576174302e-01
2.245255479440750601e-01
4.148916215584655953e-01
3.941065015932069260e-01
4.019662695630637494e-01
3.867539403167182810e-01
2.376297717632329942e-01
3.537769058222560159e-01
3.890469459701806354e-01
2.390379991178351593e-01
5.945993191522895849e-01
3.908759693729847995e-01
3.110929586701038363e-01
2.113215664123490600e-01
3.106127779247059850e-01
3.726437872761966252e-01
3.201434694103822420e-01
3.515067651954246197e-01
4.041629441740444695e-01
1.270429243217386650e-01
4.269083896052669469e-01
4.077014753790666468e-01
1.638036887067866598e-01
4.385482442011243709e-01
3.111889645796641624e-01
4.253935381486251277e-01
2.674876017477792467e-01
4.416740809029452430e-01
4.178338403143129764e-01
-3.226629547665675612e-02
3.553491253978606768e-01
1.941106008939533778e-01
4.348301524899078618e-01
3.546624758701926172e-01
3.542792326173501150e-01
4.520662914382209130e-01
4.564819328454260416e-01
3.787352684861592933e-01
3.771563782086966299e-01
4.690813126981721037e-01
3.801058906303734775e-01
3.407131050425104002e-01
1.901965296040525333e-01
1.417595361493684258e-01
8.985782927642990692e-02
3.655812745228886329e-01
4.749948399801325327e-01
4.516233229772126379e-01
4.245768037523882099e-01
4.801938260100973022e-01
2.656168924954787069e-01
1.082015419933748078e-02
7.304071606988438159e-02
2.773701510767856981e-01
1.204242544361750628e-01
4.461720604409005232e-03
4.030717014132899623e-01
1.034501022931496594e-01
2.913710448919831220e-01
3.850594371540146943e-01
2.538940332406772193e-01
3.250022172583313246e-02
1.359091652579375864e-01
3.007485715606154561e-02
2.859976822674868413e-01
1.544427118344305905e-01
7.205616793754558713e-02
4.384285345000014655e-01
1.773386139201645895e-01
2.514484153348362505e-01
2.021203159421744999e-01
2.425681139816809884e-01
1.995110117218016066e-01
4.097750344842308046e-01
2.914105983325687155e-01
4.148569675174905158e-01
4.083476969764286424e-01
4.005075918307609006e-01
3.356707093508606299e-01
3.765742499529133314e-01
1.612998457642113026e-01
2.298844847920006040e-01
3.788097739647389162e-01
4.347057954543220304e-01
4.048249721440592697e-01
3.245759617642902245e-02
4.083596400098390977e-01
5.235918844305208486e-01
4.408936294486819341e-01
3.971342393526596237e-01
3.017649388982872327e-02
3.969097361492924803e-01
4.109024840902543163e-01
1.329089764712635124e-01
3.286581403502392140e-01
1.186793464023470912e-01
5.484562240558664703e-01
4.644218490263323229e-01
1.017145138650629305e-01
1.374471072254139503e-01
4.520997925767774595e-01
2.463354775830485233e-01
3.156588313202283169e-01
1.468031810053531949e-01
2.804786405514150260e-01
3.826642734587168415e-01
3.710531777742793191e-01
4.053991031091943587e-01
4.239573195662003635e-01
5.328589263315250957e-01
3.932832403900802798e-01
4.730240812991274857e-01
9.420296679632605974e-02
4.410973811553754453e-01
4.102010689804130861e-01
3.885789650949444396e-01
2.247493418796835396e-01
2.366980676887363577e-01
2.091114470872474929e-01
3.809330459807049873e-01
2.765396972828418898e-01
4.503015735888798443e-01
2.204046323103936167e-01
2.338301949154311388e-01
2.055071308152625897e-01
3.215220800903892950e-01
2.887282539308489993e-01
2.821101272612381305e-01
2.373581355669692472e-01
5.097068091566802073e-01
3.903881052462185308e-01
2.104362761048610420e-01
4.216630458279573279e-01
2.484379823404894161e-01
4.130742417190795268e-01
3.779219537945048835e-01
3.492335434611526512e-01
4.111234914923342920e-01
3.313055622149229107e-01
5.895013242373763340e-01
3.799124636780964459e-01
9.351744353308066859e-02
2.201725216771399929e-01
1.847760288053205135e-01
9.039337000103496444e-02
4.777656764264492373e-01
4.050594777074070785e-01
3.978929161954491422e-01
3.827584938756954935e-01
1.981158559211712022e-01
1.875626013364940503e-01
3.734002675216336331e-01
3.388749249946015896e-01
6.172535879180227752e-02
2.416492833721811118e-01
3.872577317866621183e-01
2.798348011875323449e-01
4.066940288655502833e-01
3.946319820347126139e-01
4.042703158359618465e-01
3.509045148797231839e-01
1.250038408410664714e-01
-6.596748372233367241e-02
1.242794185522986400e-01
8.952529792147199961e-02
2.262208680883024403e-01
1.792538586599478900e-01
3.346495159095591032e-01
1.768502139578715937e-01
2.058457484128735637e-01
4.078724430154969105e-01
4.652268723720791033e-01
3.646016321851465736e-01
3.027589273242263790e-01
1.277172270968380263e-01
1.647778700894106663e-01
5.487677857896270384e-01
1.975543537518708315e-01
2.806174665828899961e-01
4.197730540482760841e-01
4.192716250615218243e-01
3.184161061429490736e-01
3.631406456398218463e-01
9.286006080735895174e-02
5.506906980244505867e-01
4.066951918298286062e-01
4.248031314510100631e-01
3.899909854646874119e-01
1.181932105867169180e-01
2.478677964360884167e-02
3.310500835035403711e-01
4.307234712551863964e-01
2.640301023303199823e-01
3.380875353797245242e-01
5.423983440221674668e-01
3.796698037346109000e-01
3.366116156444629581e-01
4.073780363355489764e-01
3.884742092468765895e-01
4.384156696342642601e-01
5.686321613537186348e-01
2.657554138081973938e-01
2.998925498470184081e-01
3.889685930023810689e-01
3.919477528495637353e-01
2.932809011064793636e-01
4.191664007457092112e-01
5.611241483680149411e-01
1.971796707559189954e-01
3.399056141138178666e-01
1.634818614694789063e-01
2.982856218963957362e-01
1.956273218026544081e-01
4.491184317340685128e-01
2.141831717050481365e-01
3.538157516962633364e-01
4.238904128871284760e-01
4.203364710621083633e-01
4.226882569802513090e-01
3.179734687689935724e-01
4.156491430093042783e-01
3.948297676601797979e-01
3.528944766512817632e-01
4.031091921933619981e-01
2.077950934230994029e-01
4.250019250051301767e-01
2.533008182053796964e-01
4.421155003769425273e-01
3.934387735070022929e-01
3.916491212487794304e-01
4.374832695747011835e-01
3.109418480413838060e-01
2.685076976580103580e-01
4.555906770376026427e-01
2.958076795709426166e-01
4.564539186361081802e-01
3.102083377978573364e-01
3.585556226149907988e-01
4.390592047772971518e-01
3.229795476610301530e-01
4.178428622964651118e-01
4.089093448871004011e-01
1.577987363377236496e-01
4.312373844996779670e-01
3.783861061839511875e-01
1.102430157492343965e-01
2.193965334564243475e-01
4.250783617799011593e-01
3.610820456572227943e-01
4.041785000997456523e-01
1.031176337003389121e-01
1.495024196897910551e-01
3.978220187960644361e-01
4.093573194656714431e-01
4.250258257601917111e-01
1.139992304365101683e-01
3.579466064972967043e-01
3.460115868084450153e-01
3.442480270065559345e-01
9.283770347416640811e-02
1.869407499370051851e-01
4.179215302315956171e-01
2.749063466031171910e-01
4.420260399457643374e-01
3.276795065298206827e-02
4.608349135539196451e-01
1.992991460483784227e-01
4.439046463472754445e-01
3.756972508694496598e-03
2.786538241470442046e-01
3.829218799733754008e-01
2.473781267474793877e-01
2.810817518718701225e-01
2.797821051738789699e-01
2.782544047430146050e-01
3.869987860695828785e-01
5.760120715949963444e-01
3.806722180319673243e-01
1.797162115324471565e-01
1.296561094999816310e-01
1.638054849873417096e-01
1.210967377780687720e-01
4.043740387563229954e-01
6.825378354559971661e-02
4.629769952106017050e-01
2.974910364335633939e-01
2.863369795489140723e-01
4.091736294477372748e-01
3.876608452002439087e-01
4.065228545149529027e-01
3.269695013846516396e-01
9.506354760861801534e-02
4.745134659189081394e-01
1.781462116497937731e-01
4.012208759519181878e-01
4.053724221689117835e-01
3.911948405188668265e-01
5.055305380042036667e-01
4.027116001890415076e-01
3.723932593732670604e-01
1.586363522672058490e-01
4.033792300217038385e-01
4.193972200585471821e-01
5.069590424387897531e-01
1.357501508360676734e-01
4.299612718071450512e-01
2.646257694097323698e-01
3.385045026672507951e-01
9.134626115219075804e-02
2.433280553201754015e-01
3.147447513141040099e-01
3.646461724286733097e-01
2.202125598296687803e-01
3.728827325885038513e-01
1.424023622735958450e-01
4.200393150071314863e-01
3.521005635696374814e-01
4.068060227176540922e-01
3.155783410059455618e-01
1.742417586680206631e-01
1.898265619482882305e-01
1.779483055050295470e-01
4.032595004458145449e-01
3.206443700768854543e-01
4.243290548728979594e-01
4.240764714876064101e-01
3.846417329649209349e-01
2.725121354599376322e-01
2.983515002948879391e-01
1.705298851446702957e-01
-2.155731848243015725e-02
4.370293334790464335e-01
3.107364520815757425e-01
-1.159288987200648990e-02
5.730456229264222490e-01
2.724114509722838084e-01
3.127912921442543293e-01
4.964269199587861281e-01
4.248749136509282764e-01
1.286722936013371676e-01
5.130725354089259449e-01
7.691774497560358026e-02
5.910939329997173530e-01
4.100940902081884332e-01
3.624747526086381511e-01
4.590963993600227222e-01
3.604338268118090216e-01
1.294946170183840506e-01
4.436509533774277703e-01
4.002464571508950186e-01
4.361463089779095137e-01
4.556921731127935860e-01
1.001497595411164898e-01
3.699592653220466487e-01
2.062335569285967396e-01
3.605958002451186695e-01
3.814038567695703930e-01
3.937264385934297062e-01
1.539264440732528993e-01
4.295728708242212979e-01
-4.371902178482887751e-03
1.650466146057109895e-01
3.950277710367408046e-01
4.008728321135981432e-01
4.138382979433113951e-01
1.091977244441497269e-01
1.789840587064194799e-01
4.224907702646316099e-01
2.833049288406815913e-01
2.948538238919807264e-01
3.607969001849667401e-01
4.059572789521204150e-01
4.113153727769767731e-01
3.910510239086599782e-01
2.082606477511809162e-01
3.722345539905292933e-01
3.700664662435388386e-01
4.786409043840073735e-02
3.066516760757905802e-01
3.983376352955865785e-01
2.036153035863844107e-01
4.410189628788446226e-01
3.655037773940632562e-01
2.114315904064431317e-01
9.457990364887378099e-02
4.587382617958857822e-01
6.696335637415043451e-02
5.598002743505597900e-01
3.607985432762995659e-01
4.374347524070198445e-01
3.147012791836740764e-01
1.395659990959736141e-01
3.703516790368981404e-01
3.952617703121986126e-01
3.292716941384973839e-01
2.567084087858432784e-01
5.351028607511416624e-01
3.658407667752970327e-01
1.174565185549135693e-01
4.591194238826911689e-01
4.138172629718906426e-01
3.806969396273277573e-01
3.384346720532123154e-01
1.757574317533132924e-01
2.159066832303103423e-01
5.450784388824806426e-01
3.694688857095834722e-01
3.981403120592560407e-01
4.808019337804313453e-01
4.260757628645276962e-01
5.151586029825292457e-01
2.807598576324304984e-02
3.468194631167411113e-01
4.379127265969359195e-01
1.970267480796058790e-01
5.570982104255524092e-01
1.327467498577032112e-01
3.592212302005475810e-01
4.301256273287112908e-01
1.538817376326974962e-01
3.817005280296196790e-01
2.672190912475172486e-01
3.707104384862092150e-01
5.305275584579473014e-01
5.085960844984981355e-01
2.813708009722999948e-01
4.758406035680152191e-01
4.179154851077180877e-01
3.196704384773377816e-01
2.583590257881456242e-01
2.344907130670767503e-01
3.692549438491877778e-01
3.992950904233646403e-01
3.045293769068178058e-01
4.197303198152265158e-01
1.875614616285968539e-01
1.735367120773806948e-01
4.888379574101042041e-02
4.250297444500360511e-01
4.073263821081881120e-01
3.806201607908156759e-01
1.848561838625838727e-01
4.729098131762627388e-01
2.650794427767427242e-01
1.521939284074869114e-01
1.674313030388039636e-01
1.729921493706235436e-01
5.386712568423180914e-01
4.315058518480463512e-01
2.143202918259913825e-01
4.343087043439048389e-01
1.694898768761270436e-01
1.169995015229736007e-01
4.131340084401967649e-01
2.289258641274274642e-01
2.503146810704335867e-01
4.269064322519706134e-01
1.471265345749278586e-01
4.626066115539863577e-01
3.477447368070467615e-01
4.703245602524522978e-02
3.597785835434865187e-01
4.049310928574768043e-01
2.114322020586021367e-01
1.505500524570767829e-01
3.706902946636293494e-01
4.500850500004813792e-01
2.489121066916894498e-01
1.877154012788636861e-01
5.956137666222793142e-02
3.961597427952435746e-01
1.307725824831096340e-01
4.106634879085033218e-01
1.116032620413812682e-01
3.738437904844745252e-01
3.557952607099519327e-01
4.113611388454729845e-01
4.310061991426041850e-01
6.518497563948619233e-02
3.534129152846446353e-01
4.414807776155930258e-02
1.480677460851929361e-01
3.865775964522533137e-01
1.465060808818691995e-01
5.179445138789959824e-01
3.738463243304723238e-01
2.955851514795356794e-01
8.240943826628498170e-02
9.372345722884233010e-02
1.543590008121822899e-01
3.855448025994272498e-01
4.051101137990324452e-01
4.069840600449891599e-01
4.522008667592241626e-01
1.447280683490354547e-01
4.181164510484888797e-01
3.758463660524355987e-01
5.120407088016455388e-01
2.837045067449356917e-01
3.149744932403372166e-01
3.048556272962028579e-01
1.760700673883333900e-01
4.272755103148517253e-01
1.612720991381258739e-01
3.960069663374621851e-01
6.704567707558108103e-02
3.495065339370672097e-01
4.103170913937210229e-01
2.919438249953879017e-01
3.392569994120187560e-01
1.847265320896546992e-01
4.720530270387998106e-01
4.420019323105668363e-01
5.630536543366554403e-01
2.448477633772179196e-01
4.129709155056939252e-01
1.965070496028516744e-01
2.399942893934395860e-01
3.168718611723522205e-01
3.837593304319425469e-01
3.293514031545529686e-01
2.121650951263197582e-01
4.201292958335494654e-01
2.860775858197473487e-01
2.327551444307719708e-01
1.986818661770932415e-01
2.608212989764152057e-01
4.017610691975118109e-01
2.744688457930316017e-01
4.178651353123097878e-01
4.263407531660857730e-01
4.885393259675089306e-01
3.966532188880094179e-01
3.861923613660918631e-01
8.431771383521746710e-02
1.285713897443934994e-01
3.441425605422327449e-01
2.451141419042372760e-01
7.867035747402682799e-02
1.727476474636648607e-01
2.451670262095186348e-01
3.909214907826920604e-01
3.221298961705195141e-01
4.528980544772130967e-01
2.824307690662383741e-01
2.837447653248055257e-01
3.673640392409883160e-01
2.170500813405361329e-01
3.990207906816556904e-01
2.429641356512508010e-01
1.982919742132616403e-01
4.196391292420686980e-01
4.202604242310835070e-01
2.208865516621810743e-01
3.786484667925170688e-01
1.609394729734786866e-01
3.744097651815765926e-01
5.182945061705341860e-01
1.505993397408359469e-01
1.055140353311436741e-01
2.356517910267584559e-01
3.809351838043485983e-01
9.690672893506113716e-02
3.938942729459711245e-01
4.424419877698046455e-01
3.616496113314477401e-01
3.518288012215098348e-01
4.402228579921975693e-01
2.836918021635878584e-01
2.083781434697172807e-01
1.572508770752495399e-01
1.837760196866329854e-01
4.723130625771790325e-02
1.440140823664781966e-01
1.141829002269942328e-01
2.300857532472542488e-01
7.909917435451704892e-02
4.112066556473157886e-01
4.034145096821514787e-01
4.089305131729770726e-01
3.152927434346197155e-01
1.641432778703190987e-01
2.378524062432477854e-02
3.612279290979098501e-01
3.651526854346059392e-01
3.099729544254126723e-01
9.042558222572376347e-02
3.739055858217508188e-01
1.397713189850096349e-01
4.264641318984532803e-01
3.583722054912913402e-01
4.161369635485088203e-01
3.675368310614816614e-01
4.213248312441371657e-01
5.508892440775656762e-01
3.463117371276765999e-01
1.654927476772231065e-01
4.926954392730402144e-01
1.970802979457940696e-01
1.725697933970278541e-01
3.056811514842106003e-01
4.227281654696383173e-01
3.967079578948709551e-01
1.493426687812757503e-01
3.774000478235077227e-01
1.135011383981348043e-01
4.042037873168497497e-01
4.276039266803416949e-01
6.751496810869414555e-02
3.922104162889905599e-01
3.933777178097790372e-01
3.551931047060333246e-01
3.422415879333837174e-01
2.368353858104836340e-01
4.146366930337263002e-01
3.657776474632394859e-01
2.640026909197617511e-01
3.147159416992090786e-01
2.934136198172609400e-01
1.737278533900325495e-01
1.179818679640346896e-01
4.514503657065503384e-01
4.264816452604351382e-01
1.869254224051485336e-01
2.630058027617780958e-01
4.026755881496767997e-01
3.006295582983799508e-01
5.893511295568697184e-02
4.188246464618485820e-01
3.935908466719025833e-01
2.151534416174715469e-01
3.239647399131786454e-01
3.516709220523115409e-01
-2.233289562430757977e-02
4.233823156880485716e-01
2.223208389743471514e-01
1.998844408233070302e-01
3.154421093990881775e-01
4.061820307352899673e-01
1.986298385198840277e-01
2.646984601852177543e-01
3.920286160957884292e-01
3.651839288162992414e-01
1.912790634257849620e-01
2.926890589652732522e-01
2.654355283283032496e-01
4.165976373974253910e-01
3.203707063277004274e-01
5.280088832733775828e-02
4.305168335996403250e-01
3.346748609045591683e-01
2.681320746976380009e-01
4.056942390124220754e-01
3.249843772515559337e-01
1.626421273629123643e-01
4.426838260846393536e-01
4.139651587845382674e-01
3.887987093913084502e-01
1.576794280736877329e-01
3.890263006105683652e-01
1.840362017884479284e-01
4.105464556579009328e-01
3.224484402955848927e-01
9.005627728346368710e-02
3.998498914147822214e-01
3.871192430038323806e-01
3.026727309396222698e-01
1.728833833060928193e-01
4.228081258039818602e-01
4.153370204668958565e-01
2.628932342426298363e-01
3.307786534457394234e-01
3.883330552329808394e-01
3.719909244779346369e-01
3.014194576937757053e-01
1.022212871256672206e-01
1.621242104525398575e-01
3.012408130035383880e-01
3.406639236676054505e-01
5.397729963219342064e-01
3.119811287855980275e-01
3.911165406610901396e-01
4.242868312429277644e-01
3.997381047747520788e-01
3.054844212544792770e-01
1.097994698826961490e-01
3.570164641945968165e-01
2.879073226810229258e-01
4.025301819108437762e-01
2.415461019406596466e-01
4.269202988017838929e-01
3.835524774318506136e-01
4.030840658415381639e-01
3.763698463206890388e-01
5.732223733315153780e-01
3.783956058243715392e-01
1.841750476428240246e-01
3.137628213451107984e-01
3.866949185674024014e-01
4.133907261710700887e-01
2.770706094689530663e-01
4.206114706943375747e-01
3.940216079186288356e-01
3.691728153396524048e-01
4.096298680288526506e-01
3.151774576324337662e-01
3.510918490543248338e-01
3.559570532579922064e-01
1.791334350283797228e-01
2.637389506331289102e-01
4.825607368329119518e-01
4.094808153305347642e-01
4.186074504507698579e-01
4.160863213160370111e-01
2.354159981262467227e-01
4.134476310710522018e-01
8.338561061089165560e-02
4.166637211200959201e-01
3.726890764332842498e-01
-1.347513114889734064e-03
8.488431258027485937e-02
4.088911602227278119e-01
2.077283934841273327e-01
1.627031409040549936e-01
2.852896034264781333e-01
9.678652626504617718e-02
3.352972465576844474e-01
4.090319492504390642e-01
3.541472357879576482e-01
2.156087834690443850e-01
4.593938271059603839e-01
5.021323273798939946e-01
2.463798528535667276e-01
1.241900089075798630e-01
1.074446995961894635e-01
3.876810983340387984e-01
3.001658873015004003e-01
4.163497843724996983e-01
4.277773727291833139e-01
3.126032819164044074e-01
3.963711011019794284e-01
1.813579211748146958e-01
9.038883399015908149e-02
4.738734791892788567e-01
1.599358101341703531e-01
1.376069813813388110e-01
3.934865775896420614e-01
2.161156424836641332e-01
2.252117814086537495e-01
4.716870101671006843e-01
4.660981258664890770e-01
3.041454111916953584e-01
4.741379485147062534e-01
2.770144868630111112e-01
4.022908225893113143e-01
3.382740319719224065e-01
3.657377588901110643e-01
1.939816756236076856e-01
1.753268929463000503e-01
4.242839050466359896e-01
4.019272273064483092e-01
4.204425310309372055e-01
4.095203408053739169e-01
3.298558035641028785e-01
3.063652760037205991e-01
2.741397102846381273e-01
3.369317252704370769e-01
3.246696256800306046e-01
1.189900644336036178e-01
2.879782052261981584e-01
3.642929910047378317e-01
9.437515812087718392e-02
-1.428789781928296518e-02
5.054145262129002836e-01
2.403829303932118189e-01
4.598354371951491326e-01
3.953647113119495571e-01
3.968595855994543897e-01
-3.028975972698045444e-02
2.427410352993473464e-01
4.305159011038167671e-01
2.799214350866960355e-01
1.613260330302343781e-01
1.992989210776408837e-01
1.089765257630029710e-01
3.269997694298193425e-01
3.967656301516992445e-01
4.268092814064952667e-01
1.988791142554802438e-01
3.772852014730487119e-02
4.564728614875495638e-01
2.684924567411323681e-01
1.417023718401183296e-01
1.550594238433930239e-01
3.170933139517646548e-01
-9.382610946877645297e-02
3.411191374742325033e-01
3.257461193725096904e-01
1.902072493227719152e-01
1.329647113740384801e-01
5.523785480364991063e-01
3.091673667856728036e-01
4.153895743282535746e-01
1.781375009992181846e-01
4.199352155450065682e-01
2.171058255583111773e-01
3.170014886515951646e-01
3.670649493173033795e-01
2.750580845680498099e-01
4.094230001745511882e-01
3.372751769174351377e-01
3.056687293817968998e-01
4.013981848420957177e-01
1.787376803559649618e-01
1.486496318605280142e-01
1.593795823995585934e-02
2.256317312181406187e-01
1.527344934491733086e-01
5.009385489567428351e-01
4.603979903412654950e-01
4.549972240652533917e-01
2.189883930547004698e-01
1.020820109919348684e-01
8.237784460739389081e-02
2.961508636762004154e-01
3.876984316198493485e-01
2.783597676427931877e-01
3.688750172342896150e-01
1.629240316300534508e-01
1.080172450611728285e-01
3.162132212898594585e-01
4.121773533443766069e-01
4.125647256525447060e-01
3.705022354749771263e-01
3.706020845585679679e-01
3.793185098948283485e-01
3.971176369935389139e-01
4.299056116733241395e-01
2.870257932270299794e-01
4.628548055618558199e-01
4.632562728551738451e-01
4.215262388901802604e-01
3.691216570271301789e-01
4.321640743189530398e-01
3.973332133978731417e-01
4.536518555294569155e-01
3.056651290201521931e-01
2.595606534992483394e-01
2.908499511516522973e-01
4.261829719184921927e-01
3.736980011896015030e-01
3.589811583748644397e-01
3.712729804086840613e-01
4.287928943727251085e-01
3.940339428459190274e-01
4.978200009001946258e-01
1.988970909194273107e-01
1.981348763422905446e-01
4.169688874942734103e-01
1.841725685769103893e-01
2.839458359504104523e-01
4.488108138344287235e-01
7.689504113063089230e-02
4.359342070478689490e-01
2.294074032394583240e-01
2.081388799951792434e-01
4.279355936281850070e-01
4.752685887468463544e-01
4.136608192670294670e-01
4.246833523334275773e-01
4.011287762015561809e-01
4.704715853848825957e-01
2.364465757144149360e-01
2.327224222409465249e-01
3.266353731814238270e-01
1.786543514769281527e-01
2.422806573728394641e-01
-2.394869089488681907e-02
1.440410199982893324e-01
3.873084965041241334e-01
6.063255841625127479e-04
3.895684890710957027e-01
3.935967986457790668e-01
4.242641669555863859e-01
4.058355538086136916e-01
3.656707614260938377e-01
3.737734592877243189e-01
5.390418247658175233e-01
4.064517930553880887e-01
3.848969416450309655e-01
2.581820933152552122e-01
2.525297316870920294e-01
4.211456489808869663e-01
2.747009995781788394e-01
4.001571820239060440e-01
3.370621502091211696e-01
4.003998013050303340e-01
9.117435877935785304e-02
2.178021356331720226e-01
4.708234198681011673e-01
3.829831384015141560e-01
2.785382200581508205e-01
3.774827554812457131e-01
2.251942861995117340e-01
1.594033638152576593e-01
4.858498119201615784e-01
3.872560579081129051e-01
9.754952028882046822e-02
3.203183365257656900e-01
1.844221659341500341e-01
2.100954553956213278e-01
3.907788535261846885e-01
2.077118711219786140e-01
5.023366384015159891e-01
3.803348376489361637e-01
3.792979707552617819e-01
4.133389581720821049e-01
4.198741361972262442e-01
3.046885863991047882e-01
2.173898685826704813e-01
3.344041376249846098e-01
4.142601674726643091e-01
4.203191010142038331e-01
4.084337170399060524e-01
4.006149880975560240e-01
3.356389141228358630e-01
3.936802500098061652e-01
-3.682324970917374291e-02
8.841693535230357726e-02
2.085781849434062418e-01
4.100404083397353738e-01
1.002324399229159307e-01
4.263408671866661392e-01
4.169762665510615141e-01
2.849936241941762316e-01
1.465197445140520582e-01
1.731462383928297211e-01
2.970284015177980796e-01
4.453788313764146523e-01
4.333464196893900278e-01
3.720366287852832077e-01
3.783894269711161051e-01
3.301104563316452634e-01
4.184584536009603450e-01
4.216248807995479631e-01
4.736132385834543324e-01
3.879864292663028347e-01
1.802352810962849217e-01
1.108577351365259561e-01
3.900022249147712672e-01
1.963069027960128443e-01
4.438111971874102446e-01
2.785352598382506151e-01
1.565469459610588365e-01
4.022115159646634241e-01
4.095751462827484923e-01
1.059704024551113011e-01
4.044942232527520276e-01
4.009797552032832169e-01
1.251151565704982649e-01
3.962526436771069416e-01
1.470563214649941441e-01
1.616675002710182274e-01
5.751384770688670045e-01
4.894155861603725621e-01
4.300052137123241969e-01
2.115885607044422634e-01
3.998323236150269078e-01
1.746565409760119925e-01
3.303398386034422929e-01
3.297851009291301594e-01
4.289280396306613952e-01
4.319340332339190458e-01
3.650138892775188215e-01
4.663381977751566154e-01
3.899208878275612356e-01
1.804530420652320499e-01
5.738547595604565066e-01
1.181288443094112711e-01
4.269394739058448573e-01
3.356578264775063047e-01
9.672029427516630473e-02
4.178683426597851747e-01
2.053560991047171658e-01
4.963180660500701169e-01
3.981682976389522288e-01
1.673149865028116801e-01
3.019151739092174602e-01
3.365841076400506449e-01
3.856515883499125330e-01
4.418616893202783613e-01
3.086230236141743188e-01
1.164248000140819805e-01
3.493633845007766414e-01
2.948741177296290705e-01
1.219820933942880326e-01
2.426361812859081091e-01
3.828103461453525869e-01
3.764394148077200297e-01
3.079840697085212131e-01
1.260918600983181315e-01
2.618523263400897028e-01
2.949450601065644606e-01
3.577450230072872217e-01
3.370520594085047450e-01
4.239038866924717541e-01
2.976041709893773035e-01
5.601856028149294620e-01
4.074852955120975562e-01
2.113407614534147105e-01
5.643625181546405578e-01
2.122442421926918621e-01
3.838120934969998510e-01
1.907446164097809094e-01
2.145880509853984597e-01
2.092024860427003641e-01
3.477523873058424586e-01
2.727342453928988109e-01
4.223807843863147116e-01
1.292260601505825501e-01
1.859613713237204535e-01
3.846767022636724542e-01
1.141555340429398768e-01
2.100798524177593107e-01
2.360926472025755563e-01
1.692535601209628759e-01
3.328797483550934855e-01
1.982694121627142925e-01
2.404371607626872853e-01
1.525278087414663475e-01
1.999006200449172932e-01
3.855429813405645834e-01
3.918168082624995385e-01
1.017916308371161760e-01
1.531253860130971090e-01
1.829692622571470473e-01
1.223138888019992127e-01
4.298209560395283013e-01
4.727357496404207549e-01
2.926781206033776672e-01
4.467604287068567270e-01
3.386463793716337212e-01
4.151150467943370836e-01
5.812592528131287350e-01
4.265578952372975352e-01
3.718467927136819284e-01
1.492640317007864204e-01
4.630738088074318193e-01
2.272963004101680728e-01
4.103600103500689156e-01
3.937660511811540420e-01
4.056078416810673382e-01
2.406311719511486646e-01
3.935197579104666721e-01
4.037274380861727296e-01
3.745437182647219365e-01
1.554124510874798915e-01
1.336540889312254343e-01
3.471024418660325628e-01
3.094886097712367112e-01
4.027183767790075697e-01
2.665808659449905305e-01
3.951530303618246975e-01
3.082901523135777588e-01
3.081299492489409375e-01
1.873764400843000166e-01
2.201023674861379287e-01
2.045126811541887191e-01
1.058628353493470675e-01
3.929655734102365239e-01
3.977266809939950520e-01
4.314957918968846395e-01
3.362486100488227825e-01
-3.492293786369528308e-02
4.435645233709613056e-01
1.388671678717298408e-01
4.859832582382566102e-01
1.991305697737127123e-01
4.041789636091718818e-01
4.066772475090556505e-01
4.775803126544424515e-01
1.511191451896821414e-01
4.063173361531389749e-01
4.083748062407473456e-01
2.182098617974635724e-01
4.146528180665163266e-01
4.472023813556930683e-01
4.615934062543017302e-01
4.587347239629945839e-01
3.374195101263449681e-01
1.927258727276626171e-01
2.213379417390622939e-01
4.578818610587724880e-01
4.286677639224311664e-01
1.191546281371238247e-01
3.470721544647510370e-01
4.522881439535399450e-01
3.276576649421477083e-01
2.249256706409857309e-01
3.738342232117594088e-01
3.850573689335456407e-01
3.229141591817528689e-01
1.827365345518150996e-01
4.216342589922831841e-01
3.774618885532566859e-01
7.000973218330384940e-02
1.205092551191507960e-01
3.209482624743891233e-01
4.334404609430258515e-01
2.547626196991101821e-01
3.692712846414457628e-01
3.998330974446571151e-01
1.559047271997336670e-01
2.781851457878357081e-01
4.824108250799739595e-01
4.331350774894096589e-02
1.870436937582260484e-01
7.906484851688651283e-02
2.900396250398204478e-01
3.599779979869678348e-01
4.516205992628830601e-01
3.969822567237514255e-01
4.393731032690799676e-01
9.658770524308608885e-02
1.668943247493188953e-01
2.514713835110897744e-01
2.863644875533263856e-01
1.284223251378126540e-01
2.831369382699869264e-01
2.789413281270179332e-02
4.491534077545572545e-01
1.031481222298994277e-01
2.232499519954678768e-01
1.852536271588403061e-01
4.277049603663959365e-01
2.811895925616770264e-01
3.459117539068142788e-01
1.377987064893202718e-01
5.508892440775656762e-01
4.745692127714382091e-01
3.069663869849546534e-01
4.468380530715299614e-01
4.328081243387624233e-01
4.220169962476811309e-01
2.250589364679873861e-01
2.643702627585360343e-01
4.514224667625789666e-01
1.956260920514850121e-01
3.113529811099124966e-01
4.155267943624273985e-01
3.253685160721592196e-01
4.019791548014737814e-01
4.135564116837874282e-01
4.033086590829909612e-01
3.581215162251750739e-01
5.334959433602852741e-01
1.171101457736727774e-01
2.496138427852314379e-01
1.982095204048361370e-01
4.039899894758989252e-01
3.316161817436839021e-01
1.775908903201881828e-01
4.277761128598593365e-01
2.027077420887087311e-01
2.117349223427962279e-01
4.234494684158983113e-01
4.004724980553933111e-01
1.604752726190429302e-01
4.348548318876954144e-01
1.663215184643325462e-01
3.928474499146328847e-01
3.402097539708344165e-01
1.279529074289965929e-01
1.311812526002599510e-01
3.786589046546853798e-01
3.796165334065968455e-01
3.087032128610148751e-01
2.647483470935829142e-01
2.637962370746855245e-01
3.399039437621061421e-01
3.894294388157428788e-01
4.257653841565267050e-01
3.981259441383792064e-01
1.443148509610620023e-01
1.131627291328870105e-01
1.657600668792170440e-01
4.124269422372063287e-01
3.808885058201626483e-01
3.562294567229312148e-01
1.854837247770041164e-01
2.460683187328687738e-01
3.325157911772152475e-01
4.681641798615451822e-01
4.672528483068846133e-02
4.131410845416473299e-01
4.580329933049315239e-01
3.596678276528222362e-01
2.210299460943847549e-01
2.008821304706623623e-01
-2.125167945498165900e-02
3.064597284866039106e-01
4.254998531285482111e-01
1.949721541486896248e-01
2.540602022828098439e-01
2.082180450899145940e-01
3.942575489878059614e-01
4.008374068155096115e-01
1.192916073505376068e-01
4.198535647352316658e-01
6.093250498541507437e-02
2.654950855760216943e-01
8.883681547563154757e-02
2.573393125190324704e-01
3.944164112733183902e-01
5.434448926655515155e-01
3.368153859396644800e-01
4.167580647689245188e-01
4.422278125572459140e-01
4.550976946190963268e-01
3.701551054609882319e-01
2.035717757734148703e-01
4.631146615349365225e-01
1.813880131478088908e-01
4.182062414879224588e-01
2.206127645981616758e-01
4.439247179526717990e-01
3.669962747383449519e-01
9.537319041086449178e-02
3.683194329530189992e-01
4.370306566654758029e-01
3.506200809365509485e-01
4.810475821585167289e-01
2.620948700898406147e-01
4.009308295033477409e-01
1.868211324108165206e-01
4.214638701306256952e-01
1.102022397252578889e-01
2.436807715957425846e-01
3.280167684448256904e-01
4.186113393492106871e-01
-4.028819753764240758e-02
3.195763888422764598e-01
1.502736215097309480e-01
4.110955422598100428e-01
4.332212062546852982e-01
1.695768499325774337e-01
2.379193422287829707e-01
9.100021632534123495e-02
1.115717696105049915e-02
1.350828523601574904e-01
4.443954476035296142e-01
2.456209396089370500e-01
9.019769284347604887e-02
3.525657919219872538e-02
4.502023860570114611e-01
2.586521493816509865e-01
3.103166141143284817e-01
3.291605352755345160e-01
4.452016189971068627e-01
3.130720832585096036e-01
3.307629497455488732e-01
1.877388921998531524e-01
5.428896212355094342e-01
4.236862497437264841e-01
3.847107210589832405e-01
1.192721780444803981e-01
-9.277181244648419201e-02
2.497126421990107370e-01
6.166442866581135496e-01
2.288364678380122863e-01
3.897532273895986665e-01
4.136093055322760392e-01
2.487495067883169486e-01
2.446322447922719134e-01
4.249922768226145897e-01
2.468633783478780819e-01
4.030592594776021276e-01
2.190280035055762464e-01
2.141901084601134930e-01
3.831466115498409208e-01
2.463113715323345804e-02
3.794160506010654244e-01
3.970751959444125401e-01
2.279800512923687017e-01
1.083892521418156757e-01
4.090193993105405990e-01
2.116010825541176366e-01
3.191218359649888314e-01
3.762670073087789335e-01
4.279760453750169891e-01
4.427321452515166622e-01
1.895910633519892197e-01
1.295359153514283324e-01
3.184384395714447979e-01
4.045265465105823965e-01
4.024345975620900462e-01
3.303193707474845753e-01
4.266938376434834534e-01
4.476403977219899355e-01
-7.181772084289438085e-02
1.728213003448489105e-01
1.314447762094098360e-01
3.609291474613108841e-01
3.625635285843964439e-01
1.335563500841481233e-01
4.165979933175630867e-01
3.379877073949200672e-01
4.423521029563499130e-01
2.973706407418090225e-01
2.846337191243286657e-01
3.037949447894723320e-01
4.023804687396007052e-01
1.063616200119202049e-01
4.794214374041666504e-01
3.858962702085659280e-01
1.512653045535349017e-01
3.226053892510308829e-01
4.171620581077056800e-01
3.137088441351398860e-01
3.456990018768998918e-01
2.272522892959903396e-01
3.029407010246553678e-01
4.134863389834766978e-01
2.073249929600438912e-01
3.397251738069007598e-01
1.856088704756835850e-01
4.174824926176478601e-01
2.632341121540611728e-01
2.081935674894678512e-01
2.726587216955992932e-01
4.328201984460495755e-01
1.663727016151262117e-01
8.886777374882216807e-02
3.887280038518813319e-01
4.078919407007085551e-01
1.026252828761828328e-01
4.101604635464524140e-01
3.211905996085168691e-01
4.332212062546852982e-01
1.725496415560793251e-01
4.234069172464588471e-01
3.042230198930609975e-01
2.395153515963257054e-02
1.172370108471046252e-01
4.047222812593223584e-01
3.306530463329900860e-01
2.162734103448349376e-01
3.580249609588156412e-01
4.794567789709847649e-01
1.711066546821295442e-01
4.134243402514096721e-01
2.740796973695203143e-01
2.763813296259097219e-01
2.107279704008083454e-01
5.750655429208509917e-01
3.351561254263614176e-01
3.772731469008104299e-01
5.745586170674749082e-01
4.101437889494021771e-01
5.089137299023951400e-01
8.012797674017055338e-02
4.152998546537762792e-01
2.478635916937936903e-03
3.966765894556706362e-01
2.072123495889571787e-01
4.335012755705359155e-01
4.129421336075922433e-01
8.624083880835778718e-03
4.206849786173156303e-01
2.389066510605658833e-01
5.723899467491748716e-01
4.603285290778729583e-02
2.610153390175188881e-01
7.951650182031863578e-02
4.843665943698500786e-01
1.081961477084509710e-01
2.381132508018339033e-01
3.869028761729858545e-01
4.150272778551493125e-01
1.687293974459672385e-01
1.067606623529401833e-02
4.244744642236464305e-01
4.906121831905269626e-01
4.182435712782376913e-01
4.149909984607592639e-01
4.007195467331717276e-01
7.798299759980277523e-02
4.197824305398308864e-01
3.428250081734579569e-01
3.617372841746878676e-01
1.790507612023487238e-01
2.652132808642408413e-01
4.255190746001487057e-01
2.898478476516602176e-01
3.930079960368237368e-01
4.104940456085270362e-01
2.534140162027756493e-01
4.502594265535207474e-01
4.593938271059603839e-01
2.795592449788601996e-01
4.084514142123576996e-01
4.194265389487708551e-01
3.904382306517801826e-01
4.498454220584113261e-01
1.878418468090474192e-01
4.069886520703422939e-01
1.695214190016990641e-01
4.475708435912619798e-01
2.989775031554933182e-01
3.566098352709303199e-01
1.067449972016016602e-01
2.035657881162417637e-01
4.230858833401178742e-01
4.135573647597448610e-01
2.323917378285264013e-01
3.544218882963967032e-01
5.641840559471225092e-01
2.337092019848726054e-01
4.908227550540021911e-01
3.496941826848238843e-01
3.978005272859079233e-01
-1.955214685609590192e-02
1.601311789216589287e-01
