3.543827415624081767e-01
4.170478363731265348e-01
1.601798635518811575e-01
2.356522957379446059e-01
4.336528364726686680e-01
3.634555194681303170e-01
4.468942439736419692e-01
2.297483898604677499e-01
2.294859008490858221e-01
3.792367804573242851e-01
3.604873435283183908e-02
2.230701185535465814e-01
3.911386651348395804e-01
4.441309950409532137e-01
2.314956036161483488e-01
3.677113850144451135e-01
2.011067547223521490e-01
2.681554957250075200e-01
2.663634648794327986e-01
-5.527197396212232827e-02
1.049252021839252036e-01
3.883228944557600149e-01
4.189798814987671927e-01
3.961034228523728218e-01
1.005434583318067510e-01
5.520882108287062523e-02
2.579388657428405840e-01
1.558063419611484257e-01
2.543153955278194545e-01
2.478268713383977584e-01
4.816918888906007168e-01
4.524889635720484860e-01
3.982927784872788979e-01
3.340101171867183028e-01
4.137834942915938341e-01
1.220699203603250182e-01
4.088433339002659483e-01
2.890372305342460146e-01
3.858710982153161773e-01
3.620739887741700747e-01
2.107457836425180031e-01
3.842333834424819794e-01
2.224144222940718507e-01
4.168898636804973523e-01
2.415406906932036080e-01
1.094260637263802932e-01
1.874470597348619760e-01
3.226430457094789928e-01
4.215887373543688033e-01
2.968166519188194519e-01
4.003544698258931778e-01
3.148212643515484466e-01
2.366943698204090063e-01
4.383269475983729291e-01
3.899877438861425460e-01
2.272136248259048752e-01
3.729070612941715601e-01
1.107399391233397229e-01
1.822958635401510097e-01
3.403242991786466498e-01
3.075047589716856100e-01
3.903550521404956508e-01
4.142376228280971184e-01
2.681101198699566979e-01
4.661976744635286107e-01
3.754638786630983827e-01
1.816472137929979191e-01
1.276414889678211262e-01
3.157242037005298929e-01
-3.342649878064916924e-02
1.332957219981772135e-01
4.224752272844985446e-01
4.898780786126507025e-01
2.762662166802513641e-01
8.684758498863312526e-02
3.340193563390733145e-01
5.694399146791179200e-01
1.259980144959902126e-01
7.607678170394503725e-02
3.574125840762167883e-01
-5.640188297712715043e-02
8.531400668897110018e-02
3.518298964082706703e-01
3.977868739852841728e-01
1.616087247208894684e-01
3.366095446855083551e-01
3.029674181046488890e-01
1.389585352016825814e-01
-4.326231452591444704e-02
1.685143291551800815e-01
1.816838469291848779e-01
2.603511081692690410e-01
4.169352755715285408e-01
3.148768682841771582e-01
4.074294684966266455e-01
3.148388270892547025e-01
2.292514712424064682e-01
4.328667753552232211e-01
3.671638163633774155e-01
2.232104565609853708e-01
2.091890757878561435e-01
4.040260768236164091e-01
2.233636325887045082e-01
1.567133535211340800e-01
2.185387626051973620e-01
4.014753680616413578e-01
4.164398388890743763e-01
1.497326980013227449e-01
3.073535977224750027e-01
1.848263308017082107e-01
3.731914174187126454e-01
3.772060001478382829e-01
