3.710194963520904166e-01
3.047177463741818637e-01
3.929761660383308541e-01
2.193537220478727900e-01
4.250703606719700711e-01
1.303107154013508906e-01
4.658062532422296287e-01
2.920657865459213021e-01
7.003595212962517025e-02
3.210929801085817825e-01
1.998260947330634807e-01
1.817571564779290327e-01
2.879919229642168288e-01
2.019102287335906576e-01
9.685229772515881186e-03
5.689379245517782735e-01
3.904963136814416647e-01
3.159058728406013428e-01
1.357631744094904280e-01
2.524883953886798427e-01
3.352433353203200794e-01
2.742390271062184470e-01
1.498786457549280970e-01
4.197946462600150030e-01
3.720525914798197276e-01
5.255701701502644152e-01
4.104373231082797391e-01
3.769047798068684285e-01
4.087454231043030628e-01
4.068554425897555338e-01
8.518427207166737181e-02
3.052149359363442449e-01
1.240293227336362741e-01
2.937177782627855005e-01
3.786761673207623691e-01
4.373714635993033450e-01
2.615703223205003702e-01
3.890468940426856093e-01
4.246880715738823864e-01
1.482358585599869716e-01
2.303600195669918138e-01
3.181913743797685767e-01
4.431658990405710763e-01
4.238030312984239489e-01
2.931112174048521868e-01
3.281367695457069744e-01
1.484306042175352613e-01
3.281448527459663866e-01
3.819679120994901589e-01
7.922499482018641181e-02
3.957991552823481585e-01
1.712139415754712901e-01
4.112680923259687815e-01
4.050939386436583356e-01
3.527781991231490610e-01
4.128450446684872599e-01
3.285675405016092454e-01
9.971790751358294499e-03
3.282096357502367057e-01
2.963732420637303910e-01
1.493267870017262189e-01
2.327841614237093348e-01
2.234657643244818137e-01
4.044942232527520276e-01
4.187625403479540709e-01
3.253591641439900206e-01
2.587464600026840866e-01
7.571183966708003310e-02
2.114315904064431317e-01
1.666999107804603697e-01
1.877231504461237266e-01
2.147366760650477602e-01
3.935570763734098088e-01
5.136449014408671632e-01
3.295548969456978394e-01
2.369259653953577627e-01
1.217526850653859877e-01
4.878868492127257928e-01
1.705890697094000485e-01
2.405488854963470369e-01
1.457939174081273048e-01
1.172233743508240833e-01
4.635273981942185095e-01
2.781429970668557461e-01
2.039138136150070169e-01
1.454059857850307780e-01
2.430292366725292363e-01
4.272491829296510835e-01
5.522740342409910436e-02
4.626425799850432119e-01
3.249144716818484491e-01
3.931287340600185254e-01
2.584303293132365620e-01
1.576827813907416276e-01
1.789023832502746048e-01
1.883179516091425809e-01
2.569380265466519320e-01
4.567910325147042094e-01
4.769675829843674220e-01
4.244728939926262212e-01
2.830432816698409959e-01
4.413342037264557649e-01
1.680816381474740939e-01
2.964732568879355767e-01
3.656287962095786659e-01
9.654763962271735445e-02
3.375833142242816443e-02
2.192882425684093879e-04
2.777685996461939366e-01
3.925759434281896332e-01
1.254959616324359539e-01
5.474764759130006375e-01
4.049783339323818621e-01
4.131934415224906010e-01
4.144332085368354068e-01
4.358955092180503144e-01
1.687992544697944353e-01
4.120492548736477967e-01
4.034914580558147112e-01
1.438100092404157593e-01
3.993017773901671452e-01
9.341904700861555777e-02
2.051500771105144449e-01
2.092850449353224895e-01
2.794711362807487665e-01
3.569027303461145828e-01
4.463071330018997251e-01
2.984213833758201373e-01
3.646811037828029955e-01
3.034511236543854240e-01
4.163666494602648038e-01
4.048450568609925360e-01
4.164100558670414398e-01
1.470574364435369430e-01
3.424018566801816932e-01
4.407378088737611277e-01
5.180340799493289294e-01
8.571816406199969651e-02
4.087652726226701505e-01
3.183837832792946188e-01
-5.070329370042903072e-02
4.166006958708679542e-01
2.388979265360341164e-01
4.735519683793090739e-02
3.903881052462185308e-01
2.438789128094098202e-01
3.984313810417357549e-01
3.934313784342229336e-01
2.982621868291012168e-01
1.638095042542918600e-01
2.138044365232677213e-01
1.312604031882829980e-01
3.373581766802989379e-01
8.146980993260813375e-02
3.035611751733712782e-01
2.158321961742698802e-01
4.161659276803765239e-01
5.305275584579473014e-01
4.040139840863289922e-01
3.605635869416325412e-01
2.302392311981923401e-01
1.407273836830530422e-01
2.757502131414374946e-01
4.301361490051344161e-01
1.529446729364218882e-01
4.218532155591281363e-01
3.911011603304021533e-01
7.784489403060776413e-02
5.251330021128525205e-01
4.533541263426472678e-01
2.260901914838331639e-01
2.160313343626478477e-01
1.379496875171368209e-01
3.709154942514253928e-01
2.718794192123680786e-01
8.773476781266001390e-02
1.007696155233971380e-01
1.072998187938992015e-01
4.348475323299728079e-01
2.749650213686790634e-01
3.116687444273736896e-01
4.254274552880327187e-01
4.392086929778026283e-01
2.500995544675382876e-01
4.032476747523608962e-01
3.406748025504246491e-01
1.449487643365545142e-01
2.018223108166395108e-01
3.977206398948614496e-01
3.905501476603195909e-01
2.312270239898722157e-01
1.372566514054870956e-01
3.254583502651233751e-01
3.945948963015494249e-01
2.305272915549277102e-01
3.994457686203202740e-01
4.294351027195067450e-01
4.667173593567721102e-01
3.910518257040366263e-01
3.194511046218693195e-01
3.998544489186204864e-01
-4.081542089554050790e-02
2.320370195540499558e-01
3.126759506180365467e-01
4.586762873367589144e-01
1.673080180788205917e-01
1.852334832740221704e-01
3.898964008706221618e-01
3.453925157186538697e-01
4.202175612062284404e-01
4.417670713249877701e-01
3.124531666856912859e-01
8.233931253893578273e-02
3.494676764452423479e-01
4.179370126746010383e-01
4.198863492619092086e-01
1.821097307256772102e-01
2.301060460890897164e-01
3.315357478588004114e-01
2.033669991262642140e-01
2.900056525498108662e-01
4.846180480883581221e-01
3.480709471149613932e-01
1.733508190308021835e-01
3.660315525204949072e-01
3.060920138005396307e-01
2.697456893038716053e-01
4.507842873919235549e-01
2.238847201674428744e-01
1.306633145859145140e-01
4.221942829810210185e-01
3.171587990871343465e-01
3.565507960948882116e-01
3.879972091072277918e-01
1.693244040524544691e-01
4.004533900857206175e-01
2.955738977561331859e-01
3.734862925849217752e-01
2.337121076010305332e-01
3.650007392566002040e-01
4.313447983669479319e-02
2.960663561695777712e-01
3.666329731580577067e-01
1.617732494632288243e-01
2.726698173751915810e-01
2.414725474841732666e-01
5.314048485288405121e-01
1.348192118000402229e-01
1.854304841159168937e-01
3.880659467543384200e-01
3.206728086684799139e-01
1.036717656455043990e-01
4.985900507564771100e-01
3.342310660640425701e-01
4.157361965606330978e-01
3.733764421371632003e-01
2.937215361495879029e-01
2.473183923539766516e-01
1.791773908490072731e-01
4.204176864111878187e-01
4.764500493789881608e-01
1.895340975829418462e-01
2.027917908782548850e-01
3.522122620594773101e-01
4.068996760191696538e-01
4.121074239581432042e-01
4.431327493409940588e-01
3.938197145233374163e-01
4.971942208942243258e-01
3.031709011908047535e-01
1.906986689632954313e-01
4.189719803870510795e-01
3.897566415134795514e-01
1.609686156463061291e-01
3.891841073343760282e-01
3.231650505978937438e-01
1.531895276516028748e-01
2.335602296984487236e-01
3.061300950924920605e-01
2.463011834454628679e-01
3.790899827358918395e-01
1.222768478804178299e-01
7.179801411995205551e-02
3.797295300215740022e-01
3.233656763648187771e-01
4.095459549395641941e-01
4.199605648759421328e-01
2.498080814910144665e-01
3.443511430204291290e-01
1.239744411751166064e-01
3.552503017526334461e-01
3.895119097811952646e-01
2.825432894544283591e-01
1.312049481348737112e-01
2.755654309449273587e-01
3.768385006144184257e-01
3.398366521598449874e-01
2.767784278314940893e-01
2.976068083999197089e-01
7.796423772898707083e-02
2.675407466241103704e-01
5.602526229336908248e-01
1.939431823088693663e-01
3.724367635771717588e-01
4.042343271152165074e-01
4.138282472941834378e-02
3.560805954696489306e-01
9.987132169878114307e-02
2.581195012446513837e-01
4.346861368623379240e-01
4.149759630132823229e-01
3.916827774022152431e-01
4.120417176485728361e-01
4.219069740221922937e-01
1.562024063884358827e-01
2.535355751907459876e-01
3.792912712785593832e-01
4.372750290752615565e-01
2.297878867627370092e-01
3.832567465511439453e-01
2.542517536421813329e-01
1.461211817580946315e-01
4.585735480721105373e-01
4.058582298797414056e-01
3.523919155082116950e-01
1.698031533426995754e-01
1.002571299997598725e-01
1.435901754298052058e-01
3.843955379685219942e-01
1.430792748254288149e-01
3.240236687199544718e-01
3.704538205440898180e-01
2.847986259113355345e-01
4.386251991305560871e-01
1.428066214944290757e-01
3.782162791682466829e-01
2.480120830051661673e-01
2.840137220114979932e-01
1.484736135439064519e-01
-2.536062923453973397e-02
2.187601947214915521e-01
4.159581062522111350e-01
3.894149108801759906e-01
3.069771233835406066e-01
1.038785451421545408e-01
3.136174341097078266e-01
4.535374930948093963e-01
2.398525327104472638e-01
5.553383763410402185e-02
2.850074309537215522e-01
1.076434843539620656e-01
4.103205243758092369e-01
4.156126541000231822e-01
1.160810904515353070e-01
2.976073978381892360e-01
3.111598396447545212e-01
4.182186612667726511e-01
4.034095821923179281e-01
4.090850539623153703e-01
2.252292756634750315e-01
3.539518689713488375e-01
3.229683692459803801e-01
2.393517372837364598e-01
1.214643405440955781e-01
2.196297579894234409e-01
4.134041567830276098e-01
1.946276442274339213e-01
1.851283470046693469e-01
4.016563529952462130e-01
3.545126490932912766e-01
3.770703925837497472e-01
3.918340135863487284e-01
1.768662274596135842e-01
1.696050350067970502e-01
3.553394269475382838e-01
1.570256238795241510e-01
2.886256692661578471e-01
5.435813082488475390e-01
1.262020726848586960e-01
4.349730460930398279e-02
3.934956493209484374e-01
3.283675361634441070e-01
1.450185685563638582e-01
4.587382617958857822e-01
3.515576020263395662e-01
2.291253323396204578e-01
3.954743981144501208e-01
1.845375864615268202e-01
4.222936112959422283e-01
3.097751349423059075e-01
3.452714792420258361e-01
3.245374503511705977e-01
2.403862384578292488e-01
1.780808023984812027e-01
4.559094482910001633e-01
2.790294673556127925e-01
2.219451733340550292e-01
4.566074626167045403e-01
4.081477845434984264e-01
3.270216796378202506e-01
3.904168846547879101e-01
2.362988593970477280e-01
4.038729316660980562e-01
2.838735478982704064e-01
4.301759824351218953e-01
3.732987326927228455e-01
1.633230839110498822e-01
3.925714762943746661e-01
3.492785453962284070e-02
3.522969599323382273e-01
4.489134069635297708e-01
3.737987214020441762e-01
2.965759742239534313e-01
1.682009111431354564e-01
1.385179149764778628e-01
2.910279757616264229e-01
1.915246614064003705e-01
3.175462759764060561e-01
3.415216665115938244e-01
3.580240160983148567e-01
3.276682463673465384e-01
2.243218224034035924e-01
2.783489765989727860e-01
2.457665419606787915e-01
1.804413859919140051e-01
2.902791243767999241e-01
3.703967203817892240e-01
1.311326826285607594e-01
3.070231373679639386e-01
5.832827303699923416e-01
2.731798566584361931e-01
3.398435428533758684e-01
4.527096977894483065e-01
1.674582821576339475e-01
1.451350599975613498e-01
3.047122273299762707e-01
9.623758987270036175e-03
4.168701359624991110e-01
3.211773557114835920e-01
3.521372664749677917e-01
4.123618012174419256e-01
2.558517158061611799e-02
1.270357267518568700e-01
3.068906978997245072e-01
1.186786472327539116e-01
3.819211404259044706e-01
4.122235799763525055e-01
3.861272958206490302e-01
3.072679552380665480e-01
2.269919109879092456e-01
3.951352396659421062e-01
3.283275758502925967e-01
3.828954749147663317e-01
4.117843808332491973e-01
2.865623208118453502e-01
2.428747713419529275e-01
4.193965468890071824e-01
1.973033736513275238e-01
3.042478149503710649e-01
4.315972518738568908e-01
3.962786811147763766e-01
3.918479705891696474e-01
3.593664107632755789e-01
2.144459267644509282e-01
4.253340169991253750e-01
9.014803206763019605e-02
3.486323073601733102e-01
1.421122288573629655e-01
1.184156158819420490e-01
2.898737871677249944e-01
3.837478176727018853e-01
3.450079079531454540e-01
8.723517319630534617e-02
2.226824938068009962e-01
2.204962336771307541e-01
4.296446825458436480e-01
3.877653490868946395e-01
2.822225454126340849e-01
3.756978529187563476e-01
3.250863292016073491e-01
3.468116641588346316e-01
2.711769104820967446e-01
4.058973304743975774e-01
3.374301612584488796e-01
4.974125768199043063e-01
3.945739931923573085e-01
1.586948456547784825e-01
4.168171259358354752e-01
1.402584007969897018e-01
3.949335522794503728e-01
3.498180246361721757e-01
3.986156797088305503e-01
1.082988495134176894e-02
2.094158733182790166e-01
3.037570133621792512e-01
3.495714455049358516e-01
3.422910449825011803e-01
3.930220140954249208e-01
2.594477597434483029e-01
2.000895082478329201e-01
1.842359861764323870e-01
4.098598697792759649e-01
3.634311550791659018e-01
3.077549251040765377e-01
3.606098028686194334e-01
2.200697174356980035e-01
3.672383204312221205e-01
2.655225435978861293e-01
3.981149714416836183e-01
1.824168891406347248e-01
1.789976715936351659e-01
3.858027950745802070e-01
4.007338810246161565e-01
1.931653324988674425e-01
2.414353751152852612e-01
1.559262647247459388e-01
3.046234816435278714e-01
3.887980411178487139e-01
4.138040503599801911e-01
4.179040049613508279e-01
2.330028716253983723e-01
1.737737402267790499e-01
2.945847354882822899e-01
2.356790708240412147e-01
3.784984859135649971e-01
2.193741938870822361e-01
3.551072296578137166e-01
1.875550846085685397e-01
5.285735753323079350e-02
2.895573653689645366e-01
1.143542305052994285e-01
3.037568488870771577e-01
2.941631842248906836e-01
1.525925297511953327e-01
3.584757701188889811e-01
3.046249006769516932e-01
2.523560752520230266e-01
3.743347034169994814e-01
4.036203929264194357e-01
3.676411488348452217e-01
3.498064700709413444e-02
3.786834456344758126e-01
3.288335873606849646e-01
3.809700544553817902e-01
4.219308671426880708e-01
1.433039185214033673e-01
3.298124096257339377e-01
5.586266550191201219e-01
2.152561058642126213e-01
1.022969444071219342e-01
3.983854915754206916e-01
2.293156186898209770e-01
3.248529265425705859e-01
2.000234442754521835e-01
3.731915431608410216e-01
3.433253059167248322e-01
4.243138119643941608e-01
3.893282622927715653e-01
9.255069099789121900e-02
5.376678915021222416e-01
2.501196654645971296e-01
3.807537375604043706e-01
9.873933533502207704e-02
1.545240351462284500e-01
4.382190701049799020e-01
2.690403616450324220e-01
3.364226486063571220e-01
2.411079939595732746e-01
2.297716377771699403e-01
4.158725216079369735e-01
3.352047360344892479e-01
6.852490863569113411e-02
-7.051940470138558237e-02
4.110873413254178543e-01
2.734831024414113299e-01
4.091219431054095024e-01
2.309255798866253206e-01
4.065440903916320847e-01
3.945117543863900234e-01
3.548920405417245183e-01
2.934820178921627720e-01
1.351742104788406229e-01
3.751904517099294289e-01
2.386725980112099077e-01
2.250694220721244643e-01
1.526283036927260361e-01
4.179125131040315466e-01
4.218264062004699055e-01
1.965387357634281185e-01
2.562955482930743822e-01
3.999514178622675109e-01
-6.856392757368710844e-02
4.038288916733453471e-01
3.301516270554119004e-01
4.131022867156138312e-01
2.264744769949420533e-01
5.030454923376671550e-01
2.418320524446843922e-01
8.585486140330279847e-02
4.464984969617256105e-01
3.290878854113636343e-01
1.701642971778981328e-01
4.321906205340448337e-01
4.808019337804313453e-01
2.843632424951689774e-01
3.340800280674280365e-01
3.750379995552252654e-01
4.262472031801615713e-01
2.163504529887887995e-01
4.345017192785825544e-01
4.269644576074666520e-01
3.341520907339085023e-01
3.822206730921668405e-01
1.661124289773191487e-01
3.885955038257681848e-01
3.411806217859372770e-01
2.835027830372046642e-01
4.269405382224049084e-01
2.803084846684907316e-01
1.789737953189748099e-01
3.669416849374538825e-01
3.786356666131280302e-01
1.039524293994353310e-01
3.838955038667279940e-01
4.965908362231201689e-01
4.338274136197748931e-01
3.110017294262106269e-01
3.780947433536731017e-01
4.211276169663379365e-01
7.681016971143447836e-02
3.748436845867687550e-01
7.069340315151692589e-02
3.318311025711731532e-01
5.032689807869135112e-01
3.822118968890932944e-01
1.798579341347792682e-01
3.389237092891011494e-01
3.747791548509200044e-01
3.926307016044501275e-01
3.192296253704298703e-01
2.182482626727548225e-01
9.561694232027842522e-02
1.999688938351044665e-01
3.254581395677044742e-01
1.759220762265977511e-01
3.578835033257070086e-01
1.731315140539086972e-01
3.421998506750448810e-01
3.934148145798688212e-01
3.861528268044596701e-01
2.374084159044257680e-01
1.765173250645799830e-01
3.173557738926702232e-01
3.388797058094892289e-01
3.772574378688714480e-01
3.485502138700593000e-01
3.179488157602485821e-01
4.404050408887559276e-01
3.057758237513057420e-01
3.555386214615850471e-01
3.976057734543951838e-01
4.045750575374173486e-01
9.094826999285456071e-02
4.891964517994275563e-01
4.132903965247566314e-01
4.155425165059032366e-01
2.945273800036959377e-01
4.148269455833389907e-01
1.933047291311507099e-01
2.772256753006581698e-01
3.889888077558860124e-01
1.955490516481102337e-01
-3.888801254978303812e-02
3.579550583765469529e-01
2.972431139506858666e-01
1.845881719326616655e-01
3.595141403996406915e-01
2.817304667980913280e-01
4.206549918270620636e-01
6.894861942314972625e-02
1.683419077148579357e-01
4.158305536529362523e-01
1.791855095458483871e-01
3.870084909304510323e-01
2.789020842934890609e-01
2.303453891534574388e-02
4.670243218455358281e-01
2.450510938342963518e-01
7.693912590903274895e-02
2.786349290946233959e-01
2.883076337525459776e-01
2.831410689020162907e-01
3.967970059765121293e-01
2.036357444724086196e-01
1.354065545472416809e-01
4.319291369877161224e-01
3.146955108542985879e-01
3.955246092610609221e-02
4.268723147881954838e-01
2.779644228563157293e-01
3.263072276770505598e-01
2.751938579349910152e-01
3.010417241908848185e-01
3.780798649956856883e-01
3.559214954337997505e-01
4.207059130946149694e-01
1.226516293788652012e-01
1.851034945921651437e-02
2.102813198125781380e-01
3.034819958053172617e-01
2.870761838507683850e-01
4.552798688022915985e-01
1.517477772453732221e-01
2.657497675281440541e-01
3.769554119567343209e-01
3.931375207606200850e-01
2.647375935587161777e-01
2.089521259186897795e-01
1.821860554974263358e-01
1.952723492587568888e-01
2.545320469951948827e-01
4.560344306971054196e-01
1.372380077335925430e-01
2.726296468054758559e-01
5.375983565485729226e-02
3.083649152927839809e-01
2.009513288212888271e-01
1.412129982476666712e-01
1.585480117936351463e-01
2.320407800756073835e-01
3.991506503823989971e-01
3.046948796048782326e-01
4.283586210182749876e-01
1.627670015573459694e-01
4.123517477390642449e-01
2.530488693188926996e-01
1.120148482748107438e-02
2.300745917869569113e-01
3.917252853367766963e-01
2.051432798003783031e-01
3.088907180457409751e-01
4.620023312736292187e-01
5.534910172552022223e-01
1.560218260868178608e-01
1.500707422181476458e-01
4.572101876032354517e-01
4.584627918910008648e-01
2.541497110109150470e-01
1.018750879452204501e-02
1.881873354484434879e-01
2.915511709784289196e-01
2.045659780838929298e-01
3.903073669330242579e-01
4.703050482031577717e-01
2.336707425277738948e-01
1.068117517702486391e-01
8.542252048089313265e-02
3.073057801133762812e-01
2.912893702656823569e-01
3.073104957025170059e-01
5.633795824145891862e-01
4.593697801323671226e-01
2.294566927430504999e-01
1.210117622393694775e-01
3.059743539958905689e-01
3.671928591852126611e-01
3.160333761471362246e-01
2.225976769342950523e-01
3.652923693589192333e-01
3.380769090599594073e-01
2.646506632392373048e-01
4.199020021963865146e-01
3.975750976030869577e-01
2.685909641327702824e-01
3.200314084653823610e-01
2.903380724981973748e-01
4.092271197881703348e-01
2.396468222967742534e-01
2.226827474071602364e-01
2.728408065875685962e-01
3.477926875231403536e-01
3.222652298860526066e-01
3.354095867867186720e-01
3.557263387544650213e-01
5.620321169872096734e-01
2.398875663532362423e-01
5.845336764632622639e-01
3.595547692766973835e-01
3.564229846049978834e-01
1.266477658197037726e-01
1.368312030696901549e-01
4.491293255955738362e-01
4.539041257730745405e-01
2.881748011041684321e-01
4.224144238598839807e-01
1.644115854477641858e-01
2.976662210135899364e-02
1.035053864660976375e-01
1.838414363806099017e-01
3.074600069726887153e-01
4.095880247994213019e-01
4.106880657333721318e-01
3.347884116271930277e-01
3.613592945196670847e-01
3.963634151688403828e-01
2.950893817806412023e-01
3.112037704092765478e-01
1.800927440849457162e-01
2.543676425128262863e-01
4.502886146603130579e-01
4.086841388472664538e-01
2.866749012392564855e-01
1.918082779790593606e-01
3.560257715697351388e-01
4.395745145664371467e-01
2.070430697154053701e-01
4.037690088777836084e-01
3.326165903493247256e-01
4.356781985640081345e-01
3.835815038020263801e-01
2.718656895557133857e-01
2.609430256758796807e-01
-7.505240145899630400e-02
2.100954553956213278e-01
1.716823006106672489e-01
3.563767924115524566e-01
1.737461293787491701e-01
4.141769135907887311e-01
3.355861899774671975e-01
2.104526628782623851e-02
4.291452738560612712e-01
1.150690846915080334e-01
2.515855263274942577e-01
4.016836415888764833e-01
2.269189783439856389e-01
2.371747102278131680e-01
2.940219376003924689e-01
3.074705877340123128e-01
3.164371920652472303e-01
4.280235736174754502e-01
2.544484175466223408e-01
3.398779057020536176e-01
3.746153799505296811e-01
1.906941934221223489e-01
4.179256858834248800e-01
2.323958030688401122e-01
4.858856244235106869e-01
1.125286360805856645e-01
1.190656468579333188e-01
3.191421017539063376e-01
1.617839173011318965e-01
4.360946096277752981e-01
4.063354998639478466e-01
3.939933111059001347e-01
7.196512779437833074e-02
4.272989023754753535e-01
1.962973706257034878e-01
1.158315098571466445e-01
1.553861195686183361e-01
3.467886418145069705e-01
3.762638439430412429e-01
2.022177085212383818e-01
3.427181284846196885e-01
4.069986745955347929e-01
3.411653382980566196e-01
4.446822691949139927e-01
4.125368322685288303e-01
3.743941490714315368e-01
1.131789295414546564e-01
3.655731430464482790e-01
1.323802100960454475e-01
4.057361675290815928e-01
4.266938376434834534e-01
4.061323309567710371e-01
3.784138012352253333e-01
2.948250223265736492e-01
3.276343838316811974e-01
5.743360627944863461e-01
4.078011316898713656e-01
2.789623220133755632e-01
4.250063584680204842e-01
1.535787817142690859e-01
2.233784477385035439e-01
2.603628888592394164e-01
1.840604717411528646e-01
1.603568038253061490e-01
4.121551482097798869e-01
2.237135682226363553e-01
1.702521854486685471e-01
1.614546603606128727e-01
2.303661346052354175e-01
1.915626354306288470e-01
5.636713973024448654e-01
1.105788849446536215e-01
1.201942564874750874e-01
3.235779500103512785e-01
3.793703730769354410e-01
2.305068904184362499e-01
4.112597245929110468e-01
1.135608403965981950e-01
5.048973076163442153e-01
1.240293227336362741e-01
2.430040704881882008e-01
3.439005226498901835e-01
4.271754493305680023e-01
4.780699044129099740e-01
1.206459368334520527e-01
4.137754809849543691e-01
1.873350543738577234e-01
3.066270279631258533e-01
1.087374665130997897e-01
3.931282886204477411e-01
6.158640604313207756e-02
3.728445625810298258e-01
3.909289422848707396e-01
5.416522190694099681e-01
3.359774386534301605e-01
2.151152096206427056e-01
3.774534573371247093e-01
2.588733921275198635e-01
3.202551613237075157e-01
2.495690568456105651e-01
2.990940350930832436e-01
4.256465921385100826e-01
5.636739254640104058e-01
3.776688815558294082e-02
1.700617078453338649e-01
3.202252925787782423e-01
1.563046420206954112e-01
1.518616329434963226e-02
4.505070791710945044e-01
3.000988103799098750e-01
1.348870779448691770e-01
1.153430938218105856e-01
1.834281625632371571e-01
2.898331865468601887e-01
3.237273334637843503e-01
4.095800329935240375e-02
2.702275199245778303e-01
4.418146063721679617e-01
1.251729061428647205e-01
4.476603878781871826e-01
3.401543222930963339e-01
1.840692948096724069e-01
3.147712143788161665e-01
3.501585935707097197e-01
4.356535223196281725e-01
3.991908200963379949e-01
2.399266624926668368e-01
1.959483027597548332e-01
3.216384040690458690e-01
5.578750186152305890e-01
2.726828426912869530e-01
4.078247461487157777e-01
4.003022248947505357e-01
1.076995083744240606e-01
1.306827762403323379e-01
1.636061196965641618e-01
5.297563388119186367e-01
4.080508336074685216e-01
2.789334743916205839e-01
1.176299318249129505e-01
3.819044419708361726e-01
3.915965123687573102e-01
3.387763970228298560e-01
2.351416815594484511e-01
5.284642582175774761e-01
4.637351273437191335e-01
4.665469683375199628e-01
4.143448003479855424e-01
3.214030067552201553e-01
1.088743159648278003e-01
4.908291092533175193e-01
1.447560864015688675e-01
2.709712968541793110e-01
1.699142284484593257e-01
4.038250607810076054e-01
4.044942232527520276e-01
1.058647030120549309e-01
1.298446608691740389e-01
3.095321533512442880e-01
4.530693363756068126e-01
3.823150191267972176e-01
3.285009287076409712e-01
1.430705003857739854e-01
4.373530003147716450e-01
3.847762445538967513e-01
1.807179307108869315e-01
2.830780975096708896e-01
4.186189095190967491e-01
1.191678829128947105e-02
2.100430804745857805e-01
3.777059450621367831e-01
3.302166351341502826e-01
3.628004304055890139e-01
-2.560781896507034056e-02
4.619869920202245295e-01
2.217540426434077561e-01
9.981811773754958872e-02
4.406478570089025215e-01
4.140830898392934278e-01
2.059906437166895976e-01
2.307308231039794932e-01
3.677649941885543505e-01
4.547878573013910963e-01
3.769740391354772235e-01
5.456594677607903288e-01
2.777241974264883506e-01
2.392351118227155904e-01
4.778680674885100732e-01
3.849117274754003670e-01
3.548515312866959426e-01
3.724897097058391116e-01
4.885047647860895070e-01
2.115571547562883070e-01
3.566292523782791379e-01
1.366283116208906745e-01
4.637626480447463173e-01
4.052781596373446482e-01
3.904015316674632752e-01
3.676103590666871535e-01
3.721134329942788477e-01
3.830645451126448164e-01
1.110115734057754988e-01
4.311078440088436103e-01
3.745724377585467613e-01
4.223744044618319982e-01
3.615065679492341366e-01
2.992206901329714785e-01
4.441630019622098136e-01
3.083357620394441279e-01
4.341980499431749019e-01
1.759883246811033697e-02
1.403178582974463906e-01
3.918556121049028840e-01
1.767865952041379474e-01
1.844207500541338585e-01
4.240065037625752598e-01
2.073048715640010697e-01
6.824708645469913793e-02
2.601856654430049209e-01
3.916019678469042642e-01
2.623427437934441886e-01
3.030724863267848512e-01
1.645120255463283776e-01
5.216332363777234638e-02
4.839547134639645559e-02
3.525786461164478469e-01
2.537690039276338516e-01
5.069673626710521214e-02
2.818458207512246072e-01
3.606394292160849391e-01
1.583549328779767507e-01
3.964700747830213201e-01
3.983753005918744261e-01
4.154206364927399697e-01
2.678700722497888709e-01
2.563205336751304686e-01
5.763170107163650968e-01
2.835005304824266825e-01
3.939079542538334588e-01
4.390565005643040641e-01
3.763804328079369266e-01
5.407744964837678525e-01
1.054644414485126670e-02
3.314479074492888699e-01
3.401814780286850359e-01
2.720469637729741041e-01
1.454627047947462670e-01
1.138651510355320751e-01
2.243584114748684577e-01
5.609479213456002311e-01
3.511227623032860956e-01
4.278199139404934570e-01
1.381515554828928738e-01
2.198159558377426326e-01
1.153849654319104301e-01
2.898396315311209115e-01
7.537315740905350947e-02
3.973801903748909736e-01
3.695374159164133143e-01
3.498688806364860793e-01
5.347605218835995711e-01
1.921606967762601315e-01
2.735640248555208931e-01
1.640726222615746521e-01
3.948259770152812709e-01
3.683197519450939206e-01
1.391835656050111891e-01
1.365807587320622130e-01
3.420311884285296422e-01
1.989524769298068596e-01
4.256172753228966710e-01
1.835470445363550640e-01
1.321163091567798820e-01
1.984278539662174268e-01
4.170976958136517476e-01
5.755476899611153829e-01
2.074432376128872713e-01
4.407498844332755072e-01
3.670407674110582330e-01
3.207949003956210854e-01
3.085060883308559099e-01
1.755806523036763378e-01
1.899897141129142375e-01
2.806625661205990885e-01
4.086021335280888289e-01
3.097751349423059075e-01
1.894245119384379561e-01
1.244126324310591697e-01
4.565118644925386659e-01
1.953588663988546359e-01
2.148995435101604956e-01
3.422006044224477073e-01
4.062172313945786040e-01
2.693702240216594435e-02
1.451388857448656367e-01
2.548203880389198275e-02
3.390185619020669727e-01
4.108927559937511909e-01
2.330111734688339875e-01
2.260318521723786722e-01
3.958340849145512985e-01
3.950277567634221665e-01
2.158598372856770364e-01
1.235899098797426793e-01
3.422286959732364076e-01
3.870570739047701214e-01
4.049845934879767739e-01
2.266682522327910232e-01
4.222590774578861006e-01
2.675806627895553347e-01
2.610347851279192777e-01
4.259986989765647269e-01
1.884703639053969815e-01
3.500667067583456693e-01
3.151832972869103022e-01
3.988061014014184780e-01
4.489827035106467301e-01
1.588970509729103198e-01
1.435195118545573301e-01
4.776294685531333184e-01
3.569120913818228935e-01
2.737639142187849317e-01
4.013494238662155822e-01
4.597779964648268103e-01
3.832546038106740549e-01
1.988072204363430240e-01
2.050303263165486334e-01
1.109324611876693761e-01
2.869449787341466496e-01
8.403924910593305042e-02
2.043992930809999387e-01
2.646315272830720988e-01
4.859594773126841849e-01
3.722997999648271494e-01
3.633350168924548984e-01
3.865071378744326380e-01
1.867550210335911509e-01
4.030374454485332603e-01
2.504417646418189425e-01
4.362609434769477157e-01
3.271849187701087458e-01
6.683045318902375298e-02
4.116088071471004084e-01
3.089157701265172196e-01
4.601088123245535288e-01
1.933636751156995459e-01
3.116045885155492856e-01
2.600284779748028852e-01
2.154623274359231955e-01
1.362651290195023568e-01
1.303756953483740377e-01
5.580446054325581828e-01
4.045330836905234317e-01
1.784361331238416282e-01
3.790943616987703657e-01
1.811075204454946352e-01
4.329972449395203538e-01
1.866195772236776407e-01
4.336323503601405838e-01
1.762091949851570249e-01
3.611490773523094999e-01
3.304030368751667002e-01
4.057412541415227891e-01
4.065658742973598527e-01
2.313124298857256456e-01
1.731388413543571148e-01
4.193274736944317405e-01
4.116212144782889215e-01
1.097060079691643680e-01
3.917457399152286524e-01
3.728049734571475815e-01
1.219650742874565791e-01
5.510167839050211097e-02
3.568566470904543930e-01
1.224319625328890715e-01
3.496836922105391876e-01
2.522114302706820466e-01
1.665086634137316057e-01
1.920733856050146626e-01
2.973545030953885226e-01
2.669358208080220285e-01
4.188782123180954109e-01
1.782951101630765034e-01
5.604499976618482204e-01
2.782675832483322287e-01
1.707356482275114995e-01
1.265963059159002646e-01
4.058596831857268494e-01
2.740817333920380072e-01
4.026159194124025453e-01
3.265165463099546361e-01
3.146996954469410412e-01
4.207649296159129415e-01
2.957203133343541124e-01
4.015188666640983062e-01
3.010362819072591734e-01
5.636265836045385447e-01
2.509214553642712953e-01
5.256153530665602647e-01
4.407173792736167606e-01
6.942858247969209418e-02
1.650263170596967532e-01
1.710076123729799835e-01
3.203911604082459452e-01
3.761836063162891652e-01
4.101035225482516644e-01
4.211539525669952266e-01
6.818267387209227259e-02
4.026218806182946808e-01
4.073677014570344368e-01
3.463981949961589812e-01
3.206304125969041130e-01
4.013992052184102710e-01
2.592172638416050945e-01
4.039069216658183192e-01
3.985073677920472068e-01
3.524241717353842618e-01
2.135124267205907589e-01
9.137228406758833577e-02
4.027149833804832824e-01
1.545636230253445154e-01
3.115982950608225943e-01
1.368681239543214079e-01
4.429811741655426682e-01
3.395360824166554492e-01
4.199020021963865146e-01
2.858369076062287628e-01
2.798240190022978080e-01
1.179838345286005896e-01
3.965826002332603628e-01
4.590064321637942202e-01
1.164397097401766168e-01
3.869442785062429113e-01
3.545325297515585228e-01
2.503610951434472320e-01
2.157331420813340117e-01
4.308841693218333768e-01
4.367111432824929418e-01
2.869491969977137624e-01
1.772696849680545639e-01
3.180378664973909086e-01
1.727143231233954079e-01
3.132046201504472549e-01
2.955349811794078518e-01
5.452849747161546690e-01
4.004872063368308810e-01
4.133458391979291102e-01
4.887927856759577416e-02
1.431245482414110759e-01
3.264177607545719062e-01
3.153102621905882752e-01
2.795972655314105104e-01
2.571521956183642765e-01
3.246527519618867541e-01
5.451625391093951195e-02
3.236649499330046531e-01
3.287275828669347089e-01
2.506212630756740056e-01
3.085936883008170983e-02
4.297516094528116004e-01
3.599008375051507280e-01
2.386436407670482762e-01
1.488557205171452125e-01
3.206858942312574845e-01
4.684723787350446589e-01
6.418998118575575118e-02
3.338288367663728717e-01
4.474421475497913914e-01
3.918377879455566259e-01
2.128758047598640901e-01
2.398670191071300695e-01
1.416626591524485224e-01
3.659947567141167979e-01
4.263587585426389381e-01
3.242453219067188974e-01
5.513774994135903773e-01
2.333731997083911824e-01
3.546573128291091170e-01
1.531760217727848317e-01
9.204931547903011380e-02
1.317466357378034580e-01
3.175509953854229947e-03
6.656673395968511209e-02
3.095583431482918924e-01
3.048832837597260093e-01
1.523022085412409077e-01
3.225370351993589457e-01
3.846339112900320489e-01
2.457521724630981064e-01
2.592775307512581451e-01
1.265568452363263208e-01
3.895183600764582921e-01
4.185619525878891412e-01
4.489362061005385818e-01
3.574096380259046968e-01
2.365520259137936232e-01
4.336259158319156204e-01
2.963856992685497960e-01
1.301915129424386919e-01
3.505359283335069409e-01
3.876156715989482193e-01
3.649057000116945892e-01
4.296892816875559906e-01
1.973970879204523798e-01
4.521026726337368795e-01
1.738569829420648638e-01
4.028943467157177216e-01
3.872835295653533350e-01
3.116330176469209179e-01
1.572357833727162646e-01
3.613543795812256265e-01
4.348187719248334804e-01
3.902028748301598626e-01
3.793710224299495781e-01
7.205543441759287848e-02
3.184046106237197193e-01
4.172076976249755598e-01
1.274808751303510845e-01
3.227594278809536310e-01
4.493392948262582287e-01
2.408541595013052594e-01
3.597603369312512567e-01
4.322067588443405661e-01
3.311151132412099574e-01
1.646620863652006606e-01
3.887809606855376909e-01
3.714282097196783261e-01
3.612741191337606184e-01
2.861732948733242687e-01
1.617004670729539628e-01
1.936525604463948114e-01
3.781708520262368201e-02
2.498822783920627288e-01
4.240173454268862385e-01
3.022771741902136600e-01
3.821405803354498421e-01
3.022768773549764365e-01
4.579615166743597476e-01
1.303118959375781927e-01
3.237759018328471017e-01
1.733096032465004932e-01
1.078780929009636042e-01
3.214922502651486602e-01
3.822873198433181519e-01
1.196787895414206798e-01
1.750802587134149824e-01
2.298073157368565600e-01
1.930059835927704082e-01
1.351453614722832319e-01
4.382064237786884031e-01
4.504051248974795807e-01
4.097465452721458234e-01
4.271314102091516296e-01
2.953270114581004746e-01
4.523393854164417527e-01
8.270799202769205105e-02
1.912748560902274020e-01
3.192499758864307813e-01
4.178525241714084459e-01
3.385299059380533215e-01
