2.096459521871525400e-01
4.267566778374754510e-01
3.927072585406478633e-01
2.387121613321268876e-01
3.920119027035262049e-01
1.134001724273597106e-01
3.401595978610408300e-01
4.024160637408092378e-01
3.020193617082476689e-01
2.798579101260926238e-01
4.030449844992652908e-01
2.255025727045489592e-01
2.314176294721838612e-01
1.470958154887416491e-01
1.313408526742357030e-01
2.303263455511616042e-01
1.647819594781879116e-01
2.358255826226864360e-01
4.910632332543446998e-01
3.950313082472489135e-01
4.092518578559363185e-01
8.778944980923140962e-02
1.444431429773692932e-01
4.108768419980974446e-02
3.782828929330947498e-01
3.523038079718819326e-01
1.339220876095745805e-01
4.181159674775813406e-01
3.629662419923723737e-01
3.561512152031953149e-01
4.005249135065337002e-02
2.613702123068746275e-01
9.774645476911923703e-02
2.427885378166384778e-01
3.119244066172884300e-01
1.710310519836709953e-01
2.516528590511241982e-03
2.993417323562699850e-01
2.860522634379991658e-01
1.143306681606649361e-01
4.280086102834514405e-01
2.297807962634911827e-01
1.790811203021611120e-01
2.981813473164180439e-01
3.622641629242607242e-01
1.588641306370580930e-01
1.473091736367921067e-01
1.294806978564543853e-01
4.219339599716766531e-01
1.831161888118771897e-01
1.364303649486148518e-01
3.735893220253084235e-01
4.631861905286714376e-01
2.747342944174902546e-01
2.126473130767631559e-01
2.774494433451304976e-01
3.975775261418675322e-01
4.056499486349560701e-01
3.956147382379914257e-01
2.748870175370416447e-01
7.223338486284316571e-04
3.483264656588611619e-01
1.787164547693527172e-01
4.226265572410162208e-01
4.266315844812130775e-01
3.829748692539363675e-01
3.473846984849817132e-01
2.280952228924458813e-01
3.032072912656526564e-01
2.173986435461643940e-01
3.674170380725362561e-02
3.265986939888888552e-01
3.521384566373867431e-01
3.612728334562848587e-01
4.664551654638873779e-01
8.671547098525266006e-02
3.927349891092498102e-01
4.153429748473202454e-01
1.550333689323185604e-01
1.300072298764130829e-01
4.459243978626042382e-01
9.054717272702407505e-02
5.672232425263273869e-01
1.726052964878149465e-01
2.742080518471562423e-01
1.681965639217940234e-01
1.664555723942830745e-01
1.580700999509441762e-01
1.369695420656584506e-01
3.804398111858595111e-01
4.381010718328520182e-01
3.871450197044832842e-01
9.118835708766925841e-02
3.920447208803822803e-01
6.404884663689079660e-02
1.487713643481551051e-01
4.768592783702122473e-01
2.449483931003471893e-01
3.472126205171356395e-01
5.400214816076786412e-03
3.409769283343001556e-01
2.689779594609131852e-02
3.917312960636159525e-01
2.497461094799277026e-01
3.868568048255885405e-01
1.608954775433545648e-01
3.045265261433554027e-01
3.176887100870759428e-01
3.921084500033821807e-01
2.241752377185131095e-01
1.071362928726737052e-01
4.431535266458194733e-01
1.820289461486739313e-01
1.804988367633499902e-01
3.993123822999542494e-01
3.959304666605078515e-01
4.120706482547386029e-01
1.008997109880379467e-01
4.227821279498762963e-01
4.144657524502139423e-01
1.746897554034293754e-01
2.722264015452249275e-01
9.533354010153891056e-02
1.857708234585224993e-01
2.056012879151358219e-01
3.446819730704900886e-01
4.315183492173205737e-01
3.903962904135726553e-01
