3.816162676505722162e-01
3.996370880590098262e-01
3.285371979571868328e-01
4.046336397183094569e-01
3.169083996233265088e-01
1.307437354422454900e-01
1.927219523781300570e-01
2.532423880623011492e-01
3.905449244555383448e-01
1.662036889824961561e-01
3.245063021525964042e-01
1.516902270586131529e-01
3.461028465153968142e-02
4.499825473243880825e-01
3.997247495956239849e-01
4.421620743816617738e-01
2.258372661768366929e-01
4.037166931816846827e-01
2.035146135387750355e-01
1.558607435793285256e-01
4.260319617009091786e-01
3.293605402360827439e-01
3.179109463223103171e-01
2.866481603842293557e-01
4.328825938436000054e-01
2.366895618696191195e-01
3.899441352463569599e-01
3.970586102651584293e-01
4.764720097095731521e-01
5.648195945463668766e-01
7.758626000297533243e-02
4.414216361846040604e-01
2.383225460538802853e-01
3.875879883314603536e-01
2.812427843242001901e-01
3.832546038106740549e-01
4.723832299549226010e-01
1.941622740158272520e-01
3.440213809797344480e-01
8.702095021065868463e-02
1.796435658174967698e-01
2.070517569954963000e-01
1.454093251347710614e-01
2.805786821588387991e-01
4.328354296537514911e-01
4.138423214424665209e-01
3.254873581297755836e-01
1.026849668151638278e-01
2.622420780602671697e-01
4.182186908922072566e-01
4.260757628645276962e-01
7.899151998545839160e-02
3.500695145358833638e-01
2.013091419993641440e-01
3.298978630509086241e-01
3.906634262018660042e-02
2.878589587855482357e-01
1.315756247005264168e-01
8.838455085197807759e-02
3.208023116503606054e-01
3.929906958643863447e-03
1.669324316315889678e-01
3.641780324723217221e-01
4.021187764874790127e-01
1.306607890798500149e-01
2.434572927519417229e-01
1.959595062360966478e-01
2.450666653610667212e-01
3.052012669931590816e-01
1.617436069338032412e-01
3.128637376178215468e-01
3.710653970627931231e-01
4.261205571855740670e-01
1.348536846860466099e-01
4.642830048627635819e-01
6.927341150673858861e-02
9.782737043555889134e-02
3.377572554333224120e-01
2.482234847490545349e-01
4.206657239104586443e-01
4.183681786777907474e-01
3.766282781982968619e-01
7.092281749678874814e-02
3.434356915309483282e-01
5.610376968270938125e-01
3.095616626491984325e-01
3.015792164598774527e-01
1.259381482973105648e-01
1.539485061427254831e-01
4.011542741575713777e-01
2.165126259633006200e-01
4.195621631927259343e-01
2.044623479556625656e-01
3.383063504166569646e-01
4.069762242420043030e-01
1.729234264324997217e-01
3.320597370704449491e-01
4.926954392730402144e-01
2.961331684123902352e-01
3.085322701199078588e-01
1.266527330331374823e-01
2.260171167135466008e-01
1.563763828736310091e-01
2.452792963348786326e-02
5.605471158529580222e-01
1.534427693522248948e-01
3.089655128909609139e-01
1.119009379158935752e-01
3.930559733909131936e-01
1.411538706102426766e-01
4.341765803823950387e-01
1.598691054391542243e-01
4.185061404266277596e-01
3.959428484324978847e-01
4.018041436666454636e-01
4.614997002576852747e-01
7.620002766125535953e-02
4.187434067153523176e-01
1.118790934315459645e-01
2.673154992165476251e-01
3.843323713553503107e-01
3.755803844191067387e-01
4.471304604265861626e-01
5.187810516516743603e-02
1.958379915410555783e-01
5.333183202159240410e-02
3.210248062990500029e-01
4.220959106050194420e-01
5.740217355300329671e-02
4.528980544772130967e-01
4.134681960187704952e-01
3.868110150857891893e-01
4.406218943401871146e-01
4.085511279483746150e-01
3.426010033744617544e-01
3.592617164688943765e-01
4.076811893419529098e-01
2.020679101042593961e-01
2.102598468494374373e-01
4.128893026612869832e-01
1.483491519738956987e-01
1.425156130490770334e-01
4.204438759592821762e-01
1.702764691352934845e-01
1.844063515120094032e-01
1.777801853126853016e-01
2.912295512021480515e-01
2.325741413806329816e-01
1.734339467556273440e-01
4.341356320568491856e-01
7.735795387301684645e-02
4.347861051115426423e-01
9.648174278093986367e-02
2.070624595208830632e-01
2.251835342413487928e-01
2.253514516197931694e-01
4.016252619729310247e-01
4.041503102124301972e-01
3.341929115953994889e-01
9.650539767393845336e-02
3.835163775534871089e-01
1.113497727204640908e-01
3.178095897439138229e-01
2.106020270092940350e-01
1.901301230097859341e-01
4.451154968628042718e-01
1.302989095411714593e-01
3.214379680044838206e-01
3.023868709508435448e-01
1.626100338889153452e-01
1.400975537473928278e-01
4.046502741094126776e-01
3.402830852200020018e-01
3.748619183364202967e-01
1.223745756335167245e-01
3.007927748589087069e-01
3.309569808035900396e-01
1.849304368196016124e-01
1.528505048826064305e-01
3.898232822275149445e-01
4.003010480305834173e-01
3.134588314409244569e-01
1.148945089188311147e-01
3.263056722172554824e-01
4.248239306637198731e-01
1.688908052782793212e-01
1.069658719945932590e-01
4.242024258071303011e-01
1.768652820182219365e-01
2.814792593565682566e-01
2.706351696861596934e-01
3.201190010004589803e-01
5.424275037482912953e-01
2.298610818344865303e-01
2.111959729090431004e-01
2.245491329019614901e-01
2.457811852860688207e-01
3.279559611406898667e-01
7.699702305361415255e-02
4.246206878174331178e-01
3.270756459768333624e-01
2.217110167201544191e-01
6.292161873928020510e-02
5.163227859699078826e-01
4.015858602278482570e-01
3.685239250466251781e-01
4.117193265321940077e-01
4.088375668986410361e-01
-5.568263451741621572e-02
2.528782343462190885e-01
4.189290577793891024e-01
4.425696288304613590e-01
3.461295114734005418e-01
7.515340175938482747e-02
4.544587783468734821e-01
9.275839948427357096e-02
3.333727462916845630e-01
3.792618126218419428e-01
1.596162967771201091e-01
2.022102870594163770e-01
2.017995688351435501e-01
9.322292646535002003e-02
3.507515215006921094e-01
2.579677010154780015e-01
3.143409669300690767e-01
4.158423124194626230e-01
4.475952630403828847e-01
2.422302788648250660e-01
2.005297683725602575e-01
3.981446372897286534e-01
1.318959878698079680e-01
1.985610174734406264e-01
4.502594265535207474e-01
-3.864898632767533454e-02
3.427458364996147783e-02
2.449013196954440419e-01
4.536523837667235659e-01
3.086374345209759729e-01
2.077587647567154527e-01
3.002005050782879381e-01
3.777509757850233130e-01
3.028653235458875770e-01
2.436970865798488428e-01
3.254033054607082254e-01
1.527195817314528081e-01
3.655709195828928393e-01
8.218156365526238516e-02
1.015812146523955295e-01
3.061082114187564374e-01
4.167175260544301318e-01
6.665148745284733833e-02
2.426075035073092523e-01
2.131826351374458972e-01
3.835145192005928183e-01
1.107549813496057078e-01
3.297235951244629759e-01
4.204289114634764402e-01
2.463709196439880234e-01
3.940242359934250094e-01
4.030355877595142577e-01
1.659425275816499845e-01
3.219631758422001888e-01
8.046853696134492751e-02
4.265938065750798369e-01
2.594035101943124033e-01
3.439075786483672403e-01
1.965356863612189864e-01
4.221569619040689281e-01
-4.041635950441173700e-03
1.897416608466054033e-01
1.811063537676639301e-01
5.815729311057776796e-01
3.856738782945770549e-01
2.878372263301551270e-01
4.433874836822122023e-01
3.832992814556389072e-01
4.269100105397620748e-01
2.996523380473804510e-01
1.587553140713268973e-01
1.540718933395028856e-01
-5.294320011898620559e-02
1.592781986774799985e-01
3.855004585103014025e-01
2.638089815922810555e-01
3.239079246363601450e-01
2.200778342653898767e-01
4.703759264538897589e-01
4.076729304014576338e-01
3.336417914605050439e-01
2.088091024527347628e-01
4.551913887489420496e-01
3.537057905887930342e-01
1.482266605678996818e-01
4.256465921385100826e-01
1.237176034124796570e-01
4.880399537493750328e-01
2.173473888835547874e-01
2.634510366142153726e-01
2.576458590069451438e-01
3.173959767070160254e-01
2.210299460943847549e-01
2.283513945807099654e-01
1.835527023149358672e-01
2.227509298055785347e-01
2.521726227147263466e-01
2.368419375126965820e-01
4.298771412987003604e-01
4.606767327363882614e-01
3.162458159067129682e-01
2.303096840241560528e-01
2.272065512139866128e-01
4.535841594611778049e-01
3.488110203543604709e-02
4.415961148914530066e-01
9.158793901666728576e-02
3.638937534402982843e-01
5.051038726190386630e-01
1.591413681721302598e-01
3.280773624997719851e-01
2.744628739028965314e-01
4.245092696281866917e-01
3.455440039264427998e-01
3.728337512267748677e-01
4.096196099939024560e-01
2.842102486182314092e-01
3.216621090638824287e-01
1.755148693165103913e-01
1.513150720473329935e-01
3.374429084107994359e-01
4.448807994394988197e-01
2.290790142017721243e-01
3.040910550334127715e-01
4.110579301565294719e-01
1.199580317412763386e-01
3.119420032956186639e-01
3.444091063035858991e-01
1.503910008841234658e-01
2.111044635357118004e-01
3.918462834123686567e-01
3.014604041936645440e-01
1.544782629368858240e-01
4.869039519774409075e-01
1.977946649875789442e-01
3.234258883595380052e-01
4.217809384609302881e-01
3.543580467710124027e-01
4.202049602724096111e-01
2.980351560035671143e-01
4.286864281122212406e-01
2.402171280125115493e-01
2.354537890038806702e-01
2.569728914510147066e-01
2.383909558088379288e-01
5.677056038349336496e-03
2.940236448594208962e-01
4.587519897409870206e-01
3.053229707681800464e-01
9.668788460463170753e-02
4.482998218071642671e-01
3.341968137713460796e-01
4.043797445984371741e-01
4.195834380720782075e-01
3.204539338412795146e-01
1.046423601929426656e-01
2.144637176003696966e-01
4.312075477452390060e-01
2.335109636794447940e-01
4.085908669421026707e-01
1.227898275917806703e-01
3.911386651348395804e-01
2.993472758808767842e-01
1.260372949437970624e-01
3.841352943752586735e-01
4.059410854156993431e-01
2.646953122753265553e-01
3.680124830778856992e-01
1.926462827112520315e-01
2.563790561694851977e-01
9.400536182792106066e-02
4.023410022666775721e-01
1.779891537513760558e-01
3.017768788120024359e-01
2.505613743052346742e-01
3.587521046461292912e-02
1.893265008246955150e-01
1.777193979040619654e-01
3.942431668765948305e-01
3.606547449019169571e-01
4.338399841605533047e-01
3.225987253331484839e-01
3.768966464632788615e-01
4.413166777508434335e-01
3.682863402429860655e-01
2.284700734909747843e-01
4.118363428497894829e-01
1.834549246207812789e-01
4.527096977894483065e-01
4.179679560676495265e-01
4.643472730524957348e-01
1.674312806900648265e-01
4.008992806975306689e-01
3.213597002616740972e-01
3.344012315109202160e-01
4.152164540762085521e-01
3.926202482241970548e-01
1.740371420977983585e-01
4.301789800809913134e-01
4.258145630418993521e-01
4.176365074102986186e-01
4.057221261933531831e-01
4.057565880839251737e-01
4.063284060245795359e-01
3.789614422486992096e-01
4.547796432554620516e-01
4.888747880829011905e-01
3.825185541611942908e-01
2.072795248885666575e-01
4.204306213572598927e-01
3.130009008076739541e-01
3.209013016793313966e-01
3.465884176713838194e-01
3.074829182631286795e-01
6.213951120662380978e-02
2.041160894439553730e-01
4.243092093170364731e-01
3.802153766106000643e-01
3.906746712456178328e-01
-1.126729414663785352e-02
4.275489912493798395e-01
4.198119924084092180e-01
2.332708616474361563e-01
4.238620126343317640e-01
1.259604961236015785e-01
1.156942237673819068e-01
6.205604088065887203e-02
3.020004497270070698e-01
2.665502684724582738e-01
7.397791379017042146e-02
3.036923097532439053e-01
3.223292866315061733e-01
3.598269758196296908e-01
-2.137184652468440693e-02
5.955260086888990168e-02
4.255909809654915277e-01
4.078883075602215968e-01
2.341549863818234156e-01
2.800101610228546423e-01
4.406560779425376384e-01
4.877679209939517202e-02
4.060940628617235593e-01
1.841750476428240246e-01
3.603112442111321423e-01
1.849819254100786015e-01
6.165598125190038109e-02
4.127793425081373591e-01
1.699143799779933572e-01
1.185583497167439909e-01
2.804978662137282419e-01
3.303950544387280197e-01
2.385310479334677158e-01
4.255686237204698852e-01
3.990361799746600102e-01
3.443921356596503225e-01
1.353416199097068062e-01
4.212829699241042447e-01
7.063977505696203418e-02
3.687304461090741836e-01
4.308724593916327672e-01
3.167255939702576795e-01
1.578386426280237453e-01
2.700399832472678563e-01
1.539363324126531984e-01
1.615642069194592745e-01
4.052815463141317132e-01
1.074074034145606205e-01
5.135269457060296500e-02
4.566601022839430479e-01
6.621576500387063580e-02
2.653155356088475192e-01
3.899379046938136195e-01
1.014641393536301200e-01
4.690462114542075511e-01
4.032675433778886154e-01
1.769755345254505896e-01
3.153983031111822766e-01
1.132405105040653337e-01
4.432834999833402678e-01
3.966690306546488687e-01
4.129213684184908084e-01
3.579554302504375785e-01
3.733441540439768613e-01
3.208463021014200667e-01
5.993891114256923863e-02
4.904687020655466578e-01
3.204538309821023945e-01
2.650293072652357834e-02
3.064371189274814333e-01
2.978677344569769514e-01
4.115984094493869150e-01
8.639859955102213718e-02
2.570527543201678311e-01
3.589562130120403927e-01
4.808019337804313453e-01
5.649572977235597926e-02
1.339696776494864183e-01
1.265579855821661881e-01
2.621171658589734332e-01
1.146817171964357729e-01
5.571387845406777783e-02
4.412069731896789415e-01
4.188029027205756316e-01
1.106511100946103304e-01
2.179865418480631811e-01
3.763767593370263564e-01
1.214234005999752092e-01
3.842278476354253902e-01
3.396386221452881715e-01
4.109765559752878161e-01
3.411124835430053015e-02
2.082111060579644735e-01
3.475389453435371312e-01
6.612398250291093293e-02
2.124506986932692687e-01
3.156513951909117321e-01
3.274190354685077575e-01
4.262532700874469005e-01
1.162884295743054353e-01
2.161602638651985153e-01
1.695231025323725160e-01
1.978809230503463523e-01
1.476802068953748381e-01
3.495927724155136196e-01
3.205402614034909003e-01
1.683883392353439645e-01
2.221976742328423404e-01
1.632855038397518777e-01
4.253103478535542603e-01
1.788113119257150330e-01
3.950949133915391820e-01
4.016446682093220422e-01
1.571783690314365878e-01
3.996310163801208293e-01
4.729690019731974115e-01
5.180155766325988953e-02
3.418092143410488282e-01
4.700279952046689802e-01
2.593464678306539040e-01
7.256910802385230230e-02
2.723113786035762374e-01
2.772499187813360910e-01
3.617469572603064509e-02
3.890975775806478354e-01
5.201473426138777389e-01
4.273831173620501467e-01
1.160125976084363936e-01
3.924354754671636192e-01
3.894290744934335580e-01
1.995507741171334837e-01
1.291388948607446741e-01
4.121552004069742314e-01
2.858048484877778184e-01
4.043160100814505720e-01
3.834637790465163509e-01
3.159245496440218903e-01
1.224322298827278804e-01
1.298458355705599532e-01
4.084585609127956984e-01
8.803456584232183246e-02
4.695137962448512337e-01
4.011951211591517352e-01
1.309540605930675505e-01
2.621588727657640505e-01
2.010055536567414147e-01
4.185135024716116758e-01
3.198635712498787420e-01
4.234091874509837150e-01
3.700610718419182210e-01
1.641566576698845759e-01
-3.149649863984260029e-02
2.519371101148079606e-01
2.286385701835906004e-01
2.839724156082197304e-01
2.114827489419859596e-01
1.841396489931043934e-01
1.012080199896302560e-02
3.421219021317710718e-01
4.240154980279342012e-01
4.460747521091664169e-01
4.053562512042503951e-01
3.092898666093999993e-01
3.382489632112795630e-01
4.968289933494941524e-01
4.069243020579811354e-01
4.165538104256551466e-01
9.965991343543000036e-02
4.131294839434078714e-01
2.042259515925158586e-01
3.126065039521204736e-01
2.940126140736378235e-01
3.890667194540814444e-01
4.436384706963942270e-01
1.039301744534460586e-01
4.105309477801736273e-01
5.739866104617626918e-01
3.092687180945592473e-01
2.241712928055949738e-01
3.696074075202086529e-01
3.207711223745030593e-01
4.484306511288819741e-01
4.610562082480296198e-01
2.973342968892779270e-01
3.562723926080988979e-01
4.155968674854399608e-02
1.139334405668246536e-01
4.053004938127001133e-01
1.523422476895825994e-01
3.948229468395227926e-01
4.373169810142709668e-01
3.118838361197646680e-01
1.912369852415541360e-01
2.805097419675276482e-01
9.395732746354144849e-02
2.457437123476450824e-01
4.972080928665501692e-02
3.736500847875617870e-01
4.094825985825373271e-01
4.229750008982272047e-01
4.094731581929862418e-01
4.278629748831681567e-01
6.122718588252537911e-03
1.148866620789196213e-01
8.977926519628941227e-02
2.197597299421419070e-01
3.252405746909199924e-01
1.075019135301171908e-01
4.023411745423142727e-01
3.007862421601258385e-01
3.564082848087163358e-01
3.268673206751056964e-02
3.374841002955908387e-01
3.826631666126462661e-01
1.875679804689831531e-01
-1.023817857781818795e-02
2.373160212274679770e-01
4.061450212648002878e-01
3.820969372571337841e-01
1.839157979642213059e-01
3.918786548011572446e-01
2.123724607418630006e-01
4.547878573013910963e-01
3.813751561961912229e-01
3.683797142397212121e-01
3.450822050578696842e-01
3.912557968837504507e-01
4.689274376927612398e-01
2.918104388409906713e-01
1.516292918547542667e-01
-2.965928743492926914e-02
3.420154724259001355e-01
3.407888193550014377e-01
3.526319089136266682e-01
4.186825643710490596e-01
7.200539349275465262e-04
1.380523550287957903e-02
4.209660878938017436e-01
5.350531431517205894e-01
1.593954867119688756e-01
4.818182487549398929e-01
3.493483737826541535e-01
1.306752869128219308e-01
1.582615208951276276e-01
1.377659132907718131e-01
2.929602905036175486e-01
3.540087989741151353e-01
3.645811825442670240e-01
2.500652983938645435e-01
2.733789650813432948e-01
3.982801078465550426e-01
4.271411668522920868e-01
1.685281520344471540e-01
2.000388434850936259e-01
3.073296324885263497e-01
3.036899929529724429e-01
4.185952085904963149e-01
5.293529417783670032e-01
5.744492007526611488e-01
-5.088784289745989370e-02
3.887883648866022890e-01
4.436991250810071730e-01
1.331508413411096603e-01
1.831065111698957637e-01
4.461131410087698645e-01
1.794920391879256671e-01
4.283020419980739235e-01
2.182861332465422521e-01
3.849203373569686781e-01
3.397066653788496371e-01
4.300734478930148263e-01
1.630808871035607510e-01
2.859346955230254728e-01
5.634094371351530128e-01
1.831294969388443938e-01
2.302063595612229008e-02
4.154027369835487926e-01
3.785597543828174150e-01
3.388431189786034192e-01
1.539263560475391812e-01
4.015916609211439559e-01
2.362440596455974706e-01
4.107763016050930416e-01
3.034744774177035032e-01
4.168696622044981703e-01
4.750350587897235188e-01
4.207831509179029150e-01
5.614944472975469392e-01
3.899037664839357653e-01
4.155617875606891776e-01
2.512863823887377668e-02
4.114207410707420576e-01
4.453626383793922172e-01
1.897593970217301140e-01
3.641776279103530606e-02
2.219244038297642496e-01
2.955732481126736033e-01
4.203287601506616733e-01
4.196952657893916472e-01
4.321084038120808213e-01
4.286596280478170429e-01
1.917186585704963309e-01
9.533373909815588687e-02
1.811582098131117036e-01
1.035891061187246692e-01
2.666250881715092058e-01
1.299176498076472508e-01
3.463400750384347249e-01
4.261829719184921927e-01
3.093691128836351667e-01
1.424638830154569824e-01
2.315681158921662486e-01
1.093650694791131750e-01
3.586512089553703375e-01
3.190581818184040075e-01
1.275991408197425792e-01
3.846947571819188672e-01
1.682702581447741985e-01
1.712910622247712511e-01
1.651441886716811802e-01
1.671646350984655749e-01
3.748983315639188296e-01
2.753662192116153595e-01
3.670985469667296108e-01
4.623479314700059684e-01
3.429443846506795013e-01
2.971372527295207400e-01
3.243798336201713095e-01
2.664308449015835856e-01
1.713653148498513468e-01
4.264664757931348471e-01
4.259516826649361598e-01
1.214847485268009397e-01
3.861878757682454810e-01
4.238030872299167751e-01
3.389788626371255664e-01
3.297982505558728072e-01
2.769739778569357269e-01
1.581502050256596292e-01
2.532866864996280443e-01
1.866939726389960086e-01
4.715751558947757771e-01
5.384268281276096690e-01
3.498261196824562491e-01
3.103586730202433364e-01
3.268370422283607413e-01
3.121098687258219151e-01
4.977846279652692330e-01
4.251760923544700144e-01
2.060208043177914894e-01
2.491384168806006216e-01
3.959900487205650910e-01
1.210529680655418883e-01
3.121635180643859697e-01
3.646578920473039220e-01
5.035340815822144656e-01
3.979522855664616166e-01
1.604277173495992082e-01
1.664775784492784072e-01
1.091415188797296293e-01
2.848074661576280864e-01
3.595422661814988152e-01
4.684740070629321573e-02
4.321281248913262374e-01
1.787109224476413905e-01
3.238126133893022285e-01
1.036524955294796380e-01
4.547878573013910963e-01
3.876213870672540751e-01
1.392837181625921350e-01
3.216125453797971656e-01
4.196480893178503591e-01
4.217203749442471894e-01
1.149945650433402550e-01
1.951110295558889929e-01
4.143412299437130852e-01
2.825345035629248103e-01
8.797111355531615773e-02
1.667595192295602269e-01
4.564539186361081802e-01
2.514145902303266400e-01
1.800875399665788912e-01
2.705276638540097256e-01
2.190496550511688845e-01
4.440162778894418683e-01
1.511327028507724879e-01
4.081127234224964373e-01
2.002771847123828164e-01
2.520886789834441699e-01
3.882889268618306966e-01
4.833302161713705636e-01
1.004148083726167512e-01
4.252805658273342004e-01
4.036604999560091667e-01
4.496094138963381281e-01
1.967508095617534480e-01
2.316589923693294084e-01
2.040833140040708149e-01
3.711743140189152079e-01
1.977548646113196085e-01
3.870578767789440988e-01
1.998074195063467284e-01
2.610316559102666134e-01
1.123844250869667355e-01
3.315253870061653507e-01
3.882880157759850959e-01
1.986384882339695124e-01
3.893292177752769589e-01
4.282521295382900328e-02
1.930336261149125654e-01
4.337622913337412234e-01
3.073013011205703512e-02
3.216994247468478174e-01
1.423060878264823803e-01
3.751627807656265912e-01
1.843604492660951277e-01
2.103673482574809905e-01
2.982225798635707026e-01
3.234762609756592355e-01
1.934646966030454385e-01
1.987374562980040726e-01
4.322363143231192639e-01
1.964860799142295333e-01
4.046437942716994418e-01
3.893332311503339138e-01
1.475588246849454943e-01
2.777416863988332180e-02
2.598836248426270590e-01
4.259677857898417352e-01
3.211906621787625760e-01
2.356696613876753388e-01
8.563527502627246712e-02
1.326017519384767307e-01
1.249664580237127981e-01
3.903809587947337789e-01
2.043924262869793729e-01
1.369609440093686736e-01
4.312328265809176608e-01
1.264977062041054423e-01
4.190204639460460845e-01
2.596337599436471799e-01
3.030082672638239050e-01
3.146531503830350407e-01
2.527554052818422603e-01
2.435403418075454962e-01
3.902111581888179637e-01
3.235131969219610104e-01
3.622248137705483262e-01
4.107791394644796368e-01
4.226429533008917439e-01
1.714622639602242093e-01
5.262121076151832222e-01
2.168561726845007476e-01
4.270609229187248279e-01
9.937119042224216992e-02
1.796128852360771577e-01
2.133371820676306096e-01
4.075613467620423092e-01
3.510895281255789757e-01
1.774412315037341703e-01
3.828563388857667560e-01
3.271319325599709726e-01
1.975033463050073490e-01
3.932683093369920835e-01
-2.426339665123764238e-03
4.237635376895985129e-01
3.744268245980855725e-01
4.046966709424150155e-01
3.890622541874156903e-01
1.287868587513406049e-01
1.897364684290404890e-01
2.932269648078229540e-01
3.531919796640799469e-01
4.795249750618308382e-01
4.064410715939961172e-01
3.941490137599732990e-01
4.054201823942904515e-01
3.360543990598329755e-01
1.865278653995032787e-01
4.024261461807462914e-01
4.141960180958622617e-01
3.858614500328005348e-01
1.880711594724834568e-01
2.256021598893394597e-01
4.093489278331033931e-01
9.354889794413051574e-02
-2.146504096390077290e-02
2.924567505023709657e-01
5.620190161553004771e-01
4.510613770280296753e-01
3.310391556184266171e-01
4.048194430587399584e-01
2.144693249399883539e-01
3.139391911162714988e-01
4.810738114639236118e-02
4.013820085249398262e-01
3.902070911021011113e-01
4.259352865220761841e-01
-2.123996678629547913e-02
4.039600589905680272e-01
3.993748105593312725e-01
4.054203370772321291e-01
4.135742386438575058e-01
3.699964560304894179e-01
4.684504784929528071e-02
3.652903753265133724e-01
2.563200742734326187e-01
1.765802303183500177e-01
4.511411821400329036e-01
4.141733797411492057e-01
1.645005941947946249e-01
1.850616999838186894e-01
2.412613067456013394e-01
3.771267497036364658e-01
1.211958109574191172e-01
2.998259664752108145e-01
4.878918908476163607e-01
4.161754181925116924e-01
4.760201685553677176e-01
1.672786038135763431e-01
2.256853906808027888e-01
3.646304037101969486e-01
3.657269010438400358e-01
2.777939168829086092e-01
2.721049523663761627e-01
1.287672473515535931e-01
4.005855273039899966e-01
7.987671732966025728e-02
2.112108313507718993e-01
4.356478953127042031e-01
3.155554937379784763e-01
1.460968501479724957e-01
5.253011116494797628e-02
1.652196714576661951e-01
2.996565508132303934e-01
3.169938890014971644e-01
1.773093530101114146e-01
9.777486146876733508e-02
4.304095079525787626e-01
2.590350362994337519e-01
2.193741938870822361e-01
4.067783702373826693e-01
4.215550342317564980e-01
2.691819612644678061e-01
2.025188782832098577e-01
3.370568363023789260e-01
3.286793079514944149e-01
2.338721267462805509e-01
4.949757025872478788e-01
5.000750811842258337e-01
4.263356690431768792e-01
2.603665399451051687e-01
2.844853682044263810e-01
3.544586541246564915e-01
1.092706533848939870e-01
1.970174046988309724e-01
1.340502289158188864e-01
4.242698533793484716e-01
3.785757152931891190e-01
3.045590440826134171e-01
3.040595847723404632e-01
3.484537838271756782e-01
4.103055321632103070e-01
2.015004117978164422e-01
2.887086323084198658e-01
2.603122918428984467e-01
7.018883859880258036e-02
2.315750187014210815e-01
2.211078551733846875e-01
3.575485183291843283e-01
4.073170110106200115e-01
3.172147790636203335e-01
1.839999673093701826e-01
7.886466375505281345e-02
4.261638850061137407e-01
2.747505859170082387e-01
4.312659620071759847e-01
4.863790807659867377e-01
1.610988386683593065e-01
2.692459098397420036e-01
4.030793064366285372e-01
3.385612596890129611e-01
2.268395123892691378e-01
3.660166852616724698e-01
4.578840422625167772e-01
1.145092930176280915e-01
3.823465838448750764e-01
5.509198891831497136e-01
2.048737315800599201e-01
7.498659595712241221e-02
3.249840258955608019e-01
2.886666862198113970e-01
3.153200032326594626e-01
