2.604549775726747729e-01
4.200931144644945991e-01
3.960794662902951124e-01
4.246530102869115475e-01
4.362187063205185122e-01
1.717388556068814298e-01
1.505479194257829112e-01
4.382545039504627260e-01
3.700224822030251381e-01
4.659973978120195981e-01
1.425948385564634047e-01
1.419388197365841209e-01
4.269815643458358401e-01
4.091045454236961754e-01
3.636569769878042480e-01
4.365478424927872747e-01
3.464731855186194420e-01
4.367291969559731757e-01
4.302954743436587792e-01
1.599009132808094646e-01
3.459880838599025399e-01
1.119389514147689224e-01
1.887317907163213460e-01
4.165673511164334486e-01
3.844688241571544984e-01
4.629700734809012452e-01
3.687641105609510417e-01
3.098916481461650996e-01
1.782502109238023047e-01
3.750725726241614932e-01
3.814202412946128273e-01
1.506946278144971896e-01
1.115921598682588639e-01
3.820303605240790157e-01
1.808903884153965635e-01
1.818907831055890378e-01
1.168959239238752251e-01
5.596996012110241336e-01
2.126444072946364339e-01
3.820120431261413985e-01
3.941342900019431661e-01
4.137331559480342258e-01
3.739590903110259212e-01
4.022199023692136222e-01
8.021417049001962341e-02
4.714829806700921999e-01
1.350809047160372312e-01
1.474463990908852218e-01
5.315397056649027174e-01
3.721053573663469227e-01
3.835860303526794635e-01
1.956059934191033411e-01
3.131350953962007133e-01
1.344815130473172582e-01
3.049091593777945031e-01
4.231351655488616720e-02
2.372966473809297872e-01
8.510885467739802424e-02
7.859806369596243625e-02
3.301657262727668019e-01
3.931039042737325961e-01
4.206747733604506712e-01
4.078638437559331531e-01
1.447320579905509719e-01
3.790614041081042385e-01
2.020267223894346431e-01
3.862731970199999587e-01
2.711655067643717887e-01
1.907778290945257027e-01
4.158362215711747245e-01
2.115971831166565953e-01
1.956355569292170596e-02
4.056149079696113602e-01
7.379443857738346435e-02
3.362979319993195659e-01
3.873267747334198652e-01
3.699391503987878305e-01
4.680046463151342762e-01
2.542166674806333737e-01
3.891147669299979128e-01
4.745615791262577238e-02
2.519873903277878857e-01
3.796049970797835127e-01
4.027095565319580572e-01
4.091980521747424215e-01
1.199597701920701448e-01
8.978019860494149129e-02
1.415928906729875814e-01
2.210556102474285634e-01
1.010098261819994403e-01
4.024255854758289619e-01
2.259422144864991766e-01
4.239326068501718670e-01
4.011848609666068821e-01
2.989914402213095790e-01
2.576155776635256078e-01
4.065807596675299340e-01
2.977057188468405502e-01
4.194738053754134000e-01
4.008137047251273954e-01
3.964035611181187524e-01
4.100320016869889450e-01
4.480658070966060391e-01
4.293048954074398238e-01
1.748739201336852456e-01
3.057658916791209935e-01
-3.226969078382250361e-02
1.933995947519229208e-01
3.333900349318821288e-01
2.402470638088446964e-01
8.805838568758288243e-02
1.699342482300912061e-01
4.081580822449969448e-01
3.957293812429317215e-01
2.340904542757324680e-01
4.295728708242212979e-01
1.782883027599614090e-01
1.303550757969134666e-01
4.168974137681560332e-01
1.043273421584744037e-01
8.962272854888821139e-02
1.703111292756227246e-01
-2.472912069021891354e-02
3.924136832629947502e-01
2.252385924140338710e-02
4.218123580185276222e-01
4.115197765751699155e-01
3.833745374452293686e-01
3.768796789727508756e-01
4.063200918164666664e-01
4.098006274573963159e-01
3.446440628249677895e-01
3.663671387183273787e-01
5.190082178973937088e-02
4.385612203074641946e-01
1.260047044502314584e-01
3.331653444326999614e-01
3.188464921549160058e-01
1.612354732734478935e-01
1.751386374165319615e-01
1.287316198463886729e-01
1.351195513859665964e-01
3.377992924313528711e-01
1.928928799071572830e-01
3.222666648524832866e-01
3.053591269099740768e-01
3.996461134850149421e-01
3.990902061454332794e-01
1.539758552319912266e-01
3.948100612276829180e-01
5.774000342861570489e-01
3.240522177637996104e-01
9.162777077140696336e-02
4.614157757995325237e-01
2.967156684383336351e-01
5.353251150354852994e-01
3.720649381494040009e-01
3.815838841460595932e-01
4.798301123084801612e-01
2.014096090678618167e-01
4.046981866526773164e-01
3.835903750844885662e-01
3.252654291858142477e-01
3.291570793897489744e-01
3.311793335489370826e-01
4.819210478513484275e-01
3.602555107190921757e-01
2.750653682757499552e-01
3.506579119319609972e-01
4.223807843863147116e-01
4.791826489323957605e-01
3.439795439948800104e-01
3.552494416399621380e-01
1.645403601584561615e-01
2.659329820039124104e-01
4.012656529292227270e-01
2.740253942382761543e-01
4.253760490180912290e-01
3.970369995893880954e-01
3.167589198950106905e-02
1.125428803961827234e-01
3.062507087635473191e-01
4.315670859617527499e-01
4.273389597803874396e-01
4.182272167105675065e-01
4.426520033057901871e-01
3.634111750055745715e-01
5.240802975380631085e-02
3.393719582141341284e-01
4.583941634513747920e-01
5.017000365230166459e-01
4.000746690475956990e-01
1.466519497172999453e-01
1.533659127800660604e-01
4.260894930502079903e-01
3.360031159387569799e-01
5.895405800543728203e-01
4.192692724534771154e-01
3.326044910562688806e-01
6.612980369335608177e-02
3.224761727728282512e-01
2.082799465486926405e-01
3.471080728562082607e-01
1.921650678711792071e-01
2.856489048469758041e-01
3.959981986195446058e-01
3.826721461275262026e-01
1.997590191055111097e-02
2.135279227315473594e-01
2.081756046891038991e-01
2.960672168216477163e-01
4.530638943409344144e-01
1.939415427028818306e-01
1.131498175884187579e-01
3.076522253607537616e-01
2.333987670134411441e-01
4.363562660098854740e-01
1.929551177173116638e-01
4.531743013236436690e-01
4.879510068672228140e-01
1.267246486771747283e-01
4.270116349918364751e-01
3.549046848763901529e-01
4.302769565383692263e-01
1.698550459583398620e-01
4.634737700166791652e-01
3.782863717848160001e-01
3.819664474246404762e-01
4.252568867236338201e-01
5.076738323535722186e-01
3.310391556184266171e-01
1.661852730820629898e-01
4.201380028898627494e-01
3.930446546492248339e-01
3.160515658320656729e-01
2.040371799826973254e-01
4.340042572785996478e-01
2.274504089752029945e-01
3.084200950298510158e-01
4.142577969192408061e-01
2.648180522559384631e-01
1.875424752103398152e-01
9.133694416045845532e-02
3.712522233935470761e-01
4.305265776291503643e-01
1.716679541827527689e-01
-2.356708192924978837e-03
4.397854810207854626e-01
2.790767457579431121e-01
3.721549817120364811e-01
3.221577327931984258e-01
5.123940616169150863e-02
4.486967236301406259e-01
4.093962341337553101e-01
2.392661563737607522e-01
2.813792168363160040e-01
8.279417601131326687e-02
4.001173808748543781e-01
2.513178960428770758e-01
1.697966330656456579e-01
1.356411724092433102e-01
2.505665848963855580e-01
3.940371709394970834e-01
1.233680302285213304e-01
5.293427372968877165e-02
1.372346130125041974e-01
4.556680981734538838e-01
4.010059063295953741e-01
3.487999814283253563e-01
1.697512250748818008e-01
3.632009432951990302e-01
2.937499224402574938e-01
2.385443886162565696e-01
1.844070450957144558e-01
1.245237432719808190e-01
3.285848994088566011e-01
3.118272178479373213e-01
4.646676335403435165e-01
4.477177462464818070e-01
4.008032877750306588e-01
2.309487762648219089e-01
4.128243367386292273e-01
3.348108650511467110e-01
4.248579370943534328e-01
2.063651375081849149e-01
2.930423332280183146e-01
3.060991400608799595e-01
2.934790899946905784e-01
4.758406035680152191e-01
2.863807835340025920e-01
4.515281050461246171e-01
4.064673278200645057e-01
3.587072279967676858e-01
9.923608931201242933e-02
3.961897497092167764e-01
2.829398395894718865e-01
3.945381255251211861e-01
4.166943183021827313e-01
4.024255486307505847e-01
3.069946745656676468e-01
9.137637059340340817e-02
4.996996754770408056e-01
4.010041230775928112e-01
1.990505480723974430e-01
4.066767681910991583e-01
3.584782203995851568e-01
4.032069357134989707e-01
3.093105314081105450e-01
1.485502585265639774e-01
2.811655276686375604e-01
4.016976479466757288e-01
2.892181841827279887e-01
1.786125724774307033e-01
4.376239438349723843e-01
3.839601766262086269e-01
3.705067195376118838e-01
4.002604138010322221e-01
2.683837537188212274e-01
4.730969466738131346e-01
4.492872585386702977e-01
3.547548096365929493e-01
3.600902932384514865e-01
2.717489536994936450e-01
3.943695225087291423e-01
3.377497807784931028e-01
4.223553329223156405e-01
2.120909925578003952e-01
8.811840598831327531e-02
1.873457836098517126e-01
3.933454839261590341e-01
3.755819295265965252e-01
4.053549103421414945e-01
4.070508551930129837e-01
7.945313630907396840e-02
4.105465855285037602e-01
1.828465387126350372e-01
4.140215643880670315e-01
3.286562551933802090e-01
2.486831548029791450e-01
4.235404926882970211e-01
3.910566196512071935e-01
3.326739613727420219e-01
2.941247644343403245e-01
2.712257450858953090e-01
7.501102953952577812e-02
3.726359938367534430e-01
2.707622672559778509e-01
1.974192170413288649e-01
3.634815048745742017e-01
4.147488942638725140e-01
2.419925955794364758e-01
-4.424315681823595692e-02
1.138935518432870053e-01
2.161533106999659337e-01
3.997569047270381759e-01
3.953918233147537542e-01
4.704715853848825957e-01
1.907208860217146640e-01
2.350589898865826088e-01
1.138796978448658875e-01
4.011283666734891673e-01
2.836454775270228490e-01
2.797831120315143541e-02
7.194513676684477499e-02
2.259202344886087899e-01
4.728064165298585531e-01
2.346205377043132992e-02
1.658542098458078429e-01
4.274848888625003562e-01
2.009282885315823441e-01
3.967466199999007403e-01
2.233863673713028242e-01
9.259024827650580436e-02
3.595547692766973835e-01
1.196158418826167441e-01
3.993165696103361806e-01
1.317039265867920583e-01
2.243838616889148319e-01
2.923833023852204227e-01
3.961089184949746489e-01
2.152393634274065992e-01
2.631595337892362885e-01
5.587674710167648273e-01
3.410063544403824642e-01
4.107291325606565180e-01
4.657877298977306513e-01
1.280633392240446700e-01
2.128264429768501331e-01
4.122917992198491532e-01
3.375502580403557107e-01
-9.484269002711185476e-03
5.908934471107964853e-02
2.628927098641383187e-01
3.727336871928140782e-01
3.933142929906132679e-01
5.400836068676326818e-01
1.762815792162291395e-01
4.195527224712372050e-01
4.162215666531726699e-01
2.242809144912657759e-01
2.912585878623907831e-01
1.946444245673695506e-01
3.911423626712293156e-01
4.397209389824978665e-01
2.103138396034257840e-01
4.518141963332021893e-01
1.551013063244506829e-01
1.277124122842746567e-01
1.962413668534377098e-01
3.763521448330480190e-01
3.607378935854923530e-01
3.962598977593724259e-01
3.600063012309883681e-01
2.386258347190496898e-01
1.997607325857770622e-01
2.264042316040725533e-01
1.494745736068893438e-01
3.372050624759658222e-01
2.169940859704419245e-01
3.634138836167413733e-01
6.092756977803128610e-02
2.176714273857096316e-01
4.285633757575412206e-01
4.289440324692851414e-01
4.093532478770503524e-01
3.205790526737559709e-01
2.037684829594126057e-01
3.776503866464573922e-01
1.460097229894713466e-01
2.712381981414941357e-01
1.671313645735865161e-01
4.042903985197770500e-01
2.986178892986891542e-01
3.798195238765444404e-01
4.446822691949139927e-01
2.041006272958248990e-01
2.151039924518730884e-01
4.025946815026053005e-01
3.442558333500749801e-01
2.695368258663930483e-01
2.307407981620890058e-01
4.255898270672600625e-01
1.316268225136281445e-01
4.182490115702374722e-01
2.744181638110270716e-01
3.303955722614511092e-01
3.989149229047220802e-01
3.538782102864425627e-01
4.019941883403092553e-01
2.834856018358863916e-01
3.438359731430056243e-01
3.785167224846864853e-01
1.847104516194932322e-01
1.788404706819585743e-01
4.142682371049725698e-01
1.484451928821312328e-01
3.979094933480550322e-01
3.470660195102489021e-01
3.914980385858057854e-01
2.495833334213972965e-01
3.852494878025560787e-01
4.379616483966040641e-01
1.594088612005320760e-01
1.624175013426173153e-01
3.655204914294546970e-01
2.663993990638606757e-01
3.346513319196577907e-01
1.765414323678398401e-01
4.194386694439651286e-01
4.173552376004699416e-01
4.749483157660597255e-01
3.904381027728032194e-01
2.295987583199522453e-01
3.548693911915770660e-01
3.429974941756516182e-01
3.635847348675355639e-01
2.840721626209853912e-01
1.364536769863338994e-01
3.123635992876076517e-01
3.721819890922448693e-01
2.475534319790594073e-01
2.455023274596306870e-01
5.769504894013612745e-02
1.834023522538999196e-01
3.519966689752765387e-01
4.366170784612844469e-01
4.775041428405208399e-01
1.206705303423745157e-01
1.891432459873843286e-01
3.950384316290674880e-01
2.394375547252154124e-01
4.581717152739553933e-01
3.900677710851750413e-01
3.374375844629435295e-01
9.807588949336526474e-02
1.863719672341583589e-01
4.053352556504247195e-01
3.340949315696918887e-01
3.752889332934155608e-01
4.217424229893543264e-01
2.251389219880995940e-01
3.330677217378650301e-01
5.674886324393153547e-01
3.588911071154278765e-01
2.498195059807747365e-01
2.496760620068778358e-01
3.025526429333168510e-01
4.096533258131296318e-01
2.426626829383712880e-01
4.182927559725190814e-01
4.283480765211389318e-01
1.315688099377314013e-01
2.007919000012042543e-01
4.028866107429789900e-01
3.617143650007288436e-01
4.081400530519178615e-01
2.634423049141253019e-03
1.357008125376419627e-01
3.978440722559044018e-01
2.292746300338515120e-01
2.738234894741204961e-01
3.731481285386077373e-01
2.542115482553187755e-01
3.547583643568117395e-01
1.273090451873492013e-01
3.942327191600278335e-01
4.220965173040464036e-01
3.620535141134906820e-01
3.944539177374440375e-01
-1.661368710215391578e-02
2.829439543714788452e-01
1.897271415206711054e-01
4.034028779232657902e-01
3.004435016895278809e-01
4.270584273285404353e-01
4.591265995446885406e-01
3.814764600794868787e-01
3.575989990739927848e-01
4.249157766477538178e-01
3.134290450580228815e-01
1.398885556002830433e-01
3.011927592208066828e-01
4.705895151118871800e-01
1.122737836940432138e-01
1.485067135358214274e-01
7.834650512665139455e-02
4.566994139909401063e-01
3.931183513617373393e-01
1.940391632401220479e-01
2.329396894526496731e-01
3.897800629505845937e-01
4.053628054997261421e-01
3.953918233147537542e-01
3.753650063475142407e-01
1.131320477216232884e-01
5.633280772350097998e-02
1.867368919272815453e-01
1.839983743406214678e-01
4.245920724275515368e-01
2.685868374839925909e-01
2.323396101128639424e-01
3.608600718394413542e-01
3.291908407674175585e-01
1.221712201773845624e-01
4.567755265456183156e-01
9.210373571683738714e-02
3.464229900742151202e-01
4.412549499628775074e-01
3.957899406933786945e-01
4.391285116144810763e-01
2.724481475085605564e-01
3.294112615526980092e-01
2.531993464031289109e-01
3.472805230999007065e-02
2.524446169057380507e-01
2.207418510812848289e-01
4.175253471780930314e-01
3.381184845194434296e-01
3.261078113249277211e-01
3.778602716479648738e-01
2.084731379652793870e-01
3.965628847139704982e-01
4.063284060245795359e-01
1.901373910956707658e-01
2.088881937069041184e-01
2.982892311996107049e-01
1.024902596623821494e-01
4.098036011207710771e-01
1.935948403905459470e-01
4.079542478028459485e-01
2.111026446833970116e-01
3.959524206012932646e-01
1.985167362450059036e-01
1.924511730581456026e-01
3.878436690268987075e-01
3.022198970221649517e-01
2.046705482906474027e-01
4.544808098573368538e-01
4.003142193162572693e-01
2.844060655837763463e-01
4.270988447198262872e-01
1.611878563517734897e-01
2.287939802346314611e-01
3.903824677002744048e-01
2.363521377123113110e-01
2.153738980289967853e-01
3.606298210320553199e-01
4.297597219258219026e-01
1.827703380025799962e-01
4.174246192895923468e-01
5.114825306351559187e-01
4.037837998531864647e-01
3.115160398340919845e-01
1.124774143264814230e-01
2.279592029788203300e-01
2.778597509677254718e-01
1.383506677542020447e-01
4.387309850018762392e-01
3.920106637462737464e-01
3.069929014170171278e-01
1.838183104509915344e-01
3.269116572463626191e-01
3.062272570371323277e-01
2.261529316141853985e-01
9.511832799876791811e-02
4.109745920662230545e-01
3.835054931522046129e-01
2.730039442299226904e-01
4.285476716216825022e-01
1.638473970938340019e-01
4.210507359760162216e-01
3.261573757973649235e-01
4.122282757322190405e-01
1.918446329463149858e-01
1.332956870617403033e-01
3.955839660832745075e-01
3.109041332863871632e-01
2.369867803288728536e-01
3.148226350050607469e-01
4.373530003147716450e-01
5.675456965863817649e-01
1.232229425253489608e-01
4.067979314056685003e-01
3.506233422031472813e-01
3.054590686871517247e-01
1.879100659514068572e-02
2.122233740199367114e-01
7.959697318822313294e-02
3.579345079511005445e-01
4.527849751890167251e-01
1.291719447300755386e-01
4.512890070839938317e-01
5.538487537556819884e-01
3.584059346087702935e-01
2.858555303867978958e-01
3.590886923127969976e-01
4.361600121936562990e-01
1.155869561471695450e-01
3.756587838581763039e-01
1.188682975722776293e-02
3.233710086111157844e-01
3.541105393346652419e-01
4.073127803823756721e-01
2.617201829602278096e-01
3.850272681642039063e-01
2.178998934266276333e-01
4.019076821541537337e-01
1.927015512157059518e-01
3.796097776249717781e-01
2.150845789958383547e-01
2.924995518438761599e-01
3.500474171150517733e-01
1.657203399752803508e-01
9.467946942368633823e-02
4.037014554182143389e-01
3.280097901612493150e-01
4.340998085995578792e-01
4.812188292034579318e-01
2.607141487583979345e-01
4.153848557724201807e-01
3.491555946896717777e-01
3.218451769891814696e-01
4.483101524534738869e-01
4.379159392554136110e-01
3.798048502825905892e-01
4.452205774496174606e-01
4.089522676607312279e-01
4.043922730038810309e-01
2.289660061712519845e-01
3.520181830364466635e-01
2.268821501114489936e-01
4.570526344797870011e-01
3.939589118270661050e-01
4.076821131244133256e-01
4.053253267316475617e-01
9.672745621880327049e-02
1.250384486597247435e-01
4.016461622606531390e-01
4.061379429435166832e-01
3.741000002055313578e-01
4.099868428984105861e-01
1.560951775841816491e-01
3.909957298813132032e-01
3.736535472291158122e-01
3.183325958392442256e-01
4.167434347832785213e-01
3.093979782225618758e-01
2.109721750731673173e-01
3.223049332794684085e-01
4.172029468504446226e-01
4.553743044808317153e-01
4.180782720579523937e-01
2.777006384842146680e-01
4.138665659189573187e-01
1.223297838849870811e-01
2.333719153586660544e-01
5.361555366729700012e-01
2.139338635484799578e-01
1.854934342642531597e-01
4.258482221905537241e-02
4.177777021073018071e-01
4.031385942339652528e-01
3.174422202470655874e-01
2.977016882110261053e-01
3.147756201041672086e-01
3.224757659002623900e-01
3.868713308317678901e-01
3.741478147442069413e-01
4.415608313307380350e-01
4.068939781435589320e-01
1.361876082193737569e-01
3.834403661568056010e-01
1.369107057450084097e-01
4.027116001890415076e-01
3.332790256898118808e-01
2.484975341682884864e-01
1.450740959151275433e-01
4.001557354396578781e-01
2.255886782419693759e-01
4.378994118312158346e-01
1.701100541481134765e-01
4.163150954365799072e-01
2.234481956948823900e-01
1.194786976132099776e-01
3.968938774964609340e-01
3.507456574980707953e-02
3.997711695812768973e-01
2.793721309826464050e-01
3.833163129271475178e-01
3.945721216449417645e-01
4.408514408381330463e-01
2.186262569956487212e-01
4.443807248413123578e-01
2.269812832055439211e-01
5.756108168740262793e-02
3.214957315026716889e-01
2.575537253989435560e-01
1.682267267634749708e-01
2.011300679477855957e-01
2.218843792866788400e-01
4.527096977894483065e-01
1.638892413190782826e-01
1.246792984368234602e-01
1.020632290213332738e-01
2.543691196353375927e-01
4.055326251090720091e-01
3.038088135591185956e-01
1.904954675832813693e-01
3.417521345929133147e-01
1.003490005471793650e-01
1.384158515109379928e-01
3.071853138848728015e-01
3.220616981710320292e-01
2.281788251999296024e-01
2.543787459099687287e-01
4.662410925711071297e-01
4.598680529730273525e-01
2.219820375818259417e-01
1.462384346071933794e-01
3.570845312654303272e-01
3.497999127906200045e-01
1.119009379158935752e-01
5.668586058383814907e-02
3.623547725028128386e-01
1.756451471238342221e-01
3.593226485193456443e-01
3.961883243689777734e-01
3.119567491275020976e-01
3.094790146987440038e-01
1.639561677484399349e-01
3.972209328346302248e-01
2.073391636269764360e-01
4.501967593820251357e-01
2.273488464969238565e-01
3.744738132759053428e-01
2.111687454749235082e-01
2.392525077617562446e-01
2.074381279307798698e-01
2.934763001832778606e-01
1.470234718370463933e-01
2.931700108640540869e-01
8.967003165464032532e-02
2.123447960628832010e-01
3.820466138507681020e-01
4.096675099235366768e-01
1.714467011468169821e-01
4.500045108083806644e-01
3.716345264745080645e-01
2.008437659217969240e-01
3.247649985845056930e-01
4.031059675021447797e-01
4.622621909810084029e-01
3.951607359622690829e-01
4.390533254977644906e-01
4.346554180251049893e-01
3.525105014759364330e-01
4.466315583151391766e-01
4.078241425201120096e-01
4.496074056735980262e-01
3.931448353385210148e-01
1.705774350719925780e-01
4.309082442611730790e-01
1.545605867917240750e-01
2.485952413412535200e-01
3.431530087870500179e-01
2.706324632066549607e-01
1.209886717440944864e-01
2.111949583675699071e-01
3.915247578233939652e-01
2.317700116525133747e-01
3.666309644374111110e-01
4.354675201485495584e-01
1.674325008098560552e-01
4.640022657797338024e-01
4.153039130063839179e-01
3.345698096942273936e-01
2.798003094640647004e-01
1.663825170112294416e-01
4.250791199254777553e-01
3.923138352582012933e-01
3.402475210060098565e-01
2.168633828680129882e-01
1.659703744191911787e-02
2.292713475595517525e-01
3.586141926386667289e-01
1.650988970328409744e-02
4.292325669833839674e-01
3.731523786552222444e-02
1.736425406026879670e-01
4.096540837097529808e-01
4.007430647433847803e-01
3.289951248561388542e-01
1.444157214997647543e-01
2.922810625622481173e-01
4.417191113146402004e-01
3.527633694355185590e-01
3.376893677125466509e-01
5.630735114273500708e-01
4.292084353241994998e-01
4.100667376335774272e-01
2.492251592403891269e-01
1.755547425790149885e-01
3.586106706557979917e-01
1.043407346235355609e-01
2.315430863831497155e-01
4.224716151390675578e-01
2.071040974209495955e-01
4.181145872808618158e-01
4.276745914744231047e-01
3.559640456074262271e-01
7.698938527736597093e-02
3.134822574421721186e-01
3.096260837791995901e-01
4.025552226227557262e-01
1.002439114389044733e-01
2.823316099980228699e-01
2.827157482377353204e-01
1.836499610738576496e-02
9.267948075469416291e-02
2.436039901867137758e-01
4.605192436769049436e-01
1.026627266611457728e-01
3.029790802565749952e-01
4.007267270215499888e-01
4.060149461054074482e-01
3.573250267887685960e-01
2.362914487231991267e-01
2.735490341366413336e-01
2.267712992866188493e-01
1.195428651428518951e-01
2.419367851867803842e-01
3.329966348850705860e-01
4.223921119243506106e-01
3.702156140004992935e-01
4.193101938090895153e-01
2.165091522929184775e-01
3.565141056994577951e-01
4.006486813450234608e-01
3.665302806758709009e-01
1.867932843985272706e-01
3.497776208543296739e-01
4.098801192202645716e-01
1.797686902721670754e-01
4.483898212298700198e-02
3.877715634574778747e-01
2.159237155316630907e-01
3.120242319673378062e-01
3.618185803505833964e-01
3.080648094739426579e-01
3.899647258362581859e-01
1.971202394785361023e-01
2.986913084283477349e-01
5.830555771009602317e-01
4.174484923278606874e-01
3.893197621995787006e-01
4.578685022698225082e-01
3.389239523504402607e-01
4.933198338335269550e-01
3.993635109040574172e-01
1.716665677881350216e-01
4.048267339030994227e-01
4.068899306826552209e-01
9.592757354984131346e-02
1.745114829812586532e-01
3.572319136327825606e-01
4.428802395836209382e-01
2.651991000161584289e-01
3.018546634610649870e-01
2.178676239426954042e-01
4.138277496288924051e-01
3.713370402245608215e-01
4.475498373324473533e-01
4.193977351427847222e-01
4.434515595140802735e-01
1.099955275237783359e-01
1.871283209283690352e-01
1.448311540995313174e-01
2.292967353122694618e-01
1.326625585787372663e-01
3.933858992428346246e-01
1.043720744901659586e-01
5.725118656197885070e-01
1.714286216081332137e-01
2.015004117978164422e-01
3.296629620668435900e-01
3.321122277988190069e-02
1.816901337529385277e-02
1.847624870772370531e-01
2.666928174750448077e-01
4.191613771184357629e-01
1.800430083741769438e-01
4.203997803669743405e-01
2.146177235551807172e-01
3.559018533142211393e-01
2.632124015235681180e-01
3.153033641114448282e-01
3.975193702518933780e-01
3.890211249558543916e-01
2.706602507025626658e-01
2.641885951692357626e-01
9.307346747535709397e-02
3.287741391959744797e-01
2.040250631799307990e-01
2.696315662377568034e-01
5.046297326823290241e-01
4.278610101442592573e-01
1.611246349273985079e-01
1.374706175803151187e-01
3.753717840992620847e-01
1.196495857505747162e-01
1.617365773243688021e-01
4.182420763140780595e-01
2.172722946098347707e-01
3.896572770588474510e-01
3.152809136749299412e-01
3.841529770254384912e-01
3.585845567894861974e-01
3.853771996489152030e-01
2.214755282894457222e-01
3.972457160044234326e-01
3.563164786571995646e-01
1.720743823671296857e-01
4.043728768086037317e-01
3.659343660124690367e-01
4.401651524171283913e-01
3.089597824854611319e-01
1.347024531490401134e-01
4.034408303456148426e-01
4.562057137572808618e-01
3.534006791502954381e-01
3.279658173443771307e-01
8.326759092878582846e-02
3.938541840899673629e-01
2.690399486316201183e-01
3.942712108021115963e-02
3.017334112042229233e-01
3.908597145318302712e-01
2.612005195028949678e-01
3.707657884865410147e-01
4.164550128375328897e-01
5.828486453979344478e-02
2.922916095904087297e-01
2.099226569804605452e-03
3.686550462452615751e-01
3.234541158387914672e-01
1.650627300123093666e-01
3.787670901862111306e-01
3.573462973736775683e-01
1.711184588826207553e-01
4.166983014916603167e-01
2.982463934020165297e-01
1.969210851341306745e-01
3.253537063422795028e-01
4.276000766186050517e-01
3.654867406737906110e-01
4.222155405373774761e-01
2.643895683089041437e-01
4.192356875836501517e-01
1.079504716550646060e-01
3.323691363964303425e-01
3.636115054517278788e-01
4.001997555161520004e-01
2.510869584020491985e-02
1.246211952419501723e-01
5.480760987762889336e-01
1.881241387534229037e-01
2.208967375836783098e-01
3.651701177623106753e-01
3.861749627508039295e-01
2.992429807415112886e-01
3.743220555347502865e-01
4.135407523595104884e-01
4.362543861317947913e-01
3.857871075356036350e-01
3.200282245195107955e-01
3.995681047365511884e-01
1.721166617626239403e-01
4.434767936626536899e-01
1.262511301432923116e-01
1.492597054485682584e-01
1.963916891302556200e-01
3.077475357157292701e-01
-2.749788334833121271e-03
4.271510999202897674e-01
2.921283968471629078e-01
3.396485353800116624e-01
3.071757428778592036e-01
9.013039149054666299e-02
3.102494483579262274e-01
4.243268938758577025e-01
5.440446558554784540e-01
3.136094513828237562e-01
2.775116271324334916e-01
2.043686784721868710e-01
3.461203485837190397e-01
3.780213223983575066e-01
1.040525402625364082e-01
2.747084714115381465e-01
3.758957850117085053e-01
3.015447538846841025e-01
2.593982232989958669e-01
2.313703460337371010e-01
5.147763731768030260e-01
3.195605535080643378e-01
4.597245795655972578e-01
3.136673455399663912e-01
1.158513920091333027e-01
2.828906641064600769e-01
4.071598885762633402e-01
3.994952058361636027e-01
3.092578719490901018e-01
3.692088275034937639e-01
3.720641616642726413e-01
9.552716173524360144e-02
4.349771541455297319e-01
3.266691149747715239e-01
5.038327441854560662e-02
2.163590229807881848e-01
1.161506557021743241e-01
2.130787837987090927e-01
1.250423234508157844e-01
4.104186582131221228e-01
3.098023982256908893e-01
4.346339121171531872e-01
2.702437425885271249e-01
3.248740776921663631e-01
3.617873873404274243e-01
5.606637365916471855e-02
3.038646502837655250e-01
3.906111922376318546e-01
1.215314002723535125e-01
1.747488313415654637e-01
2.676604363104307382e-01
2.710098923227272083e-01
3.951181945849900901e-01
2.941436219778074679e-01
2.754299597034795544e-01
1.987262698905182257e-01
4.217787123211275691e-01
3.417779219985531691e-01
1.829321400108431250e-01
1.725647466274768671e-01
5.672534613824855576e-01
2.765580755913369382e-01
4.072705136834962603e-01
3.234320443920805088e-01
1.754498277380026894e-01
1.808261744404172644e-01
3.742394302805321926e-01
4.231980731184153965e-01
4.113607720543774882e-01
5.189729287767232135e-02
2.034486184434552425e-01
3.958546026441398524e-01
2.829665794901783382e-01
4.361274905200998031e-01
1.368585148574632815e-01
1.567811378640801279e-01
-1.749430616010913889e-02
2.981106595356548539e-01
3.414652359919957414e-01
3.806457952561865254e-01
4.084075388606759338e-01
2.748135031205334311e-01
5.897374260681031988e-01
4.132710266355374973e-01
4.121050149206992308e-01
5.797252543400557845e-02
4.002058653263776966e-01
2.275604828584875117e-01
3.744056618514183254e-01
1.929340125410794193e-01
4.323925989468650477e-01
2.630248267927192685e-01
2.155764020754477595e-01
2.053146654863372556e-01
4.949313805719752213e-01
1.814784950392854812e-01
2.659604915020441496e-01
4.159619877650394537e-01
3.731455157121970068e-01
1.070916653502929361e-01
5.692804470638213044e-01
2.353679465011096761e-01
4.128489218661262061e-01
3.912157316783037575e-01
5.231180044839700560e-01
3.151628026477339972e-01
3.941905806513169019e-01
3.004205172483297992e-01
1.712659011854636981e-01
3.442926528692484833e-01
3.867244160400780117e-01
4.067852366994655355e-01
3.590983470510810127e-01
1.700934756055187125e-01
4.449582483751276518e-01
1.672665124299721473e-01
3.957527093433207410e-01
2.085953634632907172e-01
4.075169057263785533e-01
4.108832966837544509e-01
-8.714064318264304332e-03
-1.992792422971056271e-02
1.118211236496725186e-01
2.517803406131502442e-01
3.360010800822080812e-01
4.332193791869138333e-01
5.596597340893658679e-01
2.284171524235994732e-01
2.438204494414477896e-01
4.509942693607149611e-01
3.620833250182856622e-01
4.211205251185954346e-01
1.234939833032790563e-01
4.359977010838129996e-02
4.900879247774539427e-01
3.913292857203140018e-01
1.371211981924025380e-01
9.026515537806374667e-02
4.042830854355954906e-01
4.090622195569319497e-01
3.486033103042406323e-01
4.297501564787638562e-01
3.433083162693592039e-01
4.465415532572732937e-01
3.704444447993947009e-01
3.540899036012445933e-01
1.734751999658983024e-01
4.533120139117874370e-01
2.411661140080617258e-02
4.613226506289597878e-02
3.959059428169982575e-01
1.689485240063776372e-01
1.986161914430911168e-01
3.262882469847178113e-01
3.553093616125399534e-01
3.947126322599548987e-01
2.080975740327556944e-01
4.016597023290484070e-01
4.025552226227557262e-01
1.949066973732423436e-01
2.629472053117543617e-01
3.815613627578735567e-01
3.965158203543681092e-01
1.742006855339210403e-01
3.665693772120706684e-02
2.873284443022255386e-01
3.215176480589800323e-01
4.153056962583864253e-01
1.635978745314810856e-01
4.462743135802774708e-01
3.804657206615676412e-01
2.880022766801925704e-01
5.591863570698364372e-01
3.480108366516687646e-01
3.195545780495995802e-01
2.189414421399741018e-01
3.207403842848868258e-01
1.699503380359989047e-01
1.477041391015280480e-01
4.000446285249361633e-01
3.836828051128053363e-01
3.999001783080071704e-01
5.321177148234896848e-01
3.002079125987289210e-01
3.975054935987281657e-01
3.489694472958743132e-01
3.284645667645083034e-01
4.808019337804313453e-01
3.012512931877561195e-01
3.694931712841037497e-01
3.114761377345046656e-01
5.198871336043676683e-01
4.118041165177508955e-01
7.169473778019731791e-02
1.221070281673414665e-01
4.184465567898667526e-01
1.803635179850108516e-01
4.243220811949564020e-01
2.546249539349201840e-01
4.382383968423054221e-01
2.534103104509293214e-01
2.895920131031243794e-01
3.593764920414308506e-01
3.464079495646891216e-01
3.628430703683480085e-01
1.603982990258986246e-02
2.541281412127468012e-02
2.353435059324562317e-01
4.067180855690657459e-01
1.206456312848516871e-01
3.178027763088693836e-01
1.053305335633452772e-01
-7.701045236375368697e-02
5.695223786116415665e-01
3.672548215493616763e-01
2.999247550258121037e-02
3.961707805932093707e-01
1.143395180746413359e-01
6.278178017351747353e-02
2.031695003208532080e-01
3.217521191837974248e-01
1.705342509545197394e-01
2.142660464933893449e-01
4.079809038892975304e-01
2.109803184993628011e-01
4.246549466866441636e-01
5.392884087594216475e-02
6.988831229795203215e-02
1.852835651127681671e-01
4.036484806599252573e-01
3.975703996896257086e-01
1.451537874214724466e-01
8.441110864029359451e-02
4.594667125628734139e-01
4.024160637408092378e-01
1.343253328179602191e-01
3.088891252429610823e-01
2.498265891722059040e-01
1.181371937858986532e-01
4.524671334647500376e-01
4.085417180970866702e-01
2.417848834624861665e-01
3.720274621405570969e-01
4.118281539481369324e-01
3.726813371619152049e-01
4.297451218975481546e-01
4.972668630823372515e-01
3.976066482967994253e-01
4.010319067562176376e-01
-8.589732981913190610e-03
2.277434471362574930e-01
4.213981690490731791e-01
4.178622660433237712e-01
3.175940125927199098e-01
2.137490136989289580e-01
4.143866278103788270e-01
3.194708610524737424e-01
2.431469989369929030e-01
1.791986530524907750e-01
3.840240452252569603e-01
4.541580936702750426e-01
3.142013461568923804e-01
3.680577613640155787e-01
2.752307617663258821e-01
1.718031872381955982e-01
4.367238057077601487e-01
4.468826677494799199e-02
3.869003913707748099e-01
1.724384478396639719e-01
4.446822691949139927e-01
2.862597478664725137e-01
2.708909449215879395e-01
2.067731327131226426e-01
2.567934379947102164e-01
3.821474000773095181e-01
4.430131108819878039e-01
2.600065635086644122e-01
4.132536290368086229e-01
4.294337312776425053e-01
4.306772135040564664e-01
3.735507797497678029e-01
4.400282511675684960e-01
3.884584696559283956e-01
4.066085594866226671e-01
1.424026756305106327e-02
1.539290692850869002e-01
2.970122894098299882e-01
4.021187764874790127e-01
1.430105213282957533e-01
2.387830712777172515e-01
1.611682215763152737e-01
3.528023514324854504e-02
2.901405695176331734e-01
3.618081154354972351e-01
3.984313810417357549e-01
3.880791602790773509e-01
3.238885006413052547e-01
2.735597300803270238e-01
3.541840854719644494e-01
4.243151110023600237e-01
1.795579203456495188e-01
1.279776920095248016e-01
8.823410194094934156e-02
2.489618366765338764e-01
1.201460126860023209e-01
3.241380475440231446e-01
3.814697330312140089e-01
4.278718994416220167e-01
1.282710838086457139e-01
3.002390388894186635e-01
4.119378353566507944e-01
4.466308472217234704e-01
4.383153209845207510e-01
-2.473156530204250261e-02
9.884087265346516715e-02
5.500212956862668978e-01
4.909248930965946500e-01
1.984659833113301686e-01
4.378787919478176471e-01
2.306480392665524737e-01
2.973403665557949327e-01
3.338277854991114069e-01
1.579998589323158287e-01
8.412172899739614462e-02
1.368225695220051941e-01
4.198405421161296447e-01
3.618076306405696441e-01
3.873277973710596012e-01
3.920384930585446657e-04
2.384285270008039970e-01
2.467810832730707726e-01
4.074906366377264999e-01
3.379668522299713040e-01
-6.706482523045466382e-02
4.848257924654981732e-01
3.265497610278174645e-01
3.222052500817146892e-01
3.919977048177069601e-01
2.353537493050983365e-01
6.343349280784645050e-02
4.642203606779497504e-01
2.866576141342705442e-01
4.134943999231678879e-01
2.166220249758647187e-01
3.230909768872032295e-01
3.177634421130969833e-01
4.280245164863503704e-01
1.776482176108209743e-01
6.386399095249842284e-02
1.805766172216997922e-01
4.555630487887791236e-01
4.415790713872048134e-01
2.238768851113177027e-01
2.849483309501063544e-01
4.268706087946793071e-01
-1.400150413701261969e-02
3.444486108663535329e-01
1.417688328099200867e-01
4.305094487339434783e-01
5.591863570698364372e-01
3.128559392408059581e-01
3.879043290544515465e-01
3.274982836721304635e-01
2.664097073614311584e-01
4.031472085137073336e-01
2.812264232007615772e-01
4.368994670254466861e-01
2.403484890153488873e-01
4.168330339643914195e-01
3.764627640483877435e-01
4.081357975283503303e-01
4.515129429229446933e-01
6.418290875636535608e-02
3.899605932126029018e-01
-5.360919042086556910e-03
4.383039627422528617e-01
3.918285013468648104e-01
1.605746624669047162e-01
1.280650259911101652e-01
4.349617397082489179e-01
2.104989817811232233e-01
4.574126332182881782e-01
3.334332167491308591e-02
