3.926905898769829650e-01
3.287249778203125139e-01
3.985099192307400839e-01
4.461305229234451275e-01
2.818888041034752767e-01
1.674560825728426683e-01
3.362719928151924331e-01
3.251358409789437132e-01
3.582637234564659545e-01
4.698099525036473767e-01
4.461969991623784271e-01
2.396274759180760383e-01
4.515863447088613869e-01
4.482880298053814605e-01
4.141760948665922926e-01
3.423499592670051217e-01
3.385717842698904301e-01
4.067067088005281716e-01
4.315580668840550138e-01
3.942853241190364955e-01
3.978355814362193876e-01
4.330545984532269133e-01
3.947477407650554215e-01
4.320803110165259975e-01
4.656938678074376003e-01
4.254684140696143313e-01
4.096831220296838771e-01
3.938865277619628125e-01
4.004536463208349106e-01
3.406790011881786207e-01
3.987987748530162913e-01
3.917154797328338822e-01
1.994198431395126370e-01
3.928348272388984541e-01
4.176342818928789891e-01
5.475354827251225354e-01
4.582021248282895365e-01
4.928532210600324870e-01
4.241229033400300552e-01
4.170582211252719662e-01
4.223719963372165043e-01
5.560277234351685971e-01
3.259160101202416282e-01
4.151737112957646914e-01
3.647130526979565079e-01
1.963749398887279229e-01
3.308061646035593828e-01
3.219521700347247606e-01
2.541856041751113793e-01
4.550766415570740575e-01
4.375049100833671711e-01
3.330490691244002432e-01
3.353165401012456748e-01
4.427564160340656807e-01
2.404194391928188568e-01
4.058166955182868629e-01
1.797997248028446460e-01
3.317770749896649107e-01
4.084262024695751725e-01
2.745499215623322109e-01
5.646267657042302046e-01
2.750461521566439638e-01
3.820374558571667523e-01
4.420320439508663712e-01
3.707978805498030606e-01
4.255940736285112602e-01
3.776916762039002617e-01
3.298085603108570352e-01
4.002058653263776966e-01
4.173940310698218692e-01
2.356640708109076776e-01
3.843663641350483218e-01
2.570229281721738701e-01
4.201113870508503823e-01
8.667631161170107068e-02
2.429925442854729833e-01
4.050055219074141233e-01
3.163647755532393302e-01
4.785108589459999284e-01
4.485162162303273914e-01
4.378099879131784333e-01
4.482287995577335926e-01
5.014156900246672377e-01
4.195021080385430423e-01
4.507148136315974329e-01
3.995377543501019146e-01
3.848747639782741925e-01
3.822615851535252074e-01
2.894098463055416737e-01
3.180044344018641000e-01
4.364528717307666894e-01
3.507317020849199940e-01
4.680974292761499456e-01
2.368097411380302442e-01
3.936557198179890804e-01
2.824401721335507154e-01
2.241401369724549952e-01
2.808239736417196264e-01
3.971763002502003426e-01
3.946975803815646611e-01
2.013587262635832820e-01
4.112991289520027127e-01
5.767815088188665840e-01
2.446363580805594462e-01
3.802870982941367606e-01
2.844155197487395759e-01
3.244392743162848314e-01
3.978916031331178882e-01
3.953071899207800111e-01
4.621053081226455528e-01
4.068811812005618811e-01
4.362978743612004329e-01
4.832308201204241205e-01
3.899941555936545790e-01
4.601346446247596145e-01
5.567203861169699453e-01
4.067060251749524125e-01
3.930559733909131936e-01
4.547878573013910963e-01
3.425600893214775233e-01
3.845032210294406783e-01
5.617737112496912211e-01
4.614863676503169199e-01
4.093783850168475902e-01
2.043271932634360966e-01
1.177731025052126401e-01
2.997761242954430361e-01
4.684269794576439438e-01
4.088664194164762788e-01
4.441277426329427458e-01
4.471441720237584461e-01
2.844867372189965882e-01
4.808019337804313453e-01
4.136779423948198087e-01
4.062723870661665848e-01
5.285336676234930753e-01
4.279146334257183382e-01
2.638181014752917219e-01
4.761360971133071218e-01
3.029532646984737787e-01
4.201029281179252117e-01
3.798627811603349502e-01
4.129319633701485914e-01
4.293255105192343990e-01
4.519947567185616522e-01
3.300577480362991145e-01
3.000381781106424284e-01
9.545225463804857258e-02
3.640013337457703724e-01
5.833780529029300999e-01
2.633014945153350772e-01
4.362869072244603963e-01
2.794239501830158012e-01
4.229175474712900673e-01
4.936903231915355517e-01
3.435880333993706626e-01
3.960467427571594534e-01
2.850473113736315955e-01
3.592543454408479997e-01
1.777023319369710752e-01
4.004968296655154192e-01
4.118349562217781257e-01
3.002141837306491201e-01
4.568008963737033024e-01
4.287590519192872041e-01
4.264693298759736906e-01
3.989819941418805138e-01
3.284369524570658339e-01
4.342769327664370849e-01
1.193935477501963383e-01
3.401454288537965054e-01
2.179936429070752912e-01
4.024204215011708552e-01
2.741198029883750165e-01
5.380507889589251080e-01
5.572662639814147667e-01
4.956364392368469707e-01
2.481907308436245851e-01
1.475118945993062480e-01
3.040998172328669980e-01
1.763870941434481920e-01
5.388157129718863514e-01
2.872924891071821918e-01
3.265341077199103159e-01
4.389111402573424026e-01
4.413153176363512897e-01
1.992488103603199667e-01
4.060359044407249041e-01
4.025260596602398544e-01
3.254093464768574306e-01
1.935288647135782469e-01
3.915577518442164284e-01
3.945117543863900234e-01
4.003022248947505357e-01
4.828800932923740796e-01
2.892370016706573566e-01
3.938702169270770770e-01
4.052282952592470289e-01
2.726533855490349545e-01
4.547878573013910963e-01
4.775509653835502966e-01
4.256003257570014076e-01
4.031059675021447797e-01
1.663414995337368085e-01
4.393291154735216586e-01
2.437702367570321327e-01
4.085961914708494680e-01
4.591496852268677209e-01
3.482533755623912208e-01
4.350883891051972041e-01
3.936477526506820257e-01
2.103486494891242398e-01
3.623162671760810638e-01
4.045855476797644013e-01
4.146823199788579051e-01
4.281391069206664235e-01
4.720532125711960902e-01
3.463930034084381493e-01
3.973357762261763293e-01
4.147019774505524281e-01
4.228946746441245019e-01
3.424551552021492529e-01
4.979766180632202999e-01
4.028532715070078374e-01
4.196860261391301972e-01
5.433225463007459455e-01
3.702953708570676516e-01
4.465734336273035066e-01
4.140591337336299582e-01
3.917081110490971407e-01
4.063049926784544907e-01
4.888747880829011905e-01
4.842676202738861457e-01
3.270811660168518875e-01
4.146086414814235677e-01
3.475247492003905037e-01
3.833058978856922483e-01
1.389637829127976509e-01
4.474511259236356731e-01
3.938094555755587423e-01
4.234667792959179722e-01
5.515818543754577030e-01
9.554572302436438458e-02
4.213415852157762487e-01
3.119115949030663026e-01
4.594920330152340027e-01
3.959772287079019182e-01
4.543702003304270209e-01
1.445652328736669601e-01
2.743714292314730074e-01
3.939108285848685331e-01
2.620883969064398133e-01
4.247159899362058511e-01
3.690391171638707779e-01
4.843827676165827767e-01
3.871013863353432449e-01
4.099282159059366437e-01
4.198051295976403807e-01
5.708487618909626748e-01
4.527551234973838379e-01
3.544145661669143577e-01
2.480295812587987314e-01
3.807562943930839494e-01
2.338239746529547081e-01
3.562552630490167793e-01
3.170203908199291654e-01
2.704666503958515489e-01
4.412747452716783148e-01
4.731106727932572475e-01
3.996715388296707139e-01
4.675318338385511252e-01
4.276074365889786510e-01
3.266704221452095824e-01
3.251393259092730248e-01
5.639077248300228273e-01
2.771264498449140801e-01
2.884002506617557304e-01
2.665349341566260466e-01
1.750934358909820299e-01
3.982638607436967959e-01
5.757638358044760984e-01
4.710399558211768034e-01
2.796972855628874766e-01
4.194488732900951145e-01
3.904986520991521326e-01
2.684268123379324189e-01
2.839726041488009889e-01
4.837789656583691977e-01
3.592205491474885770e-01
5.741709769271210462e-01
4.209083785429418856e-01
4.014494720501539105e-01
5.639293772884439448e-01
2.864097412760706618e-01
2.445919846564443834e-01
2.377631687834015073e-01
3.030108573732521182e-01
3.586986602712800565e-01
2.992123055540783505e-01
3.057741899542269493e-01
4.233946945970764597e-01
4.395075722870530610e-01
3.143581081899531338e-01
4.065076526837324011e-01
4.362945432009842084e-01
4.891964517994275563e-01
2.279114476650814514e-01
1.973151086428202028e-01
2.003390812906402085e-01
4.890466790868698288e-01
3.761715721659957823e-01
2.101722456839821007e-01
4.499043823992632807e-01
2.531458841114266889e-01
4.083446015749233604e-01
4.273445218105177967e-01
4.182272167105675065e-01
4.484049932619072476e-01
3.712067801136625933e-01
4.109765559752878161e-01
4.352063500343402169e-01
1.817766290033046572e-01
2.713800233177445231e-01
3.263402694968935980e-01
4.405513958468648683e-01
2.910479296951283823e-01
3.855988812163481105e-01
3.278849145975729074e-01
4.232553750158185579e-01
4.049310928574768043e-01
1.450885460735554522e-01
5.710507413825802736e-01
9.881112805321437542e-02
4.339422251038151379e-01
2.685244695542821636e-01
5.023366384015159891e-01
5.706234812066512951e-01
3.984624763792402602e-01
5.404282758336981241e-01
4.540459086220888785e-01
2.299923275771638687e-01
3.053818474607459255e-01
3.593103693368334128e-01
4.808019337804313453e-01
3.174109592726772067e-01
4.207187421525789284e-01
3.334624911104383527e-01
1.971118114158117440e-01
4.461863828837270840e-01
2.474755456326014902e-01
3.916684951212502375e-01
4.654391075335911343e-01
3.516724867233761986e-01
2.559735185115660783e-01
4.158149212571006226e-01
4.567799222298556394e-01
2.969791164746179990e-01
4.293679195778704605e-01
4.467759365845840880e-01
4.549579252208399982e-01
2.828337190835154002e-01
3.331121296212566918e-01
5.127486909243235136e-01
4.694522199864193390e-01
3.827039805034467279e-01
3.726642227059958068e-01
3.961775740290108261e-01
4.076663786992447136e-01
4.118975089162790759e-01
2.353385699367205319e-01
2.983472312448614550e-01
4.103936999669683394e-01
4.386028313465142880e-01
3.689818721937734303e-01
2.838120371975230150e-01
3.984263830151529850e-01
3.962984255333872885e-01
5.688275777327667093e-01
2.854476293950990451e-01
4.011437343075622830e-01
1.175042678678422658e-01
3.969971565747011932e-01
4.413785462803699877e-01
5.682096980916528928e-01
3.286188753219731473e-01
1.411691938735887275e-01
1.534695320736443047e-01
4.772687831186331886e-01
3.007376042501268554e-01
4.105273543892194454e-01
4.692915464001735093e-01
2.996840678629434929e-01
3.891921861364616708e-01
4.365019086298125295e-01
3.825835180922261269e-01
3.956980043393215074e-01
3.681962778636384548e-01
1.781462116497937731e-01
2.716308340471054739e-01
3.288092994418551074e-01
4.031611784413502431e-01
3.642649408631700725e-01
3.199264687446063959e-01
4.850555715272552026e-01
3.811983828044162581e-01
3.537694240307673876e-01
5.499193970536994103e-01
3.998445497912467839e-01
3.692000852410441958e-01
3.833652616967491711e-01
4.807471521195826325e-01
5.416690244706375834e-01
5.047769507612940298e-01
3.864094660528265557e-01
2.942591449909315315e-01
4.197417315824393258e-01
5.567203861169699453e-01
2.423447601746410163e-01
4.219591630010960381e-01
1.683997683462986339e-01
3.712233324954218872e-01
3.370535554307156345e-01
2.754298151446360476e-01
4.199579136070031304e-01
1.729171395542875855e-01
5.066062816005939551e-01
4.713256889890298229e-01
4.684152826389801905e-01
1.975294701553810262e-01
4.116090457272812975e-01
3.827754487525930061e-01
1.026182489256263902e-01
3.895922030904869215e-01
4.367759402488903819e-01
3.018847252069875586e-01
4.837597397471027350e-01
4.859617942374322985e-01
1.903520553612946253e-01
3.208139856483113728e-01
4.318004010307439633e-01
4.188187748168817337e-01
4.092327591597715308e-01
9.413891132157127528e-02
1.400460330419488753e-01
5.243557049375339174e-01
3.303734209007525569e-01
4.190956336318493181e-01
4.620673946199851390e-01
3.510464698384054283e-01
4.840416874980750794e-01
4.256650019810812036e-01
4.639298320069684678e-01
3.902230114953342821e-01
3.796303363488592320e-01
3.191421017539063376e-01
4.175156935186062901e-01
3.609816151848502797e-01
4.626425799850432119e-01
3.141621489683821267e-01
3.561603429904711127e-01
4.088050316986255872e-01
4.256286482534052396e-01
3.500770266166818856e-01
4.378818141155804700e-01
4.355353659207056305e-01
4.348522691631227510e-01
4.334928690837583365e-01
4.615072193091743213e-01
2.111445588385669481e-01
4.492575005779293473e-01
1.777673806521380961e-01
3.899536761300294585e-01
3.987526590052287712e-01
3.812227754495725041e-01
4.632199096672749983e-01
4.170826594948385257e-01
2.131006251296491127e-01
4.222761801300192186e-01
3.640473836209513481e-01
3.933245824766551380e-01
2.836918021635878584e-01
4.655594113201105833e-01
4.389111402573424026e-01
4.189705409394622326e-01
2.998812600668894213e-01
4.062890202539958251e-01
2.897846879676868603e-01
4.410553638246503261e-01
3.160961672143570711e-01
5.027903022460651350e-01
2.412720451773053276e-01
4.076759422376613484e-01
5.494237115839818442e-01
1.394482921821119104e-01
3.285064484157218523e-01
1.324873138427926922e-01
3.662579558386610534e-01
4.559966266508827526e-01
3.268627616697682425e-01
1.943562529804045980e-01
3.910510239086599782e-01
4.141960180958622617e-01
4.337366737142057116e-01
4.591496852268677209e-01
4.219287406671626273e-01
2.846664780762481195e-01
3.818997086645237182e-01
4.452255431537722186e-01
4.031887655299060125e-01
2.082799465486926405e-01
4.446201473969658147e-01
4.619198682539341627e-01
4.480462912793006236e-01
4.217516830537808570e-01
4.832226326087604162e-01
4.436384706963942270e-01
4.034559782369683267e-01
4.479470624626879505e-01
4.101902043294203271e-01
4.406871276386162828e-01
2.662409209079991124e-01
4.444865654823436096e-01
1.795075803424016903e-01
3.399157549747801044e-01
2.483866295176949124e-01
4.859617942374322985e-01
3.889112176015361300e-01
4.091374604433596351e-01
4.425405593913764313e-01
3.967435269219589111e-01
4.079668234679116878e-01
4.838680321625495329e-01
4.284569146835630060e-01
5.667575752149706103e-01
2.851982653329706574e-01
4.539285451807032468e-01
3.070359519866404097e-01
4.374149823669721271e-01
4.093852892368374241e-01
4.186379459769534739e-01
4.374335243207251867e-01
3.841749189334843217e-01
2.674066877150951815e-01
4.022362973710379430e-01
1.359647891846227641e-01
2.735429034350902455e-01
3.807332181711275965e-01
3.528055871528495424e-01
4.416618604526497127e-01
4.404259202021682529e-01
3.929243153038853853e-01
2.191657026917376849e-01
4.279193681842579644e-01
2.493221796343708108e-01
4.211758852637714767e-01
4.059351932735830171e-01
2.543702169382008882e-01
4.991254167159131505e-01
2.283364639425438103e-01
4.393278856860465820e-01
3.975020646828760773e-01
4.098191601998797950e-01
3.657443639513001110e-01
2.936541868109229791e-01
4.690825674224626263e-01
4.890307862029688590e-01
2.471368874141214589e-01
4.235109539308770654e-01
3.832662726635913120e-01
3.195774397568541536e-01
3.579951412576731218e-01
3.253446793810628179e-01
2.444925531555949549e-01
3.385254689275795092e-01
3.854162492911431537e-01
3.330033641739225114e-01
3.738959244654599945e-01
2.291025096350389478e-01
2.769623276755108776e-01
4.126976100002101022e-01
2.822693030618543264e-01
4.114533271816934734e-01
3.855623964562875372e-01
2.147255790577049239e-01
2.180564481646303510e-01
3.626920788222573466e-01
4.626164829645668664e-01
2.180328819456611722e-01
4.463164746400020144e-01
4.350556949070508161e-01
3.065831470929807900e-01
4.301447243651878583e-01
4.083845130102569110e-01
4.355881058746045031e-01
4.658476586666560060e-01
4.293624187902352340e-01
3.906288007827328768e-01
4.317790894307899641e-01
4.320119940173934303e-01
3.290192787551453613e-01
4.169338568700424186e-01
4.122181532108116220e-01
2.905068093476978475e-01
4.185618724249483558e-01
4.380867471053609408e-01
5.546671571758799990e-01
3.347838623388114110e-01
4.043450947896671255e-01
4.288384451796599106e-01
3.499182495561592998e-01
3.257287987833139553e-01
1.002591110036132466e-01
3.158231028615708924e-01
4.270927961106035231e-01
4.190228284208615261e-01
1.921202473529916854e-01
4.038952569621215294e-01
3.280743750609850795e-01
3.944785465562332671e-01
3.790197254367593804e-01
4.588001316531629681e-01
4.981203653814442189e-01
3.821124160073329223e-01
3.880240417845054468e-01
1.598358592287075219e-01
5.552667225517178284e-01
5.639293772884439448e-01
4.171361208322200143e-01
2.857862052100592076e-01
4.690331891670431741e-01
4.344785882039307046e-01
4.202424878145756271e-01
2.684766114643505341e-01
4.024160637408092378e-01
2.072597914446440703e-01
3.506821340026609057e-01
5.575934805582941634e-01
4.880399537493750328e-01
3.349822363237507927e-01
1.493010296105103940e-01
4.158017100144329459e-01
3.134720202363090458e-01
2.504373568418576390e-01
4.527096977894483065e-01
4.437732322344152269e-01
2.987404244945214282e-01
4.062400584973339113e-01
1.606604655261479886e-01
4.137904506257936155e-01
4.687972811256614913e-01
4.458341838499920717e-01
3.632508838114935079e-01
4.078173722369611842e-01
3.677877622064091856e-01
1.975211652052165368e-01
4.135545647412496306e-01
3.160419421299512921e-01
4.570247666964619149e-01
4.194041687581811506e-01
4.554885109462792903e-01
4.250605795484284632e-01
3.988573520548437390e-01
4.099110079265863571e-01
4.181307759626948783e-01
5.372575461216203552e-01
3.331716518288076467e-01
2.081108371562396531e-01
4.239457317890523158e-01
1.906293472459693328e-01
1.957557117094472221e-01
1.366881289417523904e-01
4.463994107538227785e-01
4.862729959848190453e-01
4.534091338870619992e-01
3.650258755458072324e-01
3.792585425381519992e-01
5.737920218107195325e-01
5.198807944252306079e-01
3.183785234783881868e-01
7.850993757112469107e-02
4.820877396330304765e-01
2.531114363126449884e-01
3.587247309027137843e-01
4.130396240252763862e-01
3.174935124964267663e-01
5.758875698345982119e-01
3.323166345040597935e-01
3.175477051339279932e-01
3.980266422539928128e-01
3.112428320842440255e-01
3.674571421069073862e-01
3.835575330081221757e-01
4.163812736370020584e-01
4.502701198002130867e-01
3.380775404883408219e-01
3.710664070660563141e-01
3.334086280040322592e-01
3.331213543965625412e-01
4.524142993442911154e-01
4.798644622530820469e-01
4.880058922170927294e-01
4.041852763577740704e-01
3.224135993114785048e-01
4.651511203846656062e-01
5.361995952749767369e-01
3.359272353255068344e-01
3.263083567629431747e-01
4.415670146651516914e-01
4.256131053562565714e-01
4.887950533831704747e-01
5.590027244356222669e-01
3.435345172507858758e-01
4.843756281357884941e-01
4.348285136307800114e-01
3.973500745853709160e-01
3.143243380989214075e-01
3.621528472000155041e-01
4.285098457505598368e-01
4.164958713739462803e-01
3.059949550418275543e-01
3.905543094115030422e-01
5.364954759840370180e-01
2.336485928267635626e-01
4.059872451622401623e-01
4.402067751154881692e-01
4.566601022839430479e-01
3.948038870630466435e-01
3.149003278318728283e-01
2.457896680355198815e-01
3.684999328427430165e-01
4.321426045922043824e-01
3.564374193283254000e-01
4.614152488485243064e-01
3.418813495359043220e-01
-4.664630909081887017e-02
2.771550593895811820e-01
3.741429683923809257e-01
4.702071534854244672e-01
1.816931480708947333e-01
4.546155898801352846e-01
4.373806672343305557e-01
1.759219265486534067e-01
4.657149012851389824e-01
3.845916858136586569e-01
4.661745646328859238e-01
3.771873225975580501e-01
3.729012915748072254e-01
3.717666292127547734e-01
4.612720509493378751e-01
2.741528214895986304e-01
4.134071036424376566e-01
4.171412002665096930e-01
4.625516343818659171e-01
2.889208996678833130e-01
2.470454140560244261e-01
3.143804556428143049e-01
3.346038887362203784e-01
3.908591627892292752e-01
4.990905505667842523e-01
3.346679176818962986e-01
4.283750092776159590e-01
4.410983002077245030e-01
4.839662907669239900e-01
3.547307361287343475e-01
3.264168973017780861e-01
4.096540837097529808e-01
4.183826885020099917e-01
4.775963910914858834e-01
4.451435095784027629e-01
4.410893130790248806e-01
4.396132470422472460e-01
4.576280726153602041e-01
3.627447481149304598e-01
3.978993040864353126e-01
2.499619346715253043e-01
3.263489108295535845e-01
2.137155305109377790e-01
3.221508079930747726e-01
3.920407285418733845e-01
4.046098894139846247e-01
4.562067372040186086e-01
2.440615909569315567e-01
2.333022755620935695e-01
3.646251496559609340e-01
1.386900875465521543e-01
3.037110146468874894e-01
3.510363305541470136e-01
3.462603750884259979e-01
4.652820443915959281e-01
4.362772446856417741e-01
2.696671156805238723e-01
3.855567570017019441e-01
2.564940762348418279e-01
3.509471091180718094e-01
2.375988794004106341e-01
4.062030967428803541e-01
4.053250691480366208e-01
1.599919567433531475e-01
2.608674217948932506e-01
3.946918988746289103e-01
3.757619450155689211e-01
3.192227476224670513e-01
5.497430918599699456e-01
1.970484101642186736e-01
4.112087724966495550e-01
4.640022657797338024e-01
2.225859056786148871e-01
4.239438930204789679e-01
4.312055281951268637e-01
8.192412128376828917e-02
4.818881312549812002e-01
4.425405593913764313e-01
4.067263788443609140e-01
4.863961576299680734e-01
4.629753517043468936e-01
3.595618116657310903e-01
1.792446140306217517e-01
1.800193863222589175e-01
3.826822483177529932e-01
4.249164606882516182e-01
4.467604287068567270e-01
3.670385044261771368e-01
3.619608696534565295e-01
2.642403955321439013e-01
4.596101282961380097e-01
2.743179317543806284e-01
4.537486864285366628e-01
4.622899509260917639e-01
3.244986075060942166e-01
3.591866755748965856e-01
3.079805145733803262e-01
1.043279010014290104e-01
4.362366653917704729e-01
4.368545678950895295e-01
4.309721424441637638e-01
1.816169155466912377e-01
4.175821223734411114e-01
4.047156106404488085e-01
4.492681007576050378e-01
3.264576515267872403e-01
3.926529449118757453e-01
1.204602018981086459e-01
4.218832772428123823e-01
8.790231806807125015e-02
3.759117573531828294e-01
4.135044620319243136e-01
1.928112965222161246e-01
3.112120858621555408e-01
3.855004753353906688e-01
3.103632482827455297e-01
5.586509520247429084e-01
4.619936994426842580e-01
4.309545291482052565e-01
4.229926759968256067e-01
4.446822691949139927e-01
3.721649243232414417e-01
4.152164246167427408e-01
3.798737391065514779e-01
1.093320055231785659e-01
3.330046042929567518e-01
4.174189788391938216e-01
4.981311674829373426e-01
4.026313440567658719e-01
1.504798706322658941e-01
2.848645052434023439e-01
4.340606122408917633e-01
4.559684152706049431e-01
3.947305630335228299e-01
1.166317747523045040e-01
3.064881445064386312e-01
4.627580766921091104e-01
2.677511802355572734e-01
9.265193159001411383e-02
2.995233039066744207e-01
4.591086920067556365e-01
3.228571576049322767e-01
4.436902650844248286e-01
3.600304740919327284e-01
3.246219391863008341e-01
5.681172127542263306e-01
3.404149212256064594e-01
3.902179116053873797e-01
3.222161872610824207e-01
4.640078838243414383e-01
4.322781464326396206e-01
4.475995591018351316e-01
2.647372926572428287e-01
4.488608933496112119e-01
2.738523624891052166e-01
3.994006363867533271e-01
4.375879264431131177e-01
3.472914435086376650e-01
2.523807963909692198e-01
4.507148136315974329e-01
2.815186847729542197e-01
3.915071087819005369e-01
4.182602057108331106e-01
5.720323348082956283e-01
3.194528805712437691e-01
5.695667919512581445e-01
4.547878573013910963e-01
2.870656612615167247e-01
4.182044432987259697e-01
3.283096469853661326e-01
3.391129935766092895e-01
4.310134401963172102e-01
2.126837839784271322e-01
4.919092801717517838e-01
3.572320704733188967e-01
4.042343603089808002e-01
4.566994139909401063e-01
3.876942508652358454e-01
3.255319449068106441e-01
4.253047983540699239e-01
3.678313154955928366e-01
3.942479713835317368e-01
4.515863447088613869e-01
2.878745658296463783e-01
5.276651703318094855e-01
4.183681786777907474e-01
4.029272319439776706e-01
4.504214683037465194e-01
2.629681404529289890e-01
3.645598402400810345e-01
5.720417822515216910e-01
3.916278231519450259e-02
4.534790185446980204e-01
4.030892377619536004e-01
4.237982992783698721e-01
3.919799002219355732e-01
4.282138737171555243e-01
4.787835091858304026e-01
2.082799465486926405e-01
4.376688396459531005e-01
2.678433290297060343e-01
3.966157961344080607e-01
3.885203895528052120e-01
4.200093265986819535e-01
3.295560671918582041e-01
5.032689807869135112e-01
4.206474663442811845e-01
4.087720045670232838e-01
3.840015579436636961e-01
3.533331430759602543e-01
2.541274851302156579e-01
2.906612488960550467e-01
3.047719961049576987e-01
1.026213238559148672e-01
3.569380182012727998e-01
2.924333979993786192e-01
3.001980689879260034e-01
3.924290948788056177e-01
4.863790807659867377e-01
3.124375058884410472e-01
4.270548263860048377e-01
4.579397316068501977e-01
4.099242997056246618e-01
2.724407216485648098e-01
3.147062674595885179e-01
2.098516525337792149e-01
1.881886497555409210e-01
4.320857281558752039e-01
3.230351075704289143e-01
4.098969660514593105e-01
3.704558354055827452e-01
3.099897581254599244e-01
4.387451214792315590e-01
4.493562193308613950e-01
4.891964517994275563e-01
3.343194656432598166e-01
4.252044106601611251e-01
4.086993347865937598e-01
4.691273345661144956e-01
4.633628879897105923e-01
1.823222421008004468e-01
4.218593391447660323e-01
3.485004315220516791e-01
3.867732983599127539e-01
3.589126825643158547e-01
4.055962967238752603e-01
4.491171906192213958e-01
4.338294014905882401e-01
3.950762272108802597e-01
4.116064838325527164e-01
3.889112176015361300e-01
3.988801336821419241e-01
4.173327434311705497e-01
4.270996883393459731e-01
1.933663950386788621e-01
3.109645788822226198e-01
3.478325315751323865e-01
4.098746468962822243e-01
3.663865017198403851e-01
4.021467536027653056e-01
4.417191113146402004e-01
4.207367367411587455e-01
5.819876773985347418e-01
3.232758192681572385e-01
4.309570176017303855e-01
4.356335556065269454e-01
1.972384021427816547e-01
4.356091005985860409e-01
3.872050149439216216e-01
1.539411102401019860e-01
2.337409497043222428e-01
3.143282198607029176e-01
4.150808816145257762e-01
3.050647947315105468e-01
4.318574074206604219e-01
4.302535697887479027e-01
3.084603398965469756e-01
2.353221769472681746e-01
2.206323670511919077e-01
3.501892649408597236e-01
3.146084203749069386e-01
3.755259424134512192e-01
4.149957430114593615e-01
4.454414954774870705e-01
1.942441513574838796e-01
2.764200917945792702e-01
3.993180251569006800e-01
2.619117953183277003e-01
3.257932357633375742e-01
4.147537534990282659e-01
4.371133535352403898e-01
4.629311709700335564e-01
4.801938260100973022e-01
5.033139122189526082e-01
4.804716645805103825e-01
2.131204869504551291e-01
7.998344619433193914e-02
4.645884045891041092e-01
3.962439120574080542e-01
4.891964517994275563e-01
4.232518168932388747e-01
2.083066514870295094e-01
4.340880674257266425e-01
5.591863570698364372e-01
2.912830289289506935e-01
4.304514089391600073e-01
4.087657382481988955e-01
3.958160325688216408e-01
3.869987860695828785e-01
1.518144788699661296e-01
3.754201214812175058e-01
4.527675211608885308e-01
3.973500745853709160e-01
4.808019337804313453e-01
4.164727933263329129e-01
4.000721142065420399e-01
4.241133684312351493e-01
3.882216798636903277e-01
3.553057137630661888e-01
4.841341054521600684e-01
4.307550984397794380e-01
4.128831562549361012e-01
4.003585851472987733e-01
3.959613528772973345e-01
1.612697721722640976e-01
4.113938528768936176e-01
4.322297724130668151e-01
4.173327434311705497e-01
1.234230114668778827e-01
4.541350691476065959e-01
4.028048865334927786e-01
2.076389947933507674e-01
4.614152488485243064e-01
1.839458754149436159e-01
3.176934667275674307e-01
4.553014955355453863e-01
3.062029316508410037e-01
5.780902311069391342e-01
4.392183158500729268e-01
2.472025394518872488e-01
3.966611760971872069e-01
4.160632357168422835e-01
3.696062469002399098e-01
4.189806153299114322e-01
2.880557923308709189e-01
5.987129735255539709e-01
3.060716957884950795e-01
3.629796677704879015e-01
3.684395591528994429e-01
4.129794223206241233e-01
4.439905821815758880e-01
4.166314444165199471e-01
3.996242174673482750e-01
3.923887443729547897e-01
4.764814540408837673e-01
5.473509026163986269e-01
3.199103178621723886e-01
4.858856244235106869e-01
3.973357762261763293e-01
4.227536920137829890e-01
1.794142676918921986e-01
4.245977609674160824e-01
4.687459890422691622e-01
4.490922728072216930e-01
2.715097830274594282e-01
3.961828137061976229e-01
4.317204186640393737e-01
4.243540645486403307e-01
4.314041472745234196e-01
3.720835310555852815e-01
3.127931089219588290e-01
5.580661033325142739e-01
4.326231161964478877e-01
4.030799792742308929e-01
2.216474882119674750e-01
4.471242413258914583e-01
1.904573428852956163e-01
4.436145816421346311e-01
2.485849747589090331e-01
3.771490668671876878e-01
4.367588628870026080e-01
4.116706746808140305e-01
4.162150219216502189e-01
5.441913456764307933e-01
5.695880690711895289e-01
4.418825003167745069e-01
3.900371986324426277e-01
4.511222566323333516e-01
2.330575628332393623e-01
4.135064572676041550e-01
3.488573269755285700e-01
4.049181579114047302e-01
1.762276445772609224e-01
4.039149117368227571e-01
5.293170814759973197e-01
4.129020577801409408e-01
3.622955818387288973e-01
2.831516477598849391e-01
4.248814106456684780e-01
4.482908293674624511e-01
4.276789518902858189e-01
4.488915345964201165e-01
1.953988565034095737e-01
4.114029083017632371e-01
3.638043636288536553e-01
3.354395620006469514e-01
4.051931221092905377e-01
3.352993223297348613e-01
4.280749874389983556e-01
4.036297212040316218e-01
3.964440853518334529e-01
4.499167811000731043e-01
4.135733622040033697e-01
4.674692451703080787e-01
3.569013742148741675e-01
2.159087521146546840e-01
3.664009901340816722e-01
3.022328433371013201e-01
4.355107311270388637e-01
2.020334244593998685e-01
3.147865198575656720e-01
2.109365796570367435e-01
4.039593626891235245e-01
4.014984544906802233e-01
3.942673924326400292e-01
4.190613655513686919e-01
3.438037798387624799e-01
3.785149164949553890e-01
2.226562492400422921e-01
2.571856046442248522e-01
5.625192198772300811e-01
3.715308567056619382e-01
3.197413513948073049e-01
2.434353291849646883e-01
4.350201966656652153e-01
3.247486089974142009e-01
3.704845934041741673e-01
4.104468838252264273e-01
4.365040526980329960e-01
1.317592010142582815e-01
2.362213780404468777e-01
4.061416621388376225e-01
3.177622413286734226e-01
3.308415227672595882e-01
1.919832624966379409e-01
3.919702587196650101e-01
3.047036776121057611e-01
2.640310651413861343e-01
4.228781797498157302e-01
3.092510038480650314e-01
4.267396838749204502e-01
2.273568102359374565e-01
2.519371101148079606e-01
4.108035675024870326e-01
4.962113236589394960e-01
3.965490216702485804e-01
4.544199529700155837e-01
4.848257924654981732e-01
3.979561397774188380e-01
4.299852733882656430e-01
4.090961883126429943e-01
4.760201685553677176e-01
2.515894950258191209e-01
4.145304997919337375e-01
3.425567353405483129e-01
3.628931046570266217e-01
4.099159766181798559e-01
4.004524142512885243e-01
3.743972370873243083e-01
1.194522927465023476e-01
3.433747270128463813e-01
4.195163334751866868e-01
3.019764734561317665e-01
5.409321903902691853e-01
4.506576813543298754e-01
2.839489922624732765e-01
2.826139681069063658e-01
3.435416030199202608e-01
4.280895973424169720e-01
3.596710398963778865e-01
4.063990293264555520e-01
3.589259207976631116e-01
4.047269546923824568e-01
3.497730312355244453e-01
3.226527845939555217e-01
4.016461622606531390e-01
3.601658311260852452e-01
3.577898486964408709e-01
4.169220193098180371e-01
1.153769334797111884e-01
4.081827774513147600e-01
3.930924133393919329e-01
5.646210643017820496e-01
3.721879961470239695e-01
4.065168464436147433e-01
2.165146128331145170e-01
4.302271842314753236e-01
4.339352039587905940e-01
4.390765780615936698e-01
3.172870320133546751e-01
2.698924342887110139e-01
4.413685767407237726e-01
4.327564277478598842e-01
3.970846681169929449e-01
3.964881418377377842e-01
1.962084378094088588e-01
4.367837957606727772e-01
4.359248995163594320e-01
3.828936602116720933e-01
1.883794286182192412e-01
4.230901548796767164e-01
2.468177106988929947e-01
3.210258053483709961e-01
3.935017154398818828e-01
4.887243174299568671e-01
3.487778911441531404e-01
4.031389631826554631e-01
4.450823294875477787e-01
4.181859615086707116e-01
4.407436101479476620e-01
4.712890125349804560e-01
3.779531841476457266e-01
3.742700148489885859e-01
3.792927145226850372e-01
4.231558337214071375e-01
4.531381071334973365e-01
4.880058922170927294e-01
2.316739682339994111e-01
2.845731761047949893e-01
1.490727800136817383e-01
4.419963441403471083e-01
3.560583526601296955e-01
4.277024187198635308e-01
3.242447010173576394e-01
3.907836339261502312e-01
2.944693352920861318e-01
1.576192050420418822e-01
2.628902413268718319e-01
4.090851307228952627e-01
4.206910899212607524e-01
3.280920875233144240e-01
2.892056597605358603e-01
3.040927214018727676e-01
2.481854366871721063e-01
4.570444887715202076e-01
3.145279671546558076e-01
3.259393106490602321e-01
2.787243836598409796e-01
1.486751409364542587e-01
4.676235678766149095e-01
4.119655574608428461e-01
3.350750613993549454e-01
2.387754519603139114e-01
1.835421268801741557e-01
4.890307862029688590e-01
4.674374800656244111e-01
3.925019664773220507e-01
3.075091001351650810e-01
4.158861324620345967e-01
5.666992238137248394e-01
4.322262813418910610e-01
4.297135141313072615e-01
2.708948304539736673e-01
3.978292508874610722e-01
2.769623276755108776e-01
4.353536981498769554e-01
3.913201990310676281e-01
3.587730449453037096e-01
4.225355743778384521e-01
4.547878573013910963e-01
4.173424715276737307e-01
4.962352977307278867e-01
3.164015969395621020e-01
4.029058556576755046e-01
4.845812978611676036e-01
5.819876773985347418e-01
3.577308165740736290e-01
1.546758442806663858e-01
4.511271558659751268e-01
3.092922495689929274e-01
4.963793265735652049e-01
4.084319800102202414e-01
4.309070674592442307e-01
4.208592338471464633e-01
4.149194093863109445e-01
3.732848355839003540e-01
3.260850546759371804e-01
4.474527334561484437e-01
2.186284936744715968e-01
5.766595899482529486e-01
3.115219735513981014e-01
3.628735832382735116e-01
4.373309935959010519e-01
3.902613214352709248e-01
4.323387818968068563e-01
4.398426453300355865e-01
3.974736792013044973e-01
4.116360439169661767e-01
3.943552393979200543e-01
3.582339204351900341e-01
3.712907158369491145e-01
6.881076058016853680e-02
4.173077840439811115e-01
4.292610205536645518e-01
4.362477156788900912e-01
4.533241442410129163e-01
3.026949078387732306e-01
2.591201272487022589e-01
2.215194430587225927e-01
1.703160615370599151e-01
3.977919853270798223e-01
4.434767936626536899e-01
5.356938985037082990e-01
4.112969722286596297e-01
3.655446088568126695e-01
4.228882085818234104e-01
4.169352755715285408e-01
3.812700791984537929e-01
3.009421945142909394e-01
4.204137156901179839e-01
4.260077787158666474e-01
4.404375144313542045e-01
3.717635368609265578e-01
4.890307862029688590e-01
3.781859292797039029e-01
3.442302657701391544e-01
4.119059977235920988e-01
4.921659659121347952e-01
4.287327456951113280e-01
4.188168992862144058e-01
5.441435456392810233e-01
3.920292769006512024e-01
2.136775318662719469e-01
3.147546431388495436e-01
2.138384876824986902e-01
3.923703839890924083e-01
5.555078292759874081e-01
4.336780907864539181e-01
3.629348373719689658e-01
3.968640342277457433e-01
3.079500109977088562e-01
2.037450533639026673e-01
4.796291248954930864e-01
4.412875197673922223e-01
4.397191633650610609e-01
3.386452443938479107e-01
4.272446440973052262e-01
2.234574155948541030e-01
4.469230056235474757e-01
5.584355237890741286e-01
4.416463374717596313e-01
4.539061195565272100e-01
2.578924814560438761e-01
3.740572324675259797e-01
3.831810997879632752e-01
3.478933944995695193e-01
1.821046209605854393e-01
2.389411242785099143e-01
4.479527062739551146e-01
4.475602679749718926e-01
4.437517082358619080e-01
3.731225982809106556e-01
4.456306596035684575e-01
2.951129539174361938e-01
3.983549779586355033e-01
3.929573767910337634e-01
3.490258076521530750e-01
-1.937601966392742472e-02
3.242471127103028206e-01
3.917394099888534265e-01
4.101791900160428050e-01
3.621010995322081483e-01
4.728950696679428134e-01
4.775509653835502966e-01
1.609757594837819550e-01
4.699933876349639550e-01
2.712535120898401098e-01
3.509600647272622109e-01
4.619869920202245295e-01
4.379159392554136110e-01
4.049562270928196983e-01
3.968902987107630342e-01
3.986650023232026219e-01
4.348587175497443114e-01
3.843651106555239783e-01
3.827879280312656562e-01
5.406552287161243697e-01
4.666133583971426857e-01
4.220840295609638582e-01
2.723374886526050975e-01
4.372221930669072387e-01
3.614341115009785388e-01
4.591761026086617625e-01
3.987018857403724081e-01
4.401426089135968556e-01
4.387631037031340941e-01
4.316239353036718240e-01
1.560618437421971705e-01
3.843417150265706628e-01
4.278598619719521934e-01
4.032227365261962237e-01
5.173456126896356366e-01
4.325468258061774818e-01
1.130199406787832372e-01
4.256172753228966710e-01
4.341938631306994645e-01
2.440936117365847535e-01
5.631925237274850726e-01
4.122250091338743871e-01
4.639096611522168234e-01
4.690825674224626263e-01
3.715986130828615730e-01
4.125398940613477783e-01
2.792121955012419887e-01
2.171092818590188434e-01
2.480148868201982049e-01
4.419293821106732301e-01
3.976592652055632171e-01
3.544401150753577756e-01
4.614152488485243064e-01
4.147868205461321955e-01
4.486577387987374377e-01
4.530808979296810368e-01
4.157425658631112020e-01
3.716321645722093225e-01
4.044781612051296937e-01
2.497968527044273357e-01
4.335221468966987124e-01
4.294875939068882875e-01
4.084695974659953155e-01
4.957473140441718273e-01
5.734458455365634144e-01
5.707051584054687599e-01
5.746588253490876319e-01
4.140299456268375922e-01
2.540392336159332798e-01
3.708011539528694445e-01
3.999721578241080544e-01
5.874387356298208518e-01
3.236746526362780929e-01
2.399574075529735950e-01
3.937862705610398750e-01
2.999821872839447123e-01
2.685033956631727725e-01
4.266748621791686125e-01
4.969263917167207056e-01
4.195050485911379079e-01
2.421367808271419619e-01
3.167242270095516621e-01
3.566415404608694328e-01
4.838680321625495329e-01
2.958066744637596335e-01
3.970808472657688659e-01
3.059326686857928856e-01
4.407835073929469716e-01
3.153638011598859925e-01
3.635190574365400606e-01
1.904282330742948504e-01
9.037527303562493952e-02
4.249520957709305158e-01
3.499309760453915841e-01
2.985006324092869257e-01
4.520180107761102017e-01
3.791542439134412690e-01
2.535330081302378247e-01
2.291330858220698430e-01
4.414980480225595971e-01
3.829095406064192408e-01
4.402798184087504674e-01
-8.541880821995706530e-02
4.484772187438016422e-01
4.253167912611111601e-01
1.487703504446246106e-01
5.751260548004845097e-01
3.644207219375114049e-01
3.818993279735394264e-01
2.018887988134265288e-01
4.033071742429294448e-01
4.634934083604670407e-01
4.241620148056440276e-01
4.349396689254131920e-01
4.679106741045281903e-01
4.087341940065243873e-01
3.808675349956913703e-01
2.393077188098787778e-01
4.593938271059603839e-01
3.335494138783358653e-01
2.837485100585788178e-01
4.851170026874448982e-01
3.935042995744325589e-01
4.104322546694245122e-01
4.599256424943981569e-01
3.047036776121057611e-01
3.193719808533705407e-01
5.239399249909566514e-01
4.090810441555879917e-01
3.314860369603704893e-01
3.957022075827102969e-01
3.973952735384040924e-01
3.407030186193216736e-01
2.931273809424088661e-01
4.724940428766231659e-01
4.370736779001099803e-01
2.800250590481473956e-01
5.451844183149388012e-01
4.146217271271855354e-01
3.635033038004803485e-01
4.309356174989023014e-01
4.023410022666775721e-01
3.887113331136062278e-01
4.072266582895652798e-01
3.064644106330271511e-01
3.800260384247171608e-01
3.392653966875266991e-01
4.433211308410976437e-01
4.010059063295953741e-01
3.208057897759682420e-01
4.341168618959665437e-01
2.196859378183031730e-01
4.956364392368469707e-01
5.295756863138633141e-01
4.005362368045848886e-01
3.811499931837742383e-01
4.330656194468495146e-01
4.142227696973705964e-01
4.454210452142244314e-01
3.470944868974338848e-01
4.469210026288252258e-01
3.933545147046586532e-01
4.250212031965754367e-01
3.623429938615200796e-01
2.383063218599059119e-01
2.916217371040459860e-01
3.203688197601065046e-01
2.728004376591785518e-01
2.760095562708597683e-01
4.527096977894483065e-01
4.043475447384256016e-01
2.676046562382036753e-01
3.153469234584904690e-01
4.808019337804313453e-01
4.021769760272531635e-01
3.721616128303305016e-01
4.012017848073347603e-01
4.254998531285482111e-01
3.942923186260651747e-01
5.465535279437905292e-01
1.891590101209720265e-01
3.255151777406502522e-01
4.587382617958857822e-01
3.141179119291461208e-01
3.247206140404795827e-01
3.980838746104596870e-01
4.801938260100973022e-01
3.953837600514990558e-01
4.554394909760532406e-01
4.053149653811060071e-01
2.738053630233120428e-01
4.980396063636394199e-01
3.632145485271028318e-01
3.553123527648792690e-01
2.248932886301925616e-01
4.269083896052669469e-01
3.896813602966281986e-01
2.285902560995084487e-01
4.528428890964490972e-01
4.555648218336991739e-01
3.372955776390045846e-01
2.696898420609505909e-01
4.155375112181846076e-01
4.808019337804313453e-01
3.965421706432660787e-01
4.345850565390448339e-01
4.051515737234705483e-01
1.672039430970968243e-01
4.284246003465567720e-01
4.097046547416003381e-01
4.347292245674850841e-01
5.274773647435164747e-01
2.347368812024592799e-01
4.908227550540021911e-01
3.722084246683710074e-01
4.155210315930074061e-01
5.744748290771856114e-01
4.685120730831597302e-01
4.025657271214058142e-01
3.874708411474491743e-01
5.164879851524860621e-01
1.849498830544785977e-01
3.259873399513907866e-01
4.360542887266130041e-01
4.414232721392775116e-01
2.745237444618994771e-01
4.429203928562734927e-01
4.304849633744543547e-01
4.100510091832863524e-01
4.058814187115431515e-01
4.419975567915413461e-01
3.377552497208607396e-01
5.386199780364314682e-01
4.402876398969244320e-01
4.483520748915252874e-01
4.326160623555654894e-01
4.049955717446278580e-01
1.806049934090173670e-01
4.446822691949139927e-01
2.394365419575339993e-01
3.165400430269124654e-01
3.791426135652905538e-01
2.416161527330859260e-01
4.034998454561778414e-01
4.223583434100226519e-01
4.526263703211464429e-01
2.107522674634829674e-01
4.142023495574490566e-01
3.370838089743575239e-01
3.991802721968410461e-01
2.584432237629161744e-01
4.156246695788241574e-01
2.673730630957354970e-01
4.924017816748516574e-01
3.846104706627819780e-01
4.496279968443901431e-01
3.906855506678356682e-01
4.316463143321012663e-01
4.891964517994275563e-01
2.149202480635903079e-01
4.222176804771235470e-01
2.792915297182064216e-01
2.486465953310162957e-01
3.488907916009443277e-01
4.115133800952972543e-01
3.757717169278409486e-01
4.002277649953585037e-01
4.857527570046650256e-01
3.912617867815026407e-01
4.488903340609498582e-01
1.484340478475606739e-01
1.646620863652006606e-01
4.683952993289968725e-01
4.294017327378114035e-01
4.491437333489678996e-01
4.937755000504153169e-01
3.563822197372380485e-01
4.159795924928575417e-01
4.040243404578058861e-01
4.029570016885049011e-01
3.010418246020218347e-01
4.385243896683796438e-01
4.876011339280132972e-01
4.260894930502079903e-01
1.634952033970339391e-01
4.395634855233267468e-01
4.004792793754707869e-01
3.589340940982464478e-01
2.679201951658182201e-01
2.329236563665867399e-01
4.261761452059419919e-01
1.595395722694644414e-01
4.384589325609947186e-01
4.252582505309322469e-01
3.147940184119052409e-01
3.127693848407077648e-01
4.267027924082628099e-01
6.050664437398911577e-01
1.646620863652006606e-01
4.295200694203663017e-01
4.753891304496714598e-01
8.885080415775130358e-02
1.782661493246525952e-01
3.692385273751471741e-01
4.340788869018578078e-01
4.078980928329837830e-01
4.494586227575994575e-01
3.337402017811284538e-01
5.748560029477772781e-01
3.310927882771240727e-01
2.198461957148894197e-01
3.748831329690903713e-01
4.858856244235106869e-01
4.629311709700335564e-01
4.555454371732549634e-01
3.836427727276930932e-01
4.574827195280422587e-01
3.445053760205879501e-01
4.414077362543115668e-01
2.105125888179379678e-01
2.481764894739740823e-01
4.027005180359082281e-01
4.092921379080224353e-01
4.610377940072846736e-01
2.002108843433484942e-01
4.452022272728376473e-01
5.411887632925996838e-01
3.580053539831350440e-01
4.523833552873673391e-01
4.147043805961033169e-01
4.296143404993276738e-01
4.362585624052501276e-01
3.893041139952128082e-01
1.931940684236055916e-01
1.931176088281216507e-01
2.040058287212700439e-01
2.260254773099450165e-01
4.750655908290479235e-01
4.294290148586576983e-01
3.263630932802724094e-01
4.323214817217762018e-01
2.228848586780220742e-01
4.123907987090427718e-01
4.610551388279283125e-01
1.334265825220333490e-01
4.485405374259059941e-01
4.150134652452031059e-01
5.205184553715259677e-01
4.452845853172531232e-01
3.834651160083579202e-01
3.775874779903265477e-01
4.479410687476528263e-01
4.555426620915751235e-01
4.015344950351900644e-01
4.212116151976318945e-01
4.604110267772719145e-01
4.604940493193564466e-01
3.718396187113727769e-01
3.286366943570319665e-01
1.239410262418032677e-01
4.282899766456420565e-01
3.111889236683496596e-01
4.476991825923053447e-01
3.632971828888599819e-01
4.467604287068567270e-01
3.930794519212928440e-01
2.572014278627130501e-01
4.468220755020377855e-01
2.490914146192700906e-01
5.213350046295425200e-01
3.212049835453850144e-01
4.243832297517353136e-01
3.279685169932275990e-01
4.139676775273732900e-01
2.982745768165479539e-01
2.708791125427027491e-01
1.481017009254556593e-01
3.027177809148920984e-01
3.920042394251312956e-01
3.030380652230507676e-01
3.835281857372300762e-01
4.254112440344399171e-01
4.452845853172531232e-01
4.116385777214717767e-01
3.910598920999528438e-01
4.510935734026960131e-01
2.553143297909267750e-01
4.252568867236338201e-01
2.816038127332699537e-01
4.758406035680152191e-01
3.398299942375863081e-01
5.224435940365976805e-01
3.934148145798688212e-01
4.299561692616969411e-01
4.836695019179647059e-01
2.036258795346121697e-01
3.995649404579849628e-01
4.653078203868793450e-01
4.286768422509981136e-01
4.075759241978101910e-01
5.693238483670567396e-01
4.145235630005627558e-01
5.479568664014966561e-01
4.196647467371275586e-01
4.794214374041666504e-01
3.966545728616551747e-01
4.614152488485243064e-01
4.432572693579626133e-01
4.042834788646868516e-01
4.777656764264492373e-01
2.771609587461547619e-01
4.154489842786429077e-01
4.995734880543071244e-01
3.794568766905742629e-01
3.974753442835061157e-01
3.228967233479567711e-01
4.334775099140951160e-01
4.572013033337130050e-01
4.133667908944936853e-01
3.631146187619186394e-01
4.493307382206815914e-01
3.754008593887479539e-01
4.379393674142559312e-01
3.621010995322081483e-01
3.890769455815256683e-01
4.626425799850432119e-01
5.486162659232853844e-01
3.233396692164592356e-01
2.920613765624326952e-01
5.433359254208764977e-01
3.505820436004036256e-01
4.147727999979987090e-01
4.711793141146623509e-01
4.219591630010960381e-01
3.642890852604615537e-01
1.911897803322925582e-01
1.931144682001124935e-01
1.319433474620111679e-01
4.562861519573537250e-01
5.574970361591075063e-01
4.647659278280146244e-01
3.583310129426246493e-01
4.450258365221806400e-01
5.567203861169699453e-01
2.190493256030582037e-01
3.829649448163173764e-01
4.319392808361171010e-01
4.566601022839430479e-01
5.598756333860422929e-01
4.524399153041383514e-01
2.775801247886282019e-01
4.706113367755218047e-01
4.042736290300531499e-01
3.751567507449118377e-01
4.695037279122640239e-01
4.597946132217427540e-01
5.771739932156899622e-01
3.974450894950980473e-01
5.263216624102324825e-01
3.740458039167161020e-01
3.978239340762644849e-01
4.509393543439181862e-01
4.272698973322931471e-01
4.137058610475887188e-01
3.913837694671281064e-01
5.737920218107195325e-01
2.115309149455736337e-01
4.441869006426610311e-01
4.309406542377126614e-01
2.702362642616376598e-01
3.853618644202544408e-01
5.278672698188849877e-01
3.985915333199132049e-01
4.374832695747011835e-01
4.808019337804313453e-01
1.700176964822028847e-01
3.279878058481696113e-01
1.581721232831483914e-01
3.316065930609908285e-01
3.685372784415884562e-01
3.619814404100835659e-01
4.307703480700205145e-01
4.807969789887265866e-01
3.299560352058272805e-01
4.674364979866154068e-01
3.821105420533694175e-01
5.606248921620872183e-01
3.324038816372728022e-01
1.625671472135032380e-01
2.990249071702889005e-01
3.808279532574216919e-01
5.603717277199515845e-01
4.194299793164716350e-01
4.114862775942080830e-01
3.426028913527906505e-01
4.022901921567428873e-01
4.122521629608216220e-01
1.691261979034858198e-01
4.781458422024191246e-01
4.235031036471125221e-01
3.080694151917235946e-01
4.022901922397272845e-01
4.806463913692552992e-01
4.655594113201105833e-01
3.389312369709688855e-01
3.908697267669558051e-01
4.565185127886057237e-01
4.191682913795392595e-01
4.246917141745921165e-01
1.256924180395444235e-01
3.425546595062595734e-01
4.103093270403138093e-01
5.641840559471225092e-01
3.005828946704970916e-01
4.619869920202245295e-01
4.397808311552980354e-01
4.100368102186697228e-01
4.920638124344418607e-01
3.186601369681540397e-01
4.242665602259923507e-01
5.349679950676852203e-01
2.429654176774124485e-01
3.907579688395317885e-01
2.814704200231042397e-01
1.176471846988294684e-01
4.566994139909401063e-01
3.226559934558964060e-01
3.958458331835496558e-01
3.869237977047171317e-01
4.824971030589999543e-01
3.303159361886925938e-01
3.308678664174047324e-01
4.185161569769426659e-01
5.282459866662970738e-01
4.150493199876172379e-01
4.301576410961817643e-01
3.762863137149238257e-01
4.674591219850253720e-01
4.124864520178417870e-01
5.298037881362025470e-01
4.346120607450995044e-01
4.038967200602674446e-01
5.596955517377484313e-01
1.911367766954285563e-01
3.526090025607591105e-01
4.587316649501533838e-01
3.821504050258071050e-01
4.303359528114709676e-01
4.604777773211750080e-01
5.182331523310692578e-01
4.215456614745001773e-01
4.711793141146623509e-01
3.230303706542946296e-01
4.427631207595320584e-01
2.153526295135115565e-01
5.238359489473966013e-01
5.657606853558064808e-01
4.269392886016556421e-01
4.657723459157285806e-01
3.639130241424004542e-01
3.683690866751899717e-01
5.733753566694328452e-01
2.800004081969971192e-01
4.185579675105162156e-01
3.597250730378416250e-01
2.186422841638858694e-01
3.405095178524112365e-01
3.575613280725266629e-01
4.290467414446235694e-01
4.094825985825373271e-01
4.813563156590824343e-01
4.720163918072564635e-01
4.812467037500125500e-01
4.536175291524277564e-01
5.744492007526611488e-01
4.050970148757647160e-01
3.859914144287511228e-01
4.428752734437980121e-01
3.682964996717101869e-01
4.933279983170166805e-01
3.210907257125871772e-01
2.573457467983042424e-01
2.775070824911788914e-01
3.146329253394631320e-01
3.122807685639885644e-01
3.509606452861998016e-01
3.689772722019168949e-01
6.373591862185901125e-02
3.101048383130221020e-01
5.878917790621692729e-01
2.194278731000341431e-01
4.477276171591558773e-01
4.266756125242106013e-01
4.216788562668462581e-01
4.084430480560037324e-01
2.843722090229885424e-01
3.860954832696285033e-01
4.327419394166029942e-01
4.958124694202392657e-01
1.875462062724314316e-01
3.286990720789029208e-01
7.399148472876647398e-02
1.847489796217152147e-01
4.200931144644945991e-01
2.397904680628254737e-01
5.582495766781520041e-01
1.326366017448632750e-01
4.327808546240855536e-01
4.116991116957046670e-01
2.894773369459119894e-01
4.157181277010056908e-01
1.847389904977480568e-01
4.305609444195875879e-01
-2.868886580107038106e-02
3.840830701279804305e-01
2.466262232582639158e-01
3.982436935402592360e-01
4.724318975733406423e-01
5.695783915121924723e-01
3.856713551535682627e-01
2.128076969644310257e-01
5.710426590329110708e-01
4.131298115658615377e-01
2.368693516876729799e-01
3.367522428940654677e-01
3.543052563625918028e-01
5.757638358044760984e-01
4.355915944147557561e-01
4.044942232527520276e-01
3.312890169490768089e-01
1.247034453236472717e-01
3.921082135185576800e-01
4.360921087473347280e-01
4.303359528114709676e-01
2.849728400638830705e-01
2.752870803814460032e-01
3.771883955030045921e-01
4.607695546170926248e-01
1.658538623330282347e-01
4.390336277371384988e-01
1.722152781957775602e-01
4.009043544888803989e-01
4.309829298989084068e-01
1.861157824084247459e-01
5.447817616475537639e-01
3.718392715875826204e-01
4.671468524772254827e-01
4.003047789267061840e-01
4.004621893999525950e-01
4.176337897953232847e-01
4.130707321423801592e-01
4.338628388971173533e-01
3.396442719729251269e-01
4.244018038204553367e-01
3.914713327501999629e-01
4.218867157018717506e-01
3.729036269843327700e-01
4.153991556253341377e-01
5.595210059794956114e-01
5.755242430477962579e-01
3.563470771670369519e-01
3.136202003535479288e-01
2.946888142872889360e-01
3.384446699112887424e-01
4.278780097497542068e-01
4.231888215183988167e-01
1.864642786777521710e-01
3.225165550617084542e-01
4.112292758699350737e-01
3.478909794872479533e-01
4.038211205982009111e-01
4.356091005985860409e-01
4.168682482331234063e-01
3.162338139128787473e-01
4.223582501355449548e-01
3.082919621620839878e-01
4.820066481796762559e-01
3.200441855128668966e-01
3.925759434281896332e-01
2.952887437987210539e-01
3.756136810010907712e-01
3.924332348465812137e-01
4.766730301503557254e-01
4.818660342905639049e-01
2.440655782800701112e-01
3.266049501421229295e-01
4.115334117851920936e-01
4.112242129080508901e-01
4.357958857275801012e-01
1.333466312174310109e-01
4.290851713592720440e-01
4.712901889219872076e-01
4.869039519774409075e-01
3.938561562974732255e-01
3.080733975306109707e-01
4.690825674224626263e-01
3.250227172940875486e-01
3.460790782786594688e-01
2.747515349267295459e-01
2.651618622296221250e-01
4.292035994906475693e-01
4.184293693076658882e-01
4.339800279467637689e-01
3.395074503469073246e-01
4.381113342659759824e-01
4.038881182281869320e-01
3.353841006144898107e-01
1.757729408758067491e-01
3.674967768722155470e-01
2.546189943524105326e-01
4.119378353566507944e-01
5.697809247587829473e-01
3.853186573005402682e-01
2.970524587607121791e-01
3.824833242084086371e-01
3.928085019283080737e-01
3.774970426582909266e-01
4.127071642443727595e-01
4.134045511249474503e-01
2.735242009428080490e-01
4.319728537561889348e-01
3.171033729900978870e-01
4.967772178819092055e-01
4.052230788176952037e-01
4.207549077960879846e-01
3.458688470661903658e-01
4.405982434511863666e-01
4.890437582845647557e-01
4.202572681679739297e-01
3.615379903905397430e-01
4.693711584074529708e-01
2.209717907593688746e-01
3.223846144127620050e-01
3.765340386119193639e-01
3.943557903521691110e-01
4.409746936831494546e-01
3.920193201820964535e-01
4.702168850672728273e-01
4.348354507955808912e-01
4.379270516978568395e-01
1.216163018719428196e-01
4.856224650899913509e-01
4.859014173526889357e-01
3.283257750885794080e-01
4.306763124593245839e-01
2.512618472930606695e-01
4.040411093666389508e-01
1.185465590375251732e-01
3.348303683792983043e-01
4.862492979606730104e-01
4.786240978754564557e-01
4.095542409329773204e-01
4.155955857004517418e-01
4.909106401091266614e-01
4.648227635189981499e-01
1.480705007786403404e-01
2.594997811975728319e-01
3.303749945419133527e-02
2.321484533702982134e-01
3.799596920563866331e-01
4.336712337016094265e-01
3.851441167703052448e-01
3.905546828413514193e-01
1.213826587396432816e-01
4.324120285018754895e-01
3.849746714828902183e-01
4.305717860424063681e-01
4.118380226202318362e-01
3.151368662643307395e-01
4.355900239762745541e-01
2.658497739916698688e-01
4.090230973863289710e-01
4.475286120777727250e-01
2.366921162127663403e-01
2.269575291098687997e-01
3.319293578561711699e-01
4.301629425137701856e-01
2.718513192282885904e-01
3.664840030084823841e-01
3.807453353888161640e-01
4.061941397375218865e-01
4.162386089126546840e-01
3.111922210539107003e-01
3.823150191267972176e-01
4.533564810253022381e-01
1.621216971866759615e-01
4.286720528887162374e-01
1.806914801768207679e-01
3.093030855903639575e-01
3.770092314133403621e-01
4.584504038951800475e-01
3.078748752110373466e-01
4.154622146492172874e-01
4.633291692660290728e-01
4.415099741686424051e-01
2.919309554410314811e-01
4.152497904077253610e-01
2.935733360953443616e-01
4.063282462795888006e-01
3.507682549751817702e-01
4.954754077388376365e-01
4.173751132796725272e-01
4.242416346134580407e-01
4.535793003919909028e-01
3.170053074904472523e-01
3.858259771846446751e-01
4.566601022839430479e-01
3.899977492335620077e-01
3.065688641896327504e-01
3.454201228064526230e-01
3.391117335413165179e-01
3.849287243424097116e-01
3.614479948966271561e-01
4.145038927492689096e-01
2.664272254742705570e-01
4.350556949070508161e-01
5.057573789614059345e-01
4.092240759199841094e-01
2.858361799159309102e-01
2.965694418571082069e-01
4.417655449097365183e-01
3.917085470491912247e-01
3.715998614795907873e-01
3.071022917992025092e-01
4.655594113201105833e-01
3.633796428381318444e-01
4.593938271059603839e-01
3.575574401491526388e-01
3.728445625810298258e-01
4.083907473800831855e-01
4.546830345886342384e-01
3.127299830956249971e-01
2.681933752818573824e-01
3.884140858795080975e-01
4.684269794576439438e-01
2.622441171791407011e-01
4.314309438950745812e-01
3.220564422703928731e-01
3.094279639340181132e-01
4.182522740193616029e-01
3.900349617046665052e-01
3.919584609089734051e-01
4.439905821815758880e-01
4.147544736377447583e-01
4.222502773760483663e-01
3.471076057369601453e-01
3.207242486300921902e-01
1.283486924062808565e-01
4.158636150571002332e-01
2.657911705252763990e-01
3.999614086874150876e-01
3.883634050385392222e-01
4.632921371407952571e-01
3.666900870750243735e-01
1.403201917931440057e-01
4.204733696976593049e-01
3.133633401176952327e-01
2.459507027076829333e-01
4.019779998451910585e-01
3.954373275259419063e-01
3.069522689301385499e-01
2.316040556936014294e-01
4.295242387231310577e-01
2.161963259597224907e-01
3.918975664504601997e-01
4.157210119901700307e-01
5.467305625704905747e-01
4.044942232527520276e-01
4.299162838834683642e-01
4.928821372891490915e-01
5.682188379116682730e-01
2.999836476436050225e-01
3.938384982936634082e-01
3.999360869902883198e-01
4.233683735601832532e-01
1.614681926284735058e-01
4.700601470996911835e-01
3.862137990089927198e-01
4.297343688605878564e-01
4.567289410475581790e-01
4.061365647384230226e-01
4.812273753529988096e-01
3.908025594338497832e-01
4.345095640023915462e-01
4.407232107541288468e-01
2.615078498771111204e-01
3.960618803584460279e-01
4.439905821815758880e-01
4.153005913063904653e-01
4.226827397617027304e-01
3.854756109653515450e-01
4.538520707310098046e-01
3.302400896820352205e-01
4.796291248954930864e-01
5.475729337971541044e-01
3.849720539886063997e-01
4.043904820343282580e-01
4.414870990179133314e-01
4.561729435454142112e-01
1.936079044603611632e-01
4.248361100367321064e-01
2.808717407184987414e-01
5.771739932156899622e-01
6.504838232173521494e-03
3.381460214646689888e-01
2.273049050844646035e-01
3.035003822462846168e-01
3.860610965006943673e-01
4.169927270068398140e-01
5.668656958111949473e-01
2.964745334993644232e-01
4.071221295075913571e-01
3.673306195101387339e-01
4.594825881445247506e-01
3.544628127224322967e-01
3.575323440244003725e-01
2.580333563311280054e-01
1.703421415457321009e-01
2.360800150666182984e-01
2.271718808873209594e-01
3.278689083984590580e-01
4.150835704754028410e-01
3.344499718236820796e-01
4.920638124344418607e-01
2.445771842467513169e-01
3.098033566956350238e-01
3.610844320399226870e-01
3.944199735451185407e-01
3.937255284619048390e-01
3.342200054246177721e-01
3.237230521320650367e-01
4.775135298710957987e-01
2.934298461740165176e-01
3.279424897626406210e-01
4.475498373324473533e-01
3.743666980773093789e-01
3.193682868438183498e-01
4.446822691949139927e-01
4.210119005995368591e-01
3.886011437782602718e-01
3.529353892105465684e-01
3.414178438439709473e-01
4.506590526717174638e-01
4.147215201962991538e-01
3.766779555710249028e-01
4.062351295552731334e-01
3.122924789506034693e-01
2.752721860074673899e-01
5.660058854106128079e-01
4.252339932333499273e-01
4.195329436348419483e-01
3.792671945965471192e-01
4.202817045044224264e-01
4.127543367326623192e-01
4.771867909524847295e-01
4.893949820440123832e-01
3.899446796240914614e-01
2.975626119815527604e-01
4.085079554746519070e-01
3.836335073107720595e-01
4.319372743560496719e-01
3.397073020352489037e-01
4.041238005104791364e-01
4.613013194680242179e-01
4.009279952122908330e-01
3.807175492206590350e-01
3.527395084092437294e-01
3.611826038426035335e-01
3.387677564370295547e-01
4.236623664153911784e-01
3.310983477347377302e-01
3.884140858795080975e-01
3.814697330312140089e-01
4.423533462287917439e-01
2.461146256107698549e-01
4.874146616709938429e-01
3.082771495277498719e-01
3.632728618385041020e-01
3.248220007422171762e-01
4.137978701789741254e-01
1.154707854199734790e-01
8.772338077480161533e-02
3.710243825156874786e-01
4.209876524302397227e-01
3.372701095573772401e-01
4.033792980689206442e-01
4.238880360476358078e-01
4.948392932485287665e-01
2.045452678045387995e-01
2.628902413268718319e-01
4.165219254084979172e-01
4.303538269896707846e-01
4.424105275498460554e-01
4.507523678117592580e-01
4.336163913791564739e-01
3.705726585354700009e-01
2.320741572562003696e-01
3.954948258889374180e-01
4.625785660802916865e-01
5.609479213456002311e-01
1.690233964627677055e-01
3.980829616159726747e-01
3.740458039167161020e-01
4.978252896626603752e-01
4.403479561615557536e-01
3.471076057369601453e-01
4.130485285222489367e-01
4.260293966527729514e-01
2.824860362688743631e-01
4.457904179547481083e-01
4.085180819378188555e-01
4.017656935867851553e-01
4.168861010843296633e-01
4.163686329536505082e-01
4.132351446742366097e-01
4.135296495432588815e-01
3.804878696157182882e-01
1.881889135629826737e-01
3.949590794459781340e-01
4.153694554217430834e-01
2.080117614043725527e-01
3.144447948049637342e-01
2.586265425500888782e-01
5.404676346136021436e-01
2.194508233516549722e-01
4.065337937274386970e-01
3.794462843114331796e-01
1.248066990294039724e-01
4.383573086068268121e-01
3.541640073107996112e-01
3.909025451097806747e-01
3.434362705131821514e-01
4.329725312691711236e-01
3.297065874694801724e-01
3.155435471362383892e-01
4.168991655690669207e-01
4.214417817550948908e-01
3.084413977089808800e-01
4.397329513908756482e-01
3.536123277365000872e-01
4.279473182466263514e-01
3.864603976519386253e-01
4.326231161964478877e-01
2.834403838794231634e-01
4.572164072225826659e-01
4.336259158319156204e-01
4.443282162064584595e-01
2.733296651372749686e-01
4.483150191572266019e-01
4.355440718567293867e-01
3.382192345440356296e-01
2.880819185618598843e-01
3.882832405210530080e-01
3.815956849649361216e-01
3.061002401852132571e-01
3.661055648019754249e-01
5.755476899611153829e-01
3.929467337084177059e-01
4.483403010218361961e-01
2.339931933929284280e-01
4.219069740221922937e-01
3.630593360411978332e-01
4.138606185092234546e-01
4.047269335313576910e-01
3.968267029437111404e-01
3.942417772196524783e-01
4.438631368189057680e-01
3.386053981842612193e-01
4.079932210994159925e-01
5.526592539257645376e-01
4.633595803140825864e-01
1.454825994825654778e-01
5.259754880239716490e-01
4.505106304059680045e-01
3.673000592768607686e-01
3.552992920974248903e-01
3.685469285742377088e-01
3.538961423047766175e-01
2.952625989584780064e-01
4.323006518878188542e-01
3.876577840090619231e-01
4.401733223983352872e-01
3.326409851105834314e-01
4.158362215711747245e-01
3.083624053462964976e-01
3.063994543365610723e-01
4.546070495395032052e-01
4.980396063636394199e-01
1.917910917364381573e-01
4.156954551982076640e-01
4.221882236253170495e-01
4.511222566323333516e-01
2.186257283590196110e-01
3.839474541824663967e-01
3.427065775525500735e-01
4.573315814314822814e-01
3.638932503680541997e-01
4.502594265535207474e-01
3.954085640503793853e-01
3.967294016060068929e-01
4.623084429232295345e-01
4.053549103421414945e-01
4.089060743055040192e-01
4.171934223147010790e-01
3.858706035452436622e-01
4.808473594883668767e-01
3.989974502373355159e-01
4.310855101654257893e-01
1.871771995761435936e-01
3.562278831102962950e-01
4.055441741325001570e-01
4.088098106878561566e-01
3.015166091201419984e-01
4.245251291108623204e-01
4.674328172545688664e-01
3.139983641306085538e-01
4.551716006182927599e-01
1.931633794866930987e-01
1.827448113598913182e-01
1.745898951428757062e-01
2.502353777651621369e-01
4.134546706386159620e-01
3.888311218573803907e-01
3.191485372364520345e-01
3.693597031203625924e-01
4.025015980965305218e-01
4.350142459780471094e-01
3.215409589815960700e-01
2.693884608339544018e-01
4.302382080050756730e-01
4.626425799850432119e-01
1.679998488782098731e-01
1.640284860069055051e-01
4.188307861464621862e-01
3.213931842224576063e-01
2.634009207518609452e-01
2.119398034258277996e-01
4.043979742818526457e-01
4.792703560689435816e-01
5.487677857896270384e-01
1.345907309878971170e-01
4.310509331339839600e-01
9.875883791631397124e-02
4.333717108482536551e-01
3.942431668765948305e-01
2.794745232064890228e-01
4.680434945956895576e-01
4.486366541196546431e-01
4.047269335313576910e-01
3.905730865430761534e-01
4.004523126783697817e-01
2.723101504913489901e-01
4.249314713233897089e-01
3.894717906358816095e-01
5.401856483163710587e-01
5.803580980853926263e-01
3.531242843219143945e-01
2.121470466186190784e-01
3.625043519861701480e-01
3.931377248400321767e-01
4.021524982815837257e-01
3.299318368686687819e-01
3.650267899095370749e-01
3.776090559287468285e-01
4.622191009108055360e-01
3.480209560611607911e-01
3.302095244904387772e-01
4.394475962999980223e-01
4.329743329852050460e-01
4.250781319130834124e-01
4.038887772903770879e-01
2.594572030841325039e-01
2.573026924373306157e-01
3.654668138761909546e-01
4.496279968443901431e-01
4.285880392223219149e-01
4.381946520251017718e-01
6.932186295076661620e-02
3.912055329149689564e-01
5.704489268595118734e-01
2.981673284279727776e-01
4.060330731371067925e-01
4.667996737928797324e-01
4.301227646984781550e-01
5.631062940038938924e-01
3.148119646205735922e-01
3.864836847372826734e-01
3.522782338361776788e-01
4.265625365553906700e-01
4.210119005995368591e-01
4.157524748656298286e-01
4.813116657724029190e-01
2.003717708675922526e-01
4.300804516942975386e-01
3.460100426345298352e-01
1.083718155663463828e-01
3.927820206900099476e-01
2.590517425809693020e-01
-3.948824525772614766e-03
4.123982552732705087e-01
4.481589145266677288e-01
3.301200977924235724e-01
4.247324079039658251e-01
4.724175389467177855e-01
3.827574392683115168e-01
4.405377007635903341e-01
2.925014544274613937e-01
1.788801289318549537e-01
4.449808006335145283e-01
2.673294788792992538e-01
4.370771640337132724e-01
1.885101252478641465e-01
5.487363930567404902e-01
4.519928403595642186e-01
4.507148136315974329e-01
4.778784779658228343e-01
3.984298113293681110e-01
3.654586715495389271e-01
4.088914917454487541e-01
4.081938067848706608e-01
3.861132504601767490e-01
4.205404864932592024e-01
3.015897658530937719e-01
3.008456174230314528e-01
4.806280253424530247e-01
4.092929207829534288e-01
1.516034646995816360e-01
2.415615792801238115e-01
2.593101633127334882e-01
5.599127053437933377e-01
5.386199780364314682e-01
4.377715346799105345e-01
4.073780363355489764e-01
3.554681773230518038e-01
4.043362459959802258e-01
5.852014218102242760e-01
3.630280951490368335e-01
3.838098090191563450e-01
4.593938271059603839e-01
2.979692557179365875e-01
3.213984983781530969e-01
4.000741089028231889e-01
3.808675349956913703e-01
4.540143914748245302e-01
4.088731197437688869e-01
4.639298320069684678e-01
4.306051056110721809e-01
3.197800386441135290e-01
1.810589485910865937e-01
3.790012629820718182e-01
1.474685696780344557e-01
4.155329805183110015e-01
4.377866664722883661e-01
3.876785837404243540e-01
1.843169628882792010e-01
5.679846430004620306e-01
5.755242430477962579e-01
2.243668838253355391e-01
4.591496852268677209e-01
4.013947841409432615e-01
4.064273552252202215e-01
2.608933865382189188e-01
1.794728490636863238e-01
4.259372377345260752e-01
4.489405712465127651e-01
3.727250440344970217e-01
2.225910172693637279e-01
2.585687802551749348e-01
3.881354027974928678e-01
4.386973924559912641e-01
4.086021335280888289e-01
5.760120715949963444e-01
3.940375807995017965e-01
4.216297738093588987e-01
3.813096940267572399e-01
4.658666163723069187e-01
4.440959114726680812e-01
3.035438958948525334e-01
4.194386694439651286e-01
3.785259813873312895e-01
9.198608224493617924e-02
4.016883019103996699e-01
2.822974398391469020e-01
4.245977609674160824e-01
4.066451536201365902e-01
3.752753022326139054e-01
4.187146607495004780e-01
4.024620779741858168e-01
4.717287651841033935e-01
4.619260526671451483e-01
4.664550822305233990e-01
3.874708411474491743e-01
4.863695845279272234e-01
3.092398942063456779e-01
4.035343768461938097e-01
4.321419444512168972e-01
3.853409216030218576e-01
2.879854981451678841e-01
3.846936974709935786e-01
4.490486210155424929e-01
4.818660342905639049e-01
4.744697083221052214e-01
3.729385333809009384e-01
4.343109742164920073e-01
1.933036084681757638e-01
3.008144935388896157e-01
6.846346996541224916e-02
3.096276864156321529e-01
2.969160469117146373e-01
4.957473140441718273e-01
4.828800932923740796e-01
4.300415903436975440e-01
4.218972481662682794e-01
3.982076196360162523e-01
3.052224485150492606e-01
4.317116477927142038e-01
4.518843259608186780e-01
4.143914613203672492e-01
3.926642921587092383e-01
4.638335133291640600e-01
3.817916371950705323e-01
1.974050283356600655e-01
4.204458978744500808e-01
4.892774132369562823e-01
4.439905821815758880e-01
3.888264473455229631e-01
4.591160749845571432e-01
2.454967363019721349e-01
2.154151054059403880e-01
4.312131258328528727e-01
4.106924186806378829e-01
2.747194343160732077e-01
4.279925283195705754e-01
3.564873124397752724e-01
2.196010584948416000e-01
4.030485949020237157e-01
4.409268735015339780e-01
4.191753514442524420e-01
3.713133930698585550e-01
4.281283133043292666e-01
4.108085025439019988e-01
4.220268061668132620e-01
5.641840559471225092e-01
2.657561610828161891e-01
1.947658942381812752e-01
2.323823406738533270e-01
2.894087176553171714e-01
3.985073677920472068e-01
3.810457132305559158e-01
3.857119838231639064e-01
3.443523739696859320e-01
2.539514003430810574e-01
3.963595043002767770e-01
4.518781737455591085e-01
4.515841625507963641e-01
3.987930264813915882e-01
4.027429078836531895e-01
4.335552939407745776e-01
4.690825674224626263e-01
3.796217266332597706e-01
3.595129376650835207e-01
4.168873549787760480e-01
4.385537020028348887e-01
3.641190604929062102e-01
3.893634342394541314e-01
4.411242110941675509e-01
4.908227550540021911e-01
5.644690583542544271e-01
4.075728314518060058e-01
2.246945159310921314e-01
4.679475111334123749e-01
1.954290158597452864e-01
4.339415472041637245e-01
4.283685442111277997e-01
4.322248306914067695e-01
2.497727117354293369e-01
4.241892243981152943e-01
4.568821099801101959e-01
4.024971162744748199e-01
4.029074725259345069e-01
3.944906624876634571e-01
2.802448423471843864e-01
5.301614598051114235e-01
2.619503812177357838e-01
6.039533917709433847e-02
4.238797449091891711e-01
3.660175738587427841e-01
3.902932208709695150e-01
3.098438336697278417e-01
4.020700068397279336e-01
3.236068083163491926e-01
4.393830463781913664e-01
5.332825289488043463e-01
4.311676391728676005e-01
3.663555394270924248e-01
4.077602486315645702e-01
4.548246569872904099e-01
4.276796422375988560e-01
4.089038534352114063e-01
3.062600021047225396e-01
4.495917724064260601e-01
4.074165699392186535e-01
4.475920271877624201e-01
4.043046330017214252e-01
3.262273047271840309e-01
2.226164442166559398e-01
4.003871446056874728e-01
2.801092210076837064e-01
3.812610117200984639e-01
4.132973746838564111e-01
4.025015980965305218e-01
3.641312690141927377e-01
2.143798914787436727e-01
4.101364845370915613e-01
4.256501332492854672e-01
3.663018100500641805e-01
3.504245651629248615e-01
3.015055462193919622e-01
3.019699085593974819e-01
2.534819226313494989e-01
4.184835349752336064e-01
3.586714305965813532e-01
9.521769870316343365e-02
3.295437684042789583e-01
3.961674459891400546e-01
4.542659246094136738e-01
4.013126943021433357e-01
4.758406035680152191e-01
3.025174850109997871e-01
4.693320573978747579e-01
2.123104708320761591e-01
4.556635780126004343e-01
3.182304101843460575e-01
4.319584665829288017e-01
3.059697664516956017e-01
2.065467068439428844e-01
4.956364392368469707e-01
4.285997027642369228e-01
4.491241033866054666e-01
2.829303284972028432e-01
4.156020333402136169e-01
3.473902862610254716e-01
4.023094381087445326e-01
2.926910950500292707e-01
3.911481960811289404e-01
3.128861738017638672e-01
1.684961508650475170e-01
4.799566374777655686e-01
4.270985804144780684e-01
3.343459414875712965e-01
2.319134895411016362e-01
1.017351523940209224e-01
4.161592682643984187e-01
3.153726340205660339e-01
5.020488725305216615e-01
3.378049891451818665e-01
4.072797623790584964e-01
4.059410854156993431e-01
4.248987948009227966e-01
2.507556089707141944e-01
4.299514482785695146e-01
5.695223786116415665e-01
5.674886324393153547e-01
4.347967051252494830e-01
1.670533087159100649e-01
1.978476171741083145e-01
4.309581792175120052e-01
3.939535926923060094e-01
1.446373341901367182e-01
4.761159262585554774e-01
2.182085547981808260e-01
4.293677500407193093e-01
1.768843292899846820e-01
4.246672066375192234e-01
4.194738053754134000e-01
4.601028996852877806e-01
2.536897327373293654e-01
3.125617632390034761e-01
4.310082431523714064e-01
4.595057025393100014e-01
3.890779990686201173e-01
2.451441214333549001e-01
3.448019354176515283e-01
5.008606895802184544e-01
2.227269557182305348e-01
4.025654091251438249e-01
4.401158303006627581e-01
3.740564698200450899e-01
4.554291221569146675e-01
3.022145471831728658e-01
4.515569002632242590e-01
3.321484840016595275e-01
3.814491324831835173e-01
3.469870796948493208e-02
4.119599521128500808e-01
2.585322019716834729e-01
3.954227914371566399e-01
2.818649694869890809e-01
3.907228793171152459e-01
5.575932367086031682e-01
4.346510217184845759e-01
4.458145116900568139e-01
4.758536400040216385e-01
3.889535765583342353e-01
4.436214591411441477e-01
2.345384946868738496e-01
3.443640026996406256e-01
4.046039122958317025e-01
4.663023100049469849e-01
2.380342567794613284e-01
3.003529120479804804e-01
1.398953189127433994e-01
3.559018533142211393e-01
5.440188074148044617e-01
4.698377858069498481e-01
4.044695469668798116e-01
4.135881545486490563e-01
4.031185574405291572e-01
2.390966494289284983e-01
3.980769454121622641e-01
4.278927720955353342e-01
4.437658805624826730e-01
4.176548569232031993e-01
4.137552061507360768e-01
4.654047716963390924e-01
3.076055759854434135e-01
4.033927112541518811e-01
1.677164840854396266e-01
4.042639781920364106e-01
3.440748778759359916e-01
2.186284936744715968e-01
4.922944187677896766e-01
4.446969013381546487e-01
3.754639538884667060e-01
4.294071756853123367e-01
2.994623750926151406e-01
5.472089094433952861e-01
1.789683772667970962e-01
4.452720184900271216e-01
4.381709257862560492e-01
2.158477311878995164e-01
4.485434478551597604e-01
4.471441720237584461e-01
1.452691794281445736e-01
4.732399350373623914e-01
5.268228826911937057e-01
3.974460496247304020e-01
4.285807468842430246e-01
3.449982898939709663e-01
2.908849127950918767e-01
4.593521307589359948e-01
3.238635154459640342e-01
4.683952993289968725e-01
5.564940174862875732e-01
4.276756696908719513e-01
4.639958438651392569e-01
3.949548484857961506e-01
4.518907532693999252e-01
3.850182611192457527e-01
4.670051252277663822e-01
4.274488268250281608e-01
4.146673168538089205e-01
2.965885794937077047e-01
4.801179854783175216e-01
2.046385499167851230e-01
3.852092821045020044e-01
4.129377525286112016e-01
1.344081370954849364e-01
4.169352755715285408e-01
4.337177262156373114e-01
4.227937600406996288e-01
3.699094600703416447e-01
1.060773195128669882e-01
4.168854634321174646e-01
3.264236059275117952e-01
1.663971138601629540e-01
2.986424659617762378e-01
3.230271155700369379e-01
5.268501530904918795e-01
4.110658993154623908e-01
3.811183922222549647e-01
4.872419212178507042e-01
3.974346567572171751e-01
1.945878520406986167e-01
3.649453820158785611e-01
5.417595713959595383e-01
4.733752392104452200e-01
4.725211707087037527e-01
2.488978882257363301e-01
4.472234948303663860e-01
4.354827634719753982e-01
1.401101890367577041e-01
2.997570765517064695e-01
3.994286303686210848e-01
2.950473411312967142e-01
3.552552493661866317e-01
4.115793744852496161e-01
5.646210643017820496e-01
3.967701257491670908e-01
3.770637132515130552e-01
1.503594418297316548e-01
3.174164862004018595e-01
4.371568330512828893e-01
2.793311629068107593e-01
4.372242522420755617e-01
2.992378323886684677e-01
3.614967444414047271e-01
3.563470771670369519e-01
2.447458022366430230e-01
4.136926536636961194e-01
2.112396106193051015e-01
5.185586161112247794e-01
3.866802957184157230e-01
4.546151513905088981e-01
1.239410262418032677e-01
3.196882566825525185e-01
4.031372101369783967e-01
4.375014802546866033e-01
4.512520712621686525e-01
3.030370899902556925e-01
4.925170204871150426e-01
3.191516016017877377e-01
3.825785920753658198e-01
4.496279968443901431e-01
1.121420683477719754e-01
4.236961615677150017e-01
5.372575461216203552e-01
3.207031763156865667e-01
5.364530367813138412e-01
2.747876675839353022e-01
2.754187950638419813e-01
4.753095990202548249e-01
1.971418508026221428e-01
4.370271336453019351e-01
3.904972834372656409e-01
4.253104623720411204e-01
5.286253481366119944e-01
4.014989509034253001e-01
4.301992533385058382e-01
3.476066823646229431e-01
3.969420824352968280e-01
2.529890895484768754e-01
4.081390774871851423e-01
2.354280585255465463e-01
2.208308528576247709e-01
4.500849378885424801e-01
5.760132207631164514e-01
3.759640385277668306e-01
4.293581794486277525e-01
4.140438224459717098e-01
3.383757776642208892e-01
4.801769122312291582e-01
4.565554469922348813e-01
2.381629632769676763e-01
4.352776177101657651e-01
1.446899101253477649e-01
4.274944763004273063e-01
5.710507413825802736e-01
4.421620743816617738e-01
3.887200460618127074e-01
3.700684862500652761e-01
4.259236489957739513e-01
4.762497543049399318e-01
4.158600180148319669e-01
4.410093550682448460e-01
4.962352977307278867e-01
2.285616308552281262e-01
5.748482495898045164e-01
1.426098093798304489e-01
2.446456824579043010e-01
4.565421197788532282e-01
4.502932268508780256e-01
4.359296058942305763e-01
5.353412426407920810e-01
4.605829552072098210e-01
4.312573761081023860e-01
4.152813257285756787e-01
1.906503008926675458e-01
2.350088702432509835e-01
4.315951385098684145e-01
1.944629629920554825e-01
3.821884889784471495e-01
4.944671870637533662e-01
2.918295586151957721e-01
4.538339741545892037e-01
4.632148909360818134e-01
4.324194502126507134e-01
4.261088169660635638e-01
2.924075004734256744e-01
4.309492866080563145e-01
3.193814882528333010e-01
3.121690112174553833e-01
3.757678822182202727e-01
3.999247247025304319e-01
4.380697284549437964e-01
1.175650016685362564e-01
3.108184818396623195e-01
4.741946029677366892e-01
4.623084429232295345e-01
3.337028379464587191e-01
4.841341054521600684e-01
5.898191660238812917e-01
4.173992852277884080e-01
4.032234817262047577e-01
2.836949478536460734e-01
2.734795706248899227e-01
3.658143910101849805e-01
4.433874836822122023e-01
2.800115188967677304e-01
3.533584882991674392e-01
3.674577925594649241e-01
2.621663505532548233e-01
2.808266301179304092e-01
2.392991060653482938e-01
4.106795578396446045e-01
4.526029470583843861e-01
3.169978723361974726e-01
2.922408509308087043e-01
4.168991655690669207e-01
3.935896468003076132e-01
4.684156791384947449e-01
3.794825745352888302e-01
4.630204926097847284e-01
4.293478408358147314e-01
4.903795928243948055e-01
3.592849910235924038e-01
2.145859905654639854e-01
3.960445761171792478e-01
4.592550480021696524e-01
3.983008995906678895e-01
4.184407729424064470e-01
4.045161717165662862e-01
4.008303921432690986e-01
4.585163414823031913e-01
3.171029632960620237e-01
4.822451663089830087e-01
3.746078670398870214e-01
3.075322959558101157e-02
4.038841015337535367e-01
3.021672355300264456e-01
3.249222357863024158e-01
4.460443907895210169e-01
4.191552505453590705e-01
1.954294866303074585e-01
4.417532313509320852e-01
1.771083050444371143e-01
4.467444894346701556e-01
4.297286586202999081e-01
4.370014264026028106e-01
4.136494943844947203e-01
3.625190247917721154e-01
3.834947562142199673e-01
3.068488073691790219e-01
3.148763043428677855e-01
3.792856543749874576e-01
4.466587859982120157e-01
2.360403448928994063e-01
5.516803333034427936e-01
2.554964446817605261e-01
4.047505088215602731e-01
3.749009196402290356e-01
4.379674712467374609e-01
4.910213639263161789e-01
3.371895296199308723e-01
4.659673128927003249e-01
4.737251961713706550e-01
3.870895247303858810e-01
4.037642731234310500e-01
2.848307082239293075e-01
4.071412458794356204e-01
4.075759241978101910e-01
9.524129861380337125e-02
3.308867509515514560e-01
5.556617342258041853e-02
2.835227472348409439e-01
5.014416946005100240e-01
3.763056209509128003e-01
4.058095254992294398e-01
4.684747806358293687e-01
3.243873388547559578e-01
3.647983312957238100e-01
4.248803195666359667e-01
3.168718141201913308e-01
2.908039416691332590e-01
3.071392848387788921e-01
1.904082449097234397e-01
2.665644514625757910e-01
4.152794589942558900e-01
3.843969377703085888e-01
4.374388560276235571e-01
3.175008608489828799e-01
4.211513426242928237e-01
2.867100753020415116e-01
3.303413472600297274e-01
3.711076448412268802e-01
4.394488993212155581e-01
4.147968957664254774e-01
4.972842437522463355e-01
4.581993797869663987e-01
4.447220525023173332e-01
3.208749225118584514e-01
3.749690362735018101e-01
4.382190701049799020e-01
5.382809154349178504e-01
4.724175389467177855e-01
4.069840600449891599e-01
3.753601726715569686e-01
4.212614980397608733e-01
4.442190652342981050e-01
4.828800932923740796e-01
4.180985182625490126e-01
4.532082599967488523e-01
3.183939322727290522e-01
4.419924289358480030e-01
4.848988361321902585e-01
4.288658828132919099e-01
3.632554053000975336e-01
4.335058040298304105e-01
4.627528725737422577e-01
3.532411886313014948e-01
4.087169303031422674e-01
4.054624843615444729e-01
3.749532728037893725e-01
3.861325933794623189e-01
4.364570926498349546e-01
3.922836612136248458e-01
4.246613091844005927e-01
3.585993810416377992e-01
4.357724105995612884e-01
4.863902035814813285e-01
4.075999490975502071e-01
3.626981233237518421e-01
2.334657479065088692e-01
2.171561440945292687e-01
4.730621515593397830e-01
4.011450652115418625e-01
4.590623833861819381e-01
2.830091739774802106e-01
4.208781203521729797e-01
3.863343703061332679e-01
4.032005485693725411e-01
4.190501398352047824e-01
3.222138576397194920e-01
2.585652204729070869e-01
4.575281463562673734e-01
3.625811748251660527e-01
4.458593937878636559e-01
2.283002679682326619e-01
4.156870653912966285e-01
3.140596179946046895e-01
3.654686908590854544e-01
1.740621795733183208e-01
4.540551135018822682e-01
5.467305625704905747e-01
3.699616028269285817e-01
2.530416221035872160e-01
4.282434122671144316e-01
4.132288491448996570e-01
1.187283204821940052e-01
2.200716246664102260e-01
3.419792653316779396e-01
4.702579039295678442e-01
4.937245360873830369e-01
4.551716006182927599e-01
3.326552828266488571e-01
4.411133091001899764e-01
3.991462741891251831e-01
3.468842520336506974e-01
2.785592519591483796e-01
3.083142343065923829e-01
2.828452736254069011e-01
4.185273232762685147e-01
4.361969201742116331e-01
3.906768212057314393e-01
4.204667034769595246e-01
4.037993210914039288e-01
2.718298297512501960e-01
2.889295369343071740e-01
3.128139461415287426e-01
2.292016892833882991e-01
3.978337027521444691e-01
4.559441478489245081e-01
4.032307792508093014e-01
3.923682507088453453e-01
1.393590989036845862e-01
4.159059091408351949e-01
5.301047474082161148e-01
4.317128692402560364e-01
4.067025278799458743e-01
2.860320100967432277e-01
2.603155489913933640e-01
3.968004716959503964e-01
4.086779430651911738e-01
2.652741266109049367e-01
4.353900271481985773e-01
2.034760585666195720e-01
3.239387927625480557e-01
2.460202023798913340e-01
3.691390823426522472e-01
2.786102253875900048e-01
2.540149375490715622e-01
3.686393903025994012e-01
4.219725058985313582e-01
3.802300370515248606e-01
3.979732473456321085e-01
2.716426470439442520e-01
4.009791003732979808e-01
3.768457525390892515e-01
4.251210880464473263e-01
4.050036138883499892e-01
4.221982559426699644e-01
4.024551430914562467e-01
4.089809810552018643e-01
2.098006946026763075e-01
5.693238483670567396e-01
2.693039360665743231e-01
4.646210309889869383e-01
4.241630368416468011e-01
5.628774110078040849e-01
1.923980843052087997e-01
4.340400640560244105e-01
4.272101110476010932e-01
3.313523496555466075e-01
2.958100878615269602e-01
2.991474241095507525e-01
4.124996088642282066e-01
3.701329169647658568e-01
3.228601627193987134e-01
1.779551307497929391e-01
2.504912664454664317e-01
4.155735934208685811e-01
4.239599129327667471e-01
2.939914768654230404e-01
2.246945159310921314e-01
3.392661552895175903e-01
4.434970771272507273e-01
2.865790242459783088e-01
3.135756417082280478e-01
5.388857094717618423e-01
4.099250576852324079e-01
3.593752564865392296e-01
4.343345415401911325e-01
5.800415613532233783e-01
3.079357832375017034e-01
4.175780224456436818e-01
3.169421900455389185e-01
4.067948184944525369e-01
3.826716615815518030e-01
5.597158535004080893e-01
3.169666983294715523e-01
4.262670820127718030e-01
4.236961615677150017e-01
1.273779732162576561e-01
3.633148448759214721e-01
4.753531993615993656e-01
2.041179235654017043e-01
3.372780922635152390e-01
4.222328159623076616e-01
3.255759858953762853e-01
3.761630329041609766e-01
4.040928898132885583e-01
3.505820436004036256e-01
4.224804206148919938e-01
3.430895434714918424e-01
4.064066299723664843e-01
1.903735061416650387e-01
3.609052447768618110e-01
4.152442352653010760e-01
2.774837638717587707e-01
4.416705250209447264e-01
1.981772057773844853e-01
4.698097668675205174e-01
2.787364297339569585e-01
8.432076312332302537e-02
4.119678987000232606e-01
4.168698281733196342e-01
3.936496715821961589e-01
4.077853303792676187e-01
5.632109068905681859e-01
4.893949820440123832e-01
3.940371709394970834e-01
3.207651366259714476e-01
4.052651140730530455e-01
4.172825371987928800e-01
3.804285804076465438e-01
2.348573174476578651e-01
5.073812697969217744e-01
4.061901663609508439e-01
4.633632168569303822e-01
3.731687229457918420e-01
4.675187974025447057e-01
1.670958006085476177e-01
3.325657112793447001e-01
3.012130667508828297e-01
5.554561361081917781e-01
3.458793928080926006e-01
4.360542887266130041e-01
4.340672121570473552e-01
3.521516056417463014e-01
4.619869920202245295e-01
3.952502001484918259e-01
4.047533684643546681e-01
3.946644213047492133e-01
2.340137287981964853e-01
4.324278850386045758e-01
4.098598697792759649e-01
3.607050118166450492e-01
3.819755882612148601e-01
3.789861127049165002e-01
4.077353967506792132e-01
3.235026703494576772e-01
4.766134938562009982e-01
3.691138673219855337e-01
2.788321688901289064e-01
4.145052499593067097e-01
2.499217193472795806e-01
1.439933604952391699e-01
4.891964517994275563e-01
3.449939949528083027e-01
4.657478214498358970e-01
3.515689615963580317e-01
4.737538385726778878e-01
4.234321489054999610e-01
3.166137704436569611e-01
1.595427713184987550e-01
4.129269230630085996e-01
1.326051563791141863e-01
4.378390932845132588e-01
2.568365603458488411e-01
1.750146700757390095e-01
4.282002778002518273e-01
4.223526174856810367e-01
4.612403241004675580e-01
3.333549136886745923e-01
4.456047788404664534e-01
5.733502335540009431e-01
4.448146491633309108e-01
4.030101191799804750e-01
4.536434100400063008e-01
4.213550002266645000e-01
5.138322888914605979e-01
2.959017253887210597e-01
4.207601012509580296e-01
4.536175291524277564e-01
3.715521630568519584e-01
4.298006788817465007e-01
4.058166955182868629e-01
4.026395383938973782e-01
3.581344292633626969e-01
1.409560721221918278e-01
4.072233196192598936e-01
3.355624835718956644e-01
3.840223336717852876e-01
4.646995708376795431e-01
4.856778098208130445e-01
4.220568105082697086e-01
4.500187886911719004e-01
4.060244443765850253e-01
1.640853287774965696e-01
1.775681050675085582e-01
4.546712527524417458e-01
4.503207819904356257e-01
4.289170381383753394e-01
3.818079311426286759e-01
3.729020386627110439e-01
1.722914755605235160e-01
4.376688396459531005e-01
4.055339579216930002e-01
4.092069905915928785e-01
1.779668016513878959e-01
4.880399537493750328e-01
4.713022420757106423e-01
4.336803361786399358e-01
4.221010798699337263e-01
3.924826194918002997e-01
2.082799465486926405e-01
4.303512616095969134e-01
4.272542518664128042e-01
4.739867350683013014e-01
4.608610832687398129e-01
3.952096761014919912e-01
4.180614714075822635e-01
4.167902657907178732e-01
3.533148750952392336e-01
2.463354775830485233e-01
2.374955401844051628e-01
4.403662104913411701e-01
4.028529333455340145e-01
4.291712583081844778e-01
3.684824013071751891e-01
4.550898004780707384e-01
4.116991116957046670e-01
2.009200505031585871e-01
4.398573794611170817e-01
5.492579080881785369e-01
4.843827676165827767e-01
4.228078328690119125e-01
4.328053627835415362e-01
4.261005626726952489e-01
3.796745682223156559e-01
3.864094660528265557e-01
3.108735156901352714e-01
4.437447976675646943e-01
4.090464931812511362e-01
1.677765035563258955e-01
3.768648280203651391e-01
3.804353626612986816e-01
3.045742244208715088e-01
3.813806102221110050e-01
4.167632571864894331e-01
3.874675047592150423e-01
5.592143713206465527e-01
3.428961545260749144e-01
3.967394012689942073e-01
4.397341030485280022e-01
3.387501965207933008e-01
4.172691248019135268e-01
4.039688041367258675e-01
4.053997405954377631e-01
4.318914157599354486e-01
3.706932545515919109e-01
4.203023797384226046e-01
3.900464556886842904e-01
3.442263869335581150e-01
4.157419688732603147e-01
4.465510862159345340e-01
4.294129736401224862e-01
2.444697740956269794e-01
4.859664444348573697e-01
3.474591435509102877e-01
3.987058499056738148e-01
2.472552288267877429e-01
4.814784282568029261e-01
5.380178787731036971e-01
2.493192585831124908e-01
3.919409554305106069e-01
4.985040073743803313e-01
4.121587767861242257e-01
3.465545348875222476e-01
4.508889733463714578e-01
4.228899429560080692e-01
3.482579987898827834e-01
5.438064555772108566e-01
4.459433678499479248e-01
2.416134985596925799e-01
4.869039519774409075e-01
1.704686441432577970e-01
2.483381856771135210e-01
3.963371632164691682e-01
3.544737234297729578e-01
4.808019337804313453e-01
3.932435486974663608e-01
4.007588971731425587e-01
3.884333267072223594e-01
1.119014492658325921e-01
3.448545504592661071e-01
3.375954550640013485e-01
3.919404627728100832e-01
3.985945574378096934e-01
3.188546183203540552e-01
4.131530815564169457e-01
4.401112211390287854e-01
3.968409658063239975e-01
2.789150862909650086e-01
4.394044679117434793e-01
4.596721770678047214e-01
5.007201298799263123e-01
4.125309542337623481e-01
4.058551722361429803e-01
4.081371178103253006e-01
3.036208985143877825e-01
