8.007444482454771639e-02
4.096675099235366768e-01
9.418244361569901024e-02
1.114683681224790668e-01
1.752724235557889809e-01
2.979997370200735893e-02
3.091450831063313198e-01
3.106012962016349022e-01
1.847102947789569238e-01
1.862742619957674095e-01
4.094773165418088001e-01
4.158376509361576545e-01
2.970546867261719126e-01
3.869987860695828785e-01
3.455995371770996250e-01
7.996225597723151390e-03
3.015925870741059112e-01
1.262474709664464789e-01
1.724708305973168543e-01
4.171020422051490706e-01
3.991058621088415803e-01
1.423911836925772501e-01
3.333473364651136084e-01
4.313033198462220552e-01
2.331293693527764777e-01
4.508889733463714578e-01
1.846606444591467888e-01
3.987644672719560801e-01
2.582135977659047454e-01
3.529970430594025488e-01
2.943530186160576712e-01
4.032069357134989707e-01
2.074375083951018606e-01
3.133177352049246744e-01
2.316968047399257380e-01
3.079200337921547126e-01
3.310287838118493031e-01
3.149930140953038915e-01
2.833440442065628395e-01
1.210112087333497927e-01
5.715013183107802153e-01
4.111301386343994141e-02
3.139241734948832740e-01
2.104315153722008669e-01
6.012298018272309585e-01
2.017192212488607417e-01
3.958508351518919000e-01
4.215032718757084629e-01
2.812341183451702031e-01
1.735668125147847851e-01
3.909786072099371568e-01
2.376015406274789021e-01
3.229697918477338336e-01
1.561870777570357749e-01
3.998328787807348128e-01
3.449557774782512909e-01
1.381137284499884543e-01
1.592658461160025296e-01
4.002969938271963013e-01
4.293763561050047417e-01
5.066901673880113144e-01
3.972859155201388659e-01
8.368501490545710020e-02
1.580347816768128688e-01
2.810108620033206495e-01
3.297105647463185463e-01
1.875664922265607992e-01
3.805139349361497114e-01
3.941413330548521610e-01
-4.440236382099060214e-02
3.083011580380687899e-01
4.023878470495291237e-01
1.412240286444602921e-01
3.038126639113006844e-01
2.325288717248818471e-01
1.532733663868593166e-01
2.666119241884634672e-01
2.804666382671353042e-01
2.443899501461624935e-01
3.706264713740693439e-01
2.450971418838203131e-01
4.316503662119248741e-01
2.528620422412790614e-01
4.396485542535192859e-01
1.223267926289172691e-01
6.426850676112966232e-02
4.266653115033356425e-01
-1.390813717320630964e-02
3.955332874413925448e-01
2.407049561292300688e-01
2.079853756811311793e-01
3.216994898066258823e-01
3.016529450384036748e-01
2.405124989898287935e-01
4.134926403424685204e-01
2.453729501991322726e-01
4.293132697792504393e-01
2.823381626130643252e-01
2.721784334024051066e-01
3.527493275603915124e-01
4.102209553646046780e-01
3.149806452896280473e-01
4.094103214013550818e-01
3.141286969980889299e-01
4.207584201527651002e-01
4.275872879740491017e-01
2.970368987272827277e-01
1.597724565093276705e-01
1.282117581963503061e-01
2.429104684710384487e-01
3.829362185177708766e-01
4.017340111345745757e-01
1.386383563926425477e-01
3.583565921403779608e-01
9.145442942295907429e-02
3.352344354082362199e-01
4.600841125126008957e-01
3.837323863066012808e-01
4.006048384402463025e-01
4.017728757215665580e-01
1.541765855592737988e-01
7.026164746110448445e-02
1.342707810291158266e-01
2.864087988221177827e-01
5.420572380747619157e-01
3.575803780360962691e-01
3.234619081786911932e-01
3.854756109653515450e-01
4.222050424907653476e-01
1.446872288990364852e-01
2.240453134507116861e-01
2.744526809277244017e-01
5.712116327691918460e-02
1.428106715485956135e-01
4.167430739670605622e-01
3.224587637222507408e-01
3.631552604600667977e-01
3.548913045529856203e-01
4.087630140359628239e-01
3.922216994096205944e-01
4.191588941418817882e-01
3.171531039707552457e-01
3.200786051021354828e-01
2.360553045496766866e-01
1.167458534217595129e-01
1.199436981033341482e-01
3.406608919151432047e-01
4.446476126721864153e-02
3.838852422634481676e-01
1.642578213925104946e-01
3.340373454506819773e-01
4.289658748790224907e-01
3.520009693934103567e-01
3.027959899877233907e-01
1.395445634758177567e-01
3.881298591899016714e-01
1.855690780399950335e-01
