4.182272167105675065e-01
3.606995260284420191e-01
3.155764161825382330e-01
3.834811473517482083e-01
2.177226780235753389e-01
3.040486147726382815e-01
4.484870670017315208e-01
4.928797459066384667e-01
4.810004640250161723e-01
1.857477768620008074e-01
3.181126610314192749e-01
2.168476211409731957e-01
4.439586301130147850e-01
1.677345274118011431e-01
4.646875308784773617e-01
3.810851324023649123e-01
4.300153046996555428e-01
5.774752452567046834e-01
3.983841479748262970e-01
3.816696910225857442e-01
4.578818610587724880e-01
4.699256656340564664e-01
4.180271886803531012e-01
4.004293820525621217e-01
2.358162257154525765e-01
4.657637359511758723e-01
3.874173848306244894e-01
5.837912643990104122e-01
3.663555394270924248e-01
3.087641876484377157e-01
3.791710941469968454e-01
4.323865963524979872e-01
4.357774226920016480e-01
4.369128983842638370e-01
2.807166292194351320e-01
4.912299957387447069e-01
5.632109068905681859e-01
7.014106582721826855e-02
3.915942321231187795e-01
4.343216570486407857e-01
3.701293870983781154e-01
4.220199757199646351e-01
4.262668021063543144e-01
4.108422714316598001e-01
4.282899766456420565e-01
5.363913922889501640e-01
4.060965999441133456e-01
4.295417555704582058e-01
4.278717668325336398e-01
1.957074337028376354e-01
3.886384877381636183e-01
4.246654243813295926e-01
3.545965947124687934e-01
3.908767211910000872e-01
2.434931137456333161e-01
3.049334542258226866e-01
2.788766895700808268e-01
4.522793978115691726e-01
3.983013272923208725e-01
4.589219140144208953e-01
3.857572331892266115e-01
3.960231799561106936e-01
4.067846438588351710e-01
3.535850412174800783e-01
4.695629814577851890e-01
4.497248986536488413e-01
3.478839533631587488e-01
4.642894453243739394e-01
3.108181095715957243e-01
5.235496566098378768e-01
5.758938662352715010e-01
4.299945522901533757e-01
3.114130173436497340e-01
3.966345222513146807e-01
4.200491113998047199e-01
4.040498301983644347e-01
4.758406035680152191e-01
5.109630262330058237e-01
3.964447500154713588e-01
4.480509308132289426e-01
4.261029310477780219e-01
3.135023572622681609e-01
3.226556227437875068e-01
3.270245829304146978e-01
4.485941791299042358e-01
4.639418202668827429e-01
4.641940527111012571e-01
3.655414120483574392e-01
2.906929223859492928e-01
3.031275294715118362e-01
3.113552021565469952e-01
4.828800932923740796e-01
4.799566374777655686e-01
3.607371126555085072e-01
4.483110286858669746e-01
4.810004640250161723e-01
4.047304789988147022e-01
4.376973222192852564e-01
4.631372316349717244e-01
2.719706640054652680e-01
3.957293812429317215e-01
3.799028963223968769e-01
3.572302495463938188e-01
4.260211707400731740e-01
4.292906837462083791e-01
4.051279363609287532e-01
2.969051552078040279e-01
4.016265501399390314e-01
4.846358808158447440e-01
4.190030918235312929e-01
3.993937500913962713e-01
4.167424605462963227e-01
3.974431827622922908e-01
4.027198591295367835e-01
9.357631813029017309e-02
3.756410387207352319e-01
4.811805743859161044e-01
1.384337904999625724e-01
4.124192253093898475e-01
4.325071704607355016e-01
4.847766363178540594e-01
2.006273187620407628e-01
3.222742349601310230e-01
3.127693848407077648e-01
2.380333991355762513e-01
4.300692636945482872e-01
3.309427495995299062e-01
3.228243989278987147e-01
1.857477768620008074e-01
3.946815086247663085e-01
3.463558205005299873e-01
2.504347849889997368e-01
1.716322316345049170e-01
3.349630272583197232e-01
1.886597371729395456e-01
4.110186450875282227e-01
2.135728538368352747e-01
4.780598639423386809e-01
2.626171470167133482e-01
2.549954272976835967e-01
5.582495766781520041e-01
2.762946034947600382e-01
2.475261187390591089e-01
1.920081599515243431e-01
4.076951908866563445e-01
3.795148135846884152e-01
1.863544752251027059e-01
4.065947537851286042e-01
4.054426520002042400e-01
2.525127173726102736e-01
2.662965362094921185e-01
3.531514311574250886e-01
3.752317152102673248e-01
3.516931685131448049e-01
4.124619836494107794e-01
3.104732418786126380e-01
2.016132588126471337e-01
1.912834237586632791e-01
2.833552082653095772e-01
1.475604495197079535e-01
3.955088805436637323e-01
3.950596908243660943e-01
4.273099777238870134e-01
2.108405101814178062e-01
4.547878573013910963e-01
3.443630032353975912e-01
4.669924062071310611e-01
4.123341899804226496e-01
4.067263788443609140e-01
3.913367453549649322e-01
4.078915136214386616e-01
4.936646252430904602e-01
3.630503200339232905e-01
3.076071748460852961e-01
4.283422927566630234e-01
4.268794191665840065e-01
4.920992307203477245e-01
3.619210002082348110e-01
2.773893317615482856e-01
4.117286792902073445e-01
3.847548665664141665e-01
2.148281625865469668e-01
4.054627250993200205e-01
4.460443907895210169e-01
3.994500289569836715e-01
2.807661724893553701e-01
3.333439464689501586e-01
3.857578705717394918e-01
4.767288681197688338e-01
4.396936532933219399e-01
3.592374065384495441e-01
3.490532735212308335e-01
4.974945077435576346e-01
2.991897550798562899e-01
3.188112778031995664e-01
3.651994649709645602e-01
4.940975638762780675e-01
5.341352253862984290e-01
4.021163953327970275e-01
4.517670533873628380e-01
4.531269946910541080e-01
4.343059034540732721e-01
3.049904035639567357e-01
4.593836445868239582e-01
3.339855961231864012e-01
4.622758416676231996e-01
2.664914786230782595e-01
3.718062768199004720e-01
3.021675851433489601e-01
4.284990134634872883e-01
4.591194238826911689e-01
3.346506351825451753e-01
3.271558913211355946e-01
4.015916161095621217e-01
3.101069909286369164e-01
1.125208256293382808e-01
4.270387426794513552e-01
3.486101506884724532e-01
3.089475279285727738e-01
3.850132657896563892e-01
4.857480714558809476e-01
4.305378904789455285e-01
4.439592114188120608e-01
3.825042184382687616e-01
2.657804418183080108e-01
4.284953933100605905e-01
2.992367469525759049e-01
3.729905296700028461e-01
4.102610080394053504e-01
3.368954446520269763e-01
3.541046778967809061e-01
4.386732294286995737e-01
4.232887254546851552e-01
4.064329411548608939e-01
5.533329397947543971e-01
3.628709389607711056e-01
5.510296746126224221e-01
4.180212305656302307e-01
4.493606502834732730e-01
4.236972577502887694e-01
4.071338886475475705e-01
4.149476381933150382e-01
4.405982434511863666e-01
4.404495356360795255e-01
3.041326257835314517e-01
2.455597830441625107e-01
3.736842561082194814e-01
4.230407080376417106e-01
3.942673924326400292e-01
4.007321693051756895e-01
3.973718694450408817e-01
3.211492589326769842e-01
4.365041210771874458e-01
3.401342940885467847e-01
3.578456920598406810e-01
4.496279968443901431e-01
2.891733932640424554e-01
4.222132023893663821e-01
4.272280519452670844e-01
2.766006534817566642e-01
2.469970776854414629e-01
4.118130325469632896e-02
4.438330898857005269e-01
4.123082114616847815e-01
3.897025565067590569e-01
4.381966444808038097e-01
4.824848738123568848e-01
4.479619862131479779e-01
2.167454336396718861e-01
6.923116318890615295e-02
4.190768187423692948e-01
4.276286313053901389e-01
3.967427010818492805e-01
4.290335007839822801e-01
3.587941474452887580e-01
4.224243245639614508e-01
5.753006005587373295e-01
5.787614343728049171e-01
2.260823983918872071e-01
3.460716036238301596e-01
4.021494661971837803e-01
4.435911936477471285e-01
5.295101684618896964e-01
4.285162996141524960e-01
2.143597111067174210e-01
4.284473622235652202e-01
2.084720889593431048e-01
4.723967837987300689e-01
4.056784574728541926e-01
4.391560538914550116e-01
3.422856344196665290e-01
4.069272587925361062e-01
4.025068764444527103e-01
4.513641829936279048e-01
4.306370052334856924e-01
4.162515392530919955e-01
4.022549891738907424e-01
4.088918827265000111e-01
3.996473906565885525e-01
3.721866057432219321e-01
4.597786019190876483e-01
4.198038597701870822e-01
3.848060203562859716e-01
4.391002209840909609e-01
1.631922639665706332e-01
2.984228878831869936e-01
3.054810825426816923e-01
3.538119877308528727e-01
4.218805009993508159e-01
5.476128890482564460e-01
4.471150238324676507e-01
4.882194076206015643e-01
3.999450482278517627e-01
5.724528164441249345e-01
3.739446224354263104e-01
5.032689807869135112e-01
4.942900370887224337e-01
3.746635377957124868e-01
4.112529144772430478e-01
1.102089325632074068e-01
3.963734430050351865e-01
3.079195513207906298e-01
4.354505212484220955e-01
4.280857699354244650e-01
3.957236702557840324e-01
2.711159677318429884e-01
3.589068591332916225e-01
3.063912681733940158e-01
4.280039969311047465e-01
4.350347346215996946e-01
2.989507614291297966e-01
4.406189019223355485e-01
2.346858255157205364e-01
3.878383567176063584e-01
4.482644893686313914e-01
4.163089820995167778e-01
5.473759816463623640e-01
3.260850546759371804e-01
4.704468843281637835e-01
4.112753439187020188e-01
2.305904725658946552e-01
5.443100176367512422e-01
3.097698013682583240e-01
4.001748549026714619e-01
3.055565874025199524e-01
4.591194238826911689e-01
4.658236320242433726e-01
4.197684603632347300e-01
4.674591219850253720e-01
4.908227550540021911e-01
5.086748833830289085e-01
4.274583236439785661e-01
3.849045065246608499e-01
4.273565516871140613e-01
3.810883997060770523e-01
5.584458543109070972e-01
6.438454452655360816e-02
3.981916461327602574e-01
3.048005746912530456e-01
3.500605934627747384e-01
4.084375513346046316e-01
1.427444101563017098e-01
3.182079769048580808e-01
3.083496769484227462e-01
4.728590160948805132e-01
3.087242261320122250e-01
4.029969610888278764e-01
2.627880782229872758e-01
3.898019285129725175e-01
2.543793063866789383e-01
4.362789468618750166e-01
3.678885375619928011e-01
1.736226965405458511e-01
3.828990102996174261e-01
4.152564674163985448e-01
2.902819524647721194e-01
4.326993290792786606e-01
2.265556225541320856e-01
4.273333812363593331e-01
4.309213701958664600e-01
1.808731968669595735e-01
4.302057533414309076e-01
4.260770767152108895e-01
4.747299325800007908e-01
2.163151631212585913e-01
4.251953878896571060e-01
3.863335605442532183e-01
4.380459138377005845e-01
5.360656177944146394e-01
4.582868551480550612e-01
3.756923504714329010e-01
4.009983077790408301e-01
4.265041436619394499e-01
3.491099360030030518e-01
1.556330262808160725e-01
3.918752368392473540e-01
4.403662104913411701e-01
5.185815641222665251e-01
3.115754072964630472e-01
4.131788481329697338e-01
3.083485189839551555e-01
3.851034768563219579e-01
4.286888238721595634e-01
5.630233127880459598e-01
2.216806533881370833e-01
5.144911500518846159e-01
4.402798184087504674e-01
3.173906502488816894e-01
3.714392854830120272e-01
4.247906574833396620e-01
4.640257839766617765e-01
4.725896351711341703e-01
1.946830353076423048e-02
4.193462321130202453e-01
3.326548634234369195e-01
4.138570148282023076e-01
3.994898103557456004e-01
8.067513063515330263e-02
3.873612353377334783e-01
4.818660342905639049e-01
2.946131559062907801e-01
3.583811716249349910e-01
3.484033181025455450e-01
4.207545655268858376e-01
2.527047565765864201e-01
4.080740101575774381e-01
4.758406035680152191e-01
2.789286926639044650e-01
5.531844736302516941e-01
4.551716006182927599e-01
2.474356368527690642e-01
4.851170026874448982e-01
4.758406035680152191e-01
4.679916098791278567e-01
4.402722291524499010e-01
3.019828468248459963e-01
2.932173363755971041e-01
4.944671870637533662e-01
5.475071243379611152e-01
4.094626728637349999e-01
3.684377554037474578e-01
4.204432025407889850e-01
3.482318228512317759e-01
1.928168485942172161e-01
5.271226594146080080e-01
4.406092255251203293e-01
3.957923657883061774e-01
4.557381529906240902e-01
4.098036011207710771e-01
3.775679177348691407e-01
4.788336919336198538e-01
3.535025525556020898e-01
3.342188712766760439e-01
5.489663160342118653e-01
1.168914525578553104e-01
4.230325827020477991e-01
1.674526050281258671e-01
1.626817303451911778e-01
1.905005353582613359e-01
1.822676585237401892e-01
2.507017766255917879e-01
3.170350951181150068e-01
4.014902810241280373e-01
3.123893809673232158e-01
5.271226087941174310e-01
3.994282340973137058e-01
2.968071253084655914e-01
4.256626894545069151e-01
5.390340631923880022e-01
4.089793801199497203e-01
3.640156806300990922e-01
4.414767265059685308e-01
4.329514773773047165e-01
3.278783498668074725e-01
4.596721770678047214e-01
1.122790485569987035e-01
3.684603435528919779e-01
4.327599370756060049e-01
6.015667006102343173e-01
4.279144252178317953e-01
4.088351794371438142e-01
4.091292383479427364e-01
4.622372596425498026e-01
4.140203098089992317e-01
4.229099007897773044e-01
4.326893198315919231e-01
4.233666583553974960e-01
4.643230807731992815e-01
4.058828391557018911e-01
3.724881296411662324e-01
3.945493103922089184e-01
4.096540837097529808e-01
4.302223759487477928e-01
2.788697597494003144e-01
3.327431542723299773e-01
2.333191301108384907e-01
3.966768035969425732e-01
3.503050972576287614e-01
2.951102845578956746e-01
4.574717196124600260e-01
4.629169664454614308e-01
4.223034429154977620e-01
2.985260370078400283e-01
2.262348121507418430e-01
4.285080624985572739e-01
4.392734673724403294e-01
4.560678003883553155e-01
2.538216776184807344e-01
2.736908896229477417e-01
4.794214374041666504e-01
3.981918075374391575e-01
3.892982952113155926e-01
2.463355797368581290e-01
4.239419203150666671e-01
1.359673058528474976e-01
2.433219919241679241e-01
3.728050554457453813e-01
3.488163786499826613e-01
3.037305339495381395e-01
7.828214436780904506e-02
4.654208311714446156e-01
4.101881545314904343e-01
4.580263321462807458e-01
5.326917643394256663e-01
4.737538385726778878e-01
2.927366371695335201e-01
3.480316854475640209e-01
4.187975811792675751e-01
4.071686537216641644e-01
4.534758811115886523e-01
4.598611612836835949e-01
3.510087962436764797e-01
4.420769802582395491e-01
2.998163244335416144e-01
4.133612419759002399e-01
4.019557603343021923e-01
3.942394826177109124e-01
4.324369775160135654e-01
3.510652347090318925e-01
5.642363160644122688e-01
3.792212155693067688e-01
1.904798005414542472e-01
4.278272882671701471e-01
4.750408529272507341e-01
3.465457670036358739e-01
4.513641829936279048e-01
4.037469999183339042e-01
3.878272372422343350e-01
3.730692800501455020e-01
3.167944309082157406e-01
4.645356661704168610e-01
4.355347650720796104e-01
4.307600165108824153e-01
1.387129090634192652e-01
4.252360345668699249e-01
4.714829806700921999e-01
4.564539186361081802e-01
3.950394774815961796e-01
3.688090844602622820e-01
4.143311406160699595e-01
4.625146178577013156e-01
2.018557807530576009e-01
5.439760926830914389e-01
5.740255793601589662e-01
4.985596802878004552e-01
3.131633611312675813e-01
4.194753278074129788e-01
2.972875804003253797e-01
5.295612630423844891e-01
5.721914165045900447e-01
3.978917354932530182e-01
4.584437790837012083e-01
3.905901878459664411e-01
4.199133493602355549e-01
4.090422936929068998e-01
4.103373434072263848e-01
3.887606491722098712e-01
4.107351644485205400e-01
2.844382175617829467e-01
3.636846946938225300e-01
3.554514107377822474e-01
4.492488952605036001e-01
2.147669615576878188e-01
4.198445385623668646e-01
3.965439689154469649e-01
4.715106794971570259e-01
3.804466985600139517e-01
4.568637063198776049e-01
3.996155997022609041e-01
3.822490910206429726e-01
2.454775619240247564e-01
4.616485678177827956e-01
4.037664614223424597e-01
4.082785983471313163e-01
1.591590466730894993e-01
4.446822691949139927e-01
1.596289639065660848e-01
4.688730886296457734e-01
3.404470128739464641e-01
4.362753135554192641e-01
4.836695019179647059e-01
3.683928791355954302e-01
2.259265316776339905e-01
1.417836915835865297e-01
4.127515858201921684e-01
3.840308658799451158e-01
4.185795819620772296e-01
3.858859108496502377e-01
3.850460652535278583e-01
3.816839327241738911e-01
3.740854311304428470e-01
2.822700794847474159e-01
4.128170688809515432e-01
2.961163376801711489e-01
2.048595674429632141e-01
4.565452838914506040e-01
4.041478079834929238e-01
3.717261315547975564e-01
3.279452799682293085e-01
5.746019141837824806e-01
3.991193757467020320e-01
4.671468524772254827e-01
4.322858973425722784e-01
4.845812978611676036e-01
3.462843446583101503e-01
3.552230985499618132e-01
3.874708411474491743e-01
4.453289120211449403e-01
4.053786381576910403e-01
3.656267699792214443e-01
4.247793767485114613e-01
3.975440406251263270e-01
4.133667908944936853e-01
4.062590591889095881e-01
3.383780920994366448e-01
3.848634007569416982e-01
3.548323254991490594e-01
4.098495426183116352e-01
4.655594113201105833e-01
4.085451270551880287e-01
2.111415204473518215e-01
5.238377943339767029e-01
4.133064113542491702e-01
4.547878573013910963e-01
2.941747245349557449e-01
4.135296495432588815e-01
4.243755422418924450e-01
3.806525757671660459e-01
1.710290056710863649e-01
2.142628329480157634e-01
4.117459740712512972e-01
4.244154568306336417e-01
4.142403227259007781e-01
4.215996993460753295e-01
2.794133457296429368e-01
3.351925540889603150e-01
4.260529211565161622e-01
3.400326647403921765e-01
4.222645730175034751e-01
4.276444256453033055e-01
2.910062847154543109e-01
2.445749787441342527e-01
1.916845028249751781e-01
3.314648818275229281e-01
3.611889450133664026e-01
4.412740418543206200e-01
2.035583198512121161e-01
2.803538253588974682e-01
2.737756585304642609e-01
4.089744878569984698e-01
3.849188742173305644e-01
4.457977108737178340e-01
4.032234823070955931e-01
5.788390428874555793e-01
3.490172795102293168e-01
4.534815324744371767e-01
4.409340836850462186e-01
2.557179344151684353e-01
4.025637565735882273e-01
3.378827574878077167e-01
3.409630913476832115e-01
3.902951434745438042e-01
2.138743133544364627e-01
2.556051157965657517e-01
4.322920424211725843e-01
4.739867350683013014e-01
5.829830885169915433e-01
2.123711476795317465e-01
4.828800932923740796e-01
4.384231749933255595e-01
1.727783753876908079e-01
4.337366737142057116e-01
4.251692845623655237e-01
4.266506259181344074e-01
2.835491809490043313e-01
2.819229753411485739e-01
4.584277368693530641e-01
4.249366662304869258e-01
4.299069371833170172e-01
4.169947741907607530e-01
3.063055949847535708e-01
5.550792575107004190e-01
2.912092386930072441e-01
3.461104836459225620e-01
2.902922417018607426e-01
3.808700595474351358e-01
3.994620539789919267e-01
3.056048911342968410e-01
3.712852055061066081e-01
3.117124418189866075e-01
4.896984180272569986e-01
4.619921841058517997e-01
4.417006551667678194e-01
4.423475706797725393e-01
4.206852447483209190e-01
5.000750811842258337e-01
4.828800932923740796e-01
4.029965599421863609e-01
4.037212262466139956e-01
4.400631309676329428e-01
4.311686672667323639e-01
1.348093144412717825e-01
1.813242588805324962e-01
3.904711592808869369e-01
2.379603621491291898e-01
5.625192198772300811e-01
3.376252028176597864e-01
3.897089588370326596e-01
2.200651670114672775e-01
1.596361915997889791e-01
4.070953092779753257e-01
4.499538756295838327e-01
3.977691853187346194e-01
4.256169956654324293e-01
1.468573090809828507e-01
2.943992706412632554e-01
4.468220755020377855e-01
4.714875359748435524e-01
2.902667620854003094e-01
5.592571079187518279e-01
4.221146503106232850e-01
4.614152488485243064e-01
5.250517191314783005e-01
3.003241459584090056e-01
3.396234320148696084e-01
2.427192960651652076e-01
4.172165801103331351e-01
2.343584912669467168e-01
3.627782925713494144e-01
3.082413303441557395e-01
2.743074193722115361e-01
3.984141750955034755e-01
5.033267534963710155e-01
4.444448941136269204e-01
4.194049069874991598e-01
3.866752449552399717e-01
2.363418194566115627e-01
3.109037380316387877e-01
3.641780324723217221e-01
3.370604241748698660e-01
3.600518314577892398e-01
2.724694674484478552e-01
3.398635268272345300e-01
4.152016039329208263e-01
3.958579378083539324e-01
4.282986129992374380e-01
4.207507999432793522e-01
1.693772946074992847e-01
4.442419754874329385e-01
4.417924511941864751e-01
1.830472312560780801e-01
3.995577549208427226e-01
3.802507198371063990e-01
4.601960997259518238e-01
3.149272356930266081e-01
4.920284798714323338e-01
3.475096803931804201e-01
4.545133554926419350e-01
3.918008526216379406e-01
4.293131776665545241e-01
4.591194238826911689e-01
4.607468395432918196e-01
5.155560708421712546e-01
4.499051834477801881e-01
5.682188348412450241e-01
4.191516380679903842e-01
3.777435047815080882e-01
4.214331732012771559e-01
4.123235777680073766e-01
2.837034075334309291e-01
3.967794243183602187e-01
3.425828120298440860e-01
4.474663013243213028e-01
4.604956407528935647e-01
7.730662245501380980e-02
4.174118700626315293e-01
4.104958255411531587e-01
5.550822048887630311e-01
4.125704675928775766e-01
3.916895420009339213e-01
4.508946576955232821e-01
2.945835930418995163e-01
4.091528756275001344e-01
4.301706062900715888e-01
2.978449102586760433e-01
1.932560812059706534e-01
3.009945673036644731e-01
4.329575353222737122e-01
4.240942524743129272e-01
4.111855465708161850e-01
4.528707586639390548e-01
4.267141512314215901e-01
3.969739492373758893e-01
1.727135994163492838e-01
4.260747314512864925e-01
2.198197299116916581e-01
3.929758111140060906e-01
4.138442066823098675e-01
4.742590394498538697e-01
4.364541545867723915e-01
3.791112481135290313e-01
5.118635515862247631e-01
4.269965387997708417e-01
4.574350421625976715e-01
4.004087209674039860e-01
4.022850753379761390e-01
4.353239401061516078e-01
4.883240093251264846e-01
4.104952881341091264e-01
1.714286216081332137e-01
2.515264140421862860e-01
3.952094393677142437e-01
2.134705395924061111e-01
2.819911769089657461e-01
1.007717568271994379e-01
4.684156791384947449e-01
4.230382959712667423e-01
4.074746341729111321e-01
3.826201298184351285e-01
5.027387439279370485e-01
3.742412370171229741e-01
2.000063162100894354e-01
2.957187191208392463e-01
4.152024375320729210e-01
4.443559266928330254e-01
3.069760285494634866e-01
3.728396388306812193e-01
3.603113451409217238e-01
4.431314452409791382e-01
4.379147861040418865e-01
3.188058189226917749e-01
4.519986556581161996e-01
4.138277496288924051e-01
3.446008183000304204e-01
4.069598829933320228e-01
3.835524774318506136e-01
4.127495818918953119e-01
4.030840658415381639e-01
4.370271191230300500e-01
3.219189509601803612e-01
4.242417673055308702e-01
1.526442947886771373e-01
3.389265158218726648e-01
3.925798595455172735e-01
4.357117573767301244e-01
4.285662496736542537e-01
3.264291530204482261e-01
3.848278078303434269e-01
4.389121349084896262e-01
4.013061794450087372e-01
3.712392757093679885e-01
1.604277173495992082e-01
2.821506716186724661e-01
4.224391107262684963e-01
4.135330983961156837e-01
4.397981358944713093e-01
3.996502457767325267e-01
4.777656764264492373e-01
4.635532000391458518e-01
5.555790287178811182e-01
3.918044767790624383e-01
4.509364725442861488e-01
3.755847764727760496e-01
4.189838084040681809e-01
4.731526800828687040e-01
4.463484702753787725e-01
4.148532523054213605e-01
4.273534281953857428e-01
2.923807263831419978e-01
4.289417614764083897e-01
4.056843653405163841e-01
4.610305799235051571e-01
3.426638388383423384e-01
4.549296849619872130e-01
3.870505558319896067e-01
4.481004512624362501e-01
4.655594113201105833e-01
4.095459549395641941e-01
4.238774457431049858e-01
4.865122857031770054e-01
4.566601022839430479e-01
4.346173512087457280e-01
3.810084006180137206e-01
4.979837186865642695e-01
4.559147192118176428e-01
3.653629650269865081e-01
3.109434768593979936e-01
3.381810506781650072e-01
4.536754666274327441e-01
3.999796816886929118e-01
4.670124633732399833e-01
4.899856529224991264e-01
4.346730639131907714e-01
4.159754291649703228e-01
3.241393710623901581e-01
4.674328172545688664e-01
4.380063694424157772e-01
4.895058568513372399e-01
3.032556411367619553e-01
4.864256421570755662e-01
4.153895743282535746e-01
4.359617989495205292e-01
3.612439636776921814e-01
4.196667485285758281e-01
4.396192614204005866e-01
3.960445761171792478e-01
4.447346583322164260e-01
3.931202032003553448e-01
2.934146966644670118e-01
2.970582832705337406e-01
4.324601969690628489e-01
2.109599093393161318e-01
4.167626537238544593e-01
3.917312960636159525e-01
4.377131162272608345e-01
1.042122727588855879e-01
4.209885492842588839e-01
3.909838343979701869e-01
5.358386914255075517e-01
4.660804252916765922e-01
3.942934805737844939e-01
4.547878573013910963e-01
3.639004295983812587e-01
3.445452516066560555e-01
3.239817062419248495e-01
2.118243771725266678e-01
2.551699906486315506e-01
4.423834075805383459e-01
3.933952253628520968e-01
4.828800932923740796e-01
4.053304945858268726e-01
4.299723384421935135e-01
3.008999288942088568e-01
2.419320110676974334e-01
3.426764357889094392e-01
5.065033615129145295e-01
2.710785061570969989e-01
4.246195287741681978e-01
1.685426157193340435e-01
4.826441681147116136e-01
3.721755099806452471e-01
3.298697167304088240e-01
4.446535859652766542e-01
3.970972103808333431e-01
4.661522391916397279e-01
4.181810549724008230e-01
3.882270283749318374e-01
2.118125372887388058e-01
4.174805853039512682e-01
5.645511139204927309e-01
1.671313981822728778e-01
2.972060522000173899e-01
1.882956434649595001e-01
3.053818474607459255e-01
3.781394843987277432e-01
5.296972043282808240e-01
5.020896440992725918e-01
4.507842873919235549e-01
4.570782052131304174e-01
3.483187278604653603e-01
5.017909760683320064e-01
1.980299685549531397e-01
4.025894216602066700e-01
1.704629597111215755e-01
3.494589311746078564e-01
3.393077635900821343e-01
2.352919348554749490e-01
2.798951230536113610e-01
5.942385529324655247e-01
4.130855778874941708e-01
2.037415466916576989e-01
4.110396417201512276e-01
3.959982630154473826e-01
1.254062768943955686e-01
4.331457628033109630e-01
5.598756333860422929e-01
4.491504426385768411e-01
4.005973671047934337e-01
4.575674783114606625e-01
4.213097727269940473e-01
4.270765307096827113e-01
5.006440063713059052e-01
2.017534913209672598e-01
3.926173810298212996e-01
3.022537864707120492e-01
4.019026003548083481e-01
4.753768919917587543e-01
4.088483241678062541e-01
4.631062495711878446e-01
3.836314788398357267e-01
1.918160357974442176e-01
3.986608248879655592e-01
2.664526255709193658e-01
4.478424426053231877e-01
3.201038772160768042e-01
3.006125451664261039e-01
4.139964635746955501e-01
5.742525096915717109e-01
4.244815913397634866e-01
4.116689252034666513e-01
1.749517804230381890e-01
4.888293623749656591e-01
3.960710332899982644e-01
4.061195643030839908e-01
4.537300648927337088e-01
1.168518997240932250e-01
4.060032538508863142e-01
3.886710232701166556e-01
3.628483706656468466e-01
5.233958840071898377e-01
3.737919135269552329e-01
4.244565239898556719e-01
4.260902586643815493e-01
3.675312740726542904e-01
5.116037790332229607e-01
4.037837998531864647e-01
4.419453400128600107e-01
3.980779756636216860e-01
4.800904899423129035e-01
4.063470567708950543e-01
2.594776838597256385e-01
4.330286872348462213e-01
4.588294263119386818e-01
4.117459740712512972e-01
2.735339805985628758e-01
4.930446380883890534e-01
3.055990950051437616e-01
4.512144102810701218e-01
4.489362061005385818e-01
4.276398255704623730e-01
3.895320561347996313e-01
3.347667321988384015e-01
4.103477064174561595e-01
2.181984403262612338e-01
2.520886789834441699e-01
3.940366449843017982e-01
4.413584370000511181e-01
4.390950237119380373e-01
4.979027692195368004e-01
1.890775426652527014e-01
4.697513241834228581e-01
4.111029244700057372e-01
4.217225610855638851e-01
3.202595391662965141e-01
1.908395147264109748e-01
4.139963895526011517e-01
4.808473594883668767e-01
3.987788713740360591e-01
4.083691090290118564e-01
4.468538308145610372e-01
5.704404687564308407e-01
3.273051220210145829e-01
4.165793213272384055e-01
2.835501609689626279e-01
2.901976778124060186e-01
2.730480434787311839e-01
5.803659674140795310e-01
4.752733339199295415e-01
3.500263117935967783e-01
4.817796510458128845e-01
1.388750781376637822e-01
3.219827614079028288e-01
4.779239036737583657e-01
4.283485934310334864e-01
1.488557205171452125e-01
4.690825674224626263e-01
2.501505230517648837e-01
3.566360077657282357e-01
4.869039519774409075e-01
3.626191036591963068e-01
2.250805162528108083e-01
4.439905821815758880e-01
3.604087186958094269e-01
1.899376297773524847e-01
4.205495118777721197e-01
2.737078314712927396e-01
3.692066208650275905e-01
3.026806365117504782e-01
3.910298892522158232e-01
4.743399720710458900e-01
4.109321577388339031e-01
4.127110193681584605e-01
4.320086111578892996e-01
4.810659666493503628e-01
3.395345752122952421e-01
4.499627688199304143e-01
4.043170920321979001e-01
3.305260867610605446e-01
3.882615723785782236e-01
2.341230364449243817e-01
3.997469222003317002e-01
3.290743896566437066e-01
3.463710029133983404e-01
4.562026995975136945e-01
4.017570737470875231e-01
4.247627552199919054e-01
4.912866979907957732e-01
4.595616521227555706e-01
3.313253434578660728e-01
3.540591032733202415e-01
4.275855384137172699e-01
4.897803267940726846e-01
5.737920218107195325e-01
4.500542850239160342e-01
2.426773200347440151e-01
2.383225460538802853e-01
3.531745297851722754e-01
4.552499448727291842e-01
4.775041428405208399e-01
2.920279853782203894e-01
4.517142943055572624e-01
4.003166456144587326e-01
3.347602192503452700e-01
3.807861983234033798e-01
2.836949478536460734e-01
4.718123444271074551e-01
4.124613945430788409e-01
3.868339516657283150e-01
4.218501859642605489e-01
3.285306351350628096e-01
3.837611849675539588e-01
4.049291646317086379e-01
4.230863697947336854e-01
4.599239689477865878e-01
4.239529323463729349e-01
4.330075549642038446e-01
4.122522222116908885e-01
3.716433429042746983e-01
1.731239978238896249e-01
3.328304043307434568e-01
4.290897945037792094e-01
5.118737197283119711e-01
4.836695019179647059e-01
4.531706029574098515e-01
4.312335140237762432e-01
4.204700231023426604e-01
4.808019337804313453e-01
3.936690703499902133e-01
2.869714138953506910e-01
4.250207418862360642e-01
4.155823145845317090e-01
2.424797764748029827e-01
4.088783112485052662e-01
2.360197659830539918e-01
2.629694011520971042e-01
3.123398537963786303e-01
3.921407945882061652e-01
4.418158981075056557e-01
4.433224652304225133e-01
3.406130623562892978e-01
4.015179979003021815e-01
3.586793341978297689e-01
4.228316386899075296e-01
3.792897157980182343e-01
2.493226379002196069e-01
3.500059098894995335e-01
4.408215887108320463e-01
4.426781527724141796e-01
3.351907923506662335e-01
3.966442218011805299e-01
4.380732642547169320e-01
4.639398717099340042e-01
4.414703873683237245e-01
4.075513563725628452e-01
1.232736343824983594e-01
3.022896625971715490e-01
3.906993542117350171e-01
2.098412768839863773e-01
4.149099619430849373e-01
3.262642387648443942e-01
3.280743750609850795e-01
4.047444019572811191e-01
3.339542421232735703e-01
3.461326687812762981e-01
4.269856588796465124e-01
4.519202891638576802e-01
3.469320010146417221e-01
1.948255089111119442e-01
3.918290872168046501e-01
1.776286606747400354e-01
4.426560175936757324e-01
3.002584306035377959e-01
2.244968405659742150e-01
4.538500897271564027e-01
1.726791317428011951e-01
3.706072237831255500e-01
3.864052521874332125e-01
3.345767342661439270e-01
4.195050485911379079e-01
4.252327829057191422e-01
3.972930294832268672e-01
2.429798293310737878e-01
4.527096977894483065e-01
4.260309438971113249e-01
4.507018432511819550e-01
4.014785922134599394e-01
3.839236446272722980e-01
3.566377944615838902e-01
4.057061616109213231e-01
3.994923251360750216e-01
2.373405279346967878e-01
4.172527642178736063e-01
5.060746160405098504e-01
3.352325041120448601e-01
3.608369167615487205e-01
4.480403717938210018e-01
4.424419877698046455e-01
4.208545586714137476e-01
3.304481530097579389e-01
4.593836445868239582e-01
4.252568867236338201e-01
3.960445761171792478e-01
4.504629462358017977e-01
3.849969501416748430e-01
4.035845971859213233e-01
3.175145978393848489e-01
4.362187063205185122e-01
4.081698330865120572e-01
3.775662515738701930e-01
3.568030903624927475e-01
4.068996760191696538e-01
4.678690613228054240e-01
4.140794522176483028e-01
2.280055506020670919e-01
1.250327011023845691e-01
3.300556494642817862e-01
3.986412065434206675e-01
4.181656038560104816e-01
3.224446583225572538e-01
3.827351644683019694e-01
3.651447792815868398e-01
2.656185539886045666e-01
3.169978723361974726e-01
3.580708389940280845e-01
2.945499919901124475e-01
3.930413228666255199e-01
1.718339418417096087e-01
5.755476899611153829e-01
5.639876071590201878e-01
3.899605932126029018e-01
4.859043924267986148e-01
4.888509410602456251e-01
3.815455053498081339e-01
4.740943604550544865e-01
3.957717252832819166e-01
4.346726038476175780e-01
4.076839290722737430e-01
4.154432898053930234e-01
4.479706189154292750e-01
4.637450177162374954e-01
1.847867046667787949e-01
4.006426732321931028e-01
4.124692606353736468e-01
4.225450726075238306e-01
4.490121635573530723e-01
2.607668460998018856e-01
4.676235678766149095e-01
4.247100471735989480e-01
5.478224504728003152e-01
4.330959246067949131e-01
4.118281618316559367e-01
3.610973498912061763e-01
1.448053471666223002e-01
4.456659597611655754e-01
3.881860536603433665e-01
4.642182744498635771e-01
4.677370891397829578e-01
5.063532533358763299e-01
3.658282748000095119e-01
3.835164900388558507e-01
3.499152660176397256e-01
4.422779482528744754e-01
3.532158365203881822e-01
4.008992806975306689e-01
4.162221496186581660e-01
3.523296356457071288e-01
4.908227550540021911e-01
4.277049603663959365e-01
3.586256677644771296e-01
4.518464754433260677e-01
3.947103449606414460e-01
4.674374800656244111e-01
4.344862660875818960e-01
3.912345620858685979e-01
3.967801460545266057e-01
4.502217844098834743e-01
3.537371411863450277e-01
4.314312343405122263e-01
3.403860902837180236e-01
4.495944432596860052e-01
3.541972677530727531e-01
4.698097668675205174e-01
4.682161024604903909e-01
3.469692310162030280e-01
3.817588089771007387e-01
4.954754077388376365e-01
4.616115880557121187e-01
4.071177855226419395e-01
4.180745146898025566e-01
1.683332421507500176e-01
3.783319804526311669e-01
4.583876446109885205e-01
4.004094299862093753e-01
4.360811126905275725e-01
5.539881149121296255e-01
3.639981244896535184e-01
4.261831287590284734e-01
4.876503477913150530e-01
1.821768562605728670e-01
4.092363497707479647e-01
4.517671846272084402e-01
1.987224995819868445e-01
4.122183227479627732e-01
2.035448043462024237e-01
5.500212956862668978e-01
4.567235162321509612e-01
2.937493218820769192e-01
3.942357011840819103e-01
4.191249916077304793e-01
4.684269794576439438e-01
2.492154191111464190e-01
4.166787994290209740e-01
4.566278488989864992e-01
4.204574148658957178e-01
4.129322982122459740e-01
3.249458099977076686e-01
4.611835804391955507e-01
3.643749006013976000e-01
4.323601240765162501e-01
4.323534140400475678e-01
3.946426520042777275e-01
4.418264744706554281e-01
-3.392379677750376188e-02
4.591194238826911689e-01
3.042532908426830995e-01
4.288073079350279149e-01
3.961084076429420842e-01
3.481688261071488877e-01
2.882600938922700307e-01
3.481045250140978875e-01
5.767107579699511932e-01
2.751004933362404259e-01
4.373447180556570002e-01
4.735868399146448970e-01
4.447800230881022721e-01
4.206805291591801388e-01
4.526263703211464429e-01
3.216455907264776926e-01
1.736046088434572143e-01
4.610562082480296198e-01
3.377768239042364118e-01
3.413763874878624760e-01
2.905511815270467868e-01
4.585154850831842932e-01
5.368485917258114526e-01
3.783652992536911674e-01
4.464655384789770753e-01
4.852142195470190433e-01
4.186172221970730356e-01
4.872520444031334108e-01
4.117259052043404921e-01
3.886570174102239039e-01
5.212507774027671514e-01
3.145993197235334993e-01
4.064543249097600230e-01
2.410036646306305819e-01
3.228820310410183136e-01
4.182931230955522217e-01
2.484522719811343150e-01
3.463911588309560585e-01
4.043020216482840490e-01
4.658813083473077876e-01
4.046222395274219341e-01
4.366821872830974893e-01
4.078011316898713656e-01
3.642534726665579425e-01
4.484353936879562075e-01
3.598861641186579252e-01
3.875907095562576288e-01
2.286909060449013320e-01
3.840106081820076622e-01
3.407353378939003141e-01
2.445771842467513169e-01
1.780359424367659316e-01
2.539430033995107583e-01
4.144456646628574825e-01
3.410176540126719780e-01
1.699490554548790111e-01
4.424419877698046455e-01
4.191038488810523432e-01
4.071607173415734970e-01
4.752794555969259704e-01
3.594955692768672662e-01
3.424164268963058588e-01
2.989349003697503449e-01
4.098484721401590702e-01
5.620321169872096734e-01
2.881616668295417516e-01
5.296551450074439282e-01
4.231134037092073585e-01
9.245372354796357883e-02
4.087078099014790356e-01
2.188279646044040405e-01
4.206466296954520234e-01
4.059864173097585405e-01
4.022815565914994451e-01
3.577257209993160991e-01
4.213543287997971731e-01
4.607235618351862017e-01
4.501109916741408701e-01
4.163170965641528887e-01
2.547799308073369629e-01
4.352106456393781686e-01
2.422213569048205506e-01
4.278181587372217320e-01
4.406092255251203293e-01
3.488741834329149305e-01
4.036907681878917908e-01
3.151264773629647853e-01
3.748922020863877380e-01
4.052883223232068843e-01
3.591223971780819202e-01
2.534884796912434957e-01
2.475715615832754790e-01
4.133434672130245069e-01
4.384408000938164740e-01
3.838098090191563450e-01
4.097750344842308046e-01
2.161560886446079188e-01
4.367134460169068144e-01
2.142486322977783242e-01
4.899297652454239760e-01
4.487172425215109062e-01
4.235804912572618819e-01
4.231558337214071375e-01
4.330089118837961992e-01
4.685524857443342239e-01
3.058213293317366688e-01
4.943539899584398767e-01
4.140905963186442551e-01
4.828800932923740796e-01
2.934667737388928499e-01
2.980404408657655879e-01
4.219287406671626273e-01
2.079590255841346491e-01
4.278744601330766728e-01
3.765097281628219661e-01
3.960984183115138779e-01
4.398753005255089388e-01
3.951244887243381965e-01
4.891964517994275563e-01
3.040514174051424656e-01
2.979517055523685509e-01
4.193000590889736645e-01
3.955036378375459405e-01
3.825075938499220563e-01
4.538375432311110846e-01
4.227431597983397071e-01
4.134916037634477903e-01
4.092739424971686413e-01
3.892540941458216275e-01
4.832308201204241205e-01
2.940301522894507302e-01
4.253013465345204525e-01
4.239419203150666671e-01
4.843827676165827767e-01
4.788672895830460852e-01
3.289489505043417528e-01
4.610983095589784031e-01
3.812184132495449185e-01
3.993154286161805788e-01
3.813781251502006420e-01
4.296657556071089568e-01
4.215932726183849732e-01
4.004061560022521560e-01
4.143122375971457494e-01
2.698286411017459807e-01
4.007429006832047835e-01
4.810151395276114905e-01
9.604789483051186239e-02
3.334330577224740022e-01
3.293962933225937362e-01
4.374391154783837665e-01
3.098309977240578106e-01
2.023928146991496313e-01
4.916694562827418902e-01
2.909042012766040464e-01
4.022076618366906553e-01
3.415738381052634831e-01
2.804994681966585524e-01
4.047275306041930309e-01
4.291307498829999845e-01
3.625657915692775402e-01
4.145632036162718026e-01
3.643614839723133270e-01
4.172527642178736063e-01
3.969487881980683364e-01
4.909685501577839561e-01
4.378507704773638154e-01
1.066343382626617903e-01
4.119648340857343660e-01
3.960251421639950364e-01
3.102580966612767388e-01
3.600474952733744849e-01
1.234422193705272119e-01
4.730400091609576196e-01
2.280889558838135878e-01
4.209846339967753814e-01
4.171911927725375224e-01
3.959303024551050765e-01
4.152016039329208263e-01
3.767829690234498208e-01
5.212682410778330944e-01
4.377287937251236882e-01
3.632386594609306463e-01
2.688950734515236918e-01
3.468026264096444877e-01
4.099938769890031920e-01
2.370599199670359869e-01
4.332141584716648897e-01
3.806577168796189681e-01
3.944960544827362248e-01
5.580218418128771729e-01
2.684454999293263144e-01
4.010059063295953741e-01
3.766591324660881757e-01
3.750209529805538233e-01
4.390129884353881629e-01
3.008608053128709603e-01
2.403292547485895714e-01
4.511222566323333516e-01
2.971978352496339459e-01
4.171403691361438293e-01
5.693445921461801618e-01
4.809787149727409172e-01
3.438307744186254733e-01
4.511222566323333516e-01
4.662967757745942188e-01
1.918195641026877729e-01
3.574853330030280385e-01
2.337669011286499787e-01
3.996143282981038380e-01
9.303953252023380860e-02
2.026274444642277017e-01
4.428802395836209382e-01
2.269736951940095615e-01
4.273498978725837061e-01
3.399229611750406166e-01
3.399233653921053255e-01
3.995076509252590280e-01
4.669590771782424210e-01
5.582495766781520041e-01
3.153626725926459429e-01
4.110955422598100428e-01
3.149518196587418606e-01
4.447634724697617226e-01
3.574285236181026781e-01
3.915398840558162452e-01
2.630316721560157500e-01
3.202689838295447178e-01
4.475498373324473533e-01
3.947247723398486507e-01
3.288658523219668006e-01
4.627247230998348670e-01
4.387105716666763744e-01
4.024212398934296497e-01
5.746349406515095515e-01
5.169724947381784119e-01
3.951860134287049076e-01
4.084568626368297317e-01
3.221101541999487616e-01
4.127116506305710253e-01
4.491795570552123973e-01
3.117970202357882581e-01
2.646328287275858671e-01
2.820418824585429474e-01
3.723409305241390244e-01
2.214492778307938781e-01
2.271974915620985636e-01
4.203070252887206593e-01
3.837926481749513452e-01
4.892865271450893561e-01
4.088240669947005856e-01
3.004191310144943561e-01
3.058088108844221331e-01
4.242211555131126799e-01
2.654177564439493264e-01
1.600003028797180038e-01
3.153993467853701271e-01
4.138909381499485396e-01
4.418158981075056557e-01
4.220489581084027053e-01
5.420653861273382335e-01
1.628583186817301742e-01
1.397879319661348985e-01
4.235159141165684704e-01
4.457291128893705046e-01
3.310320755544704507e-01
4.162379211378584021e-01
4.501723723383166398e-01
3.991012844812836802e-01
4.272542518664128042e-01
2.551974486134441777e-01
3.382802659268265844e-01
2.610975736641155676e-01
3.459551530109627460e-01
4.302781214735272863e-01
2.554619284778917310e-01
4.027665893109170780e-01
2.497571118279904856e-01
3.846735301015871689e-01
9.404428948306521596e-02
3.950708201126447161e-01
4.461863828837270840e-01
4.044942232527520276e-01
4.586416744145593860e-01
4.539477441220362564e-01
4.227203502882794783e-01
2.961492950218840847e-01
5.032689807869135112e-01
3.295396940771722627e-01
3.894521358611803818e-01
3.776433864964887643e-01
4.475387605733007201e-01
4.908227550540021911e-01
2.466705459789040045e-01
4.247768580886608358e-01
4.376010176903228910e-01
2.670667883817680055e-01
5.771739932156899622e-01
4.811243752683474484e-01
5.115020154785300255e-01
3.753979897878242933e-01
4.576280726153602041e-01
3.940371709394970834e-01
2.239765014236363982e-01
3.642143081739055432e-01
3.886816698380779478e-01
3.106612940965743919e-01
4.003412957187493237e-01
3.851818644078746634e-01
4.472047323870339541e-01
4.907530433358782140e-01
3.593729840829275046e-01
2.163515166829657610e-01
1.388136541296929594e-01
3.866461292108538395e-01
2.354418221539443523e-01
1.636389597813046604e-01
4.771384328244265838e-01
4.023278259189546069e-01
3.529676468277080370e-01
3.719437648314826150e-01
3.937489350862925508e-01
4.372923060146571839e-01
4.212219727308905148e-01
4.483052862476276101e-01
3.979820553109889025e-01
2.072970493134077830e-01
4.088825179772392904e-01
4.566601022839430479e-01
1.167206214307807688e-01
4.173327434311705497e-01
1.335669531682782130e-01
4.043728768086037317e-01
1.299705520531209135e-01
3.730672387996099015e-01
3.526493275903958557e-01
4.377982735433118555e-01
3.558742839428370996e-01
5.023366384015159891e-01
3.992673548756980884e-01
3.253692315637486954e-01
2.454449469759906188e-01
3.705871069927175188e-01
3.897151152844972044e-01
2.933596520675128549e-01
3.377219962233454220e-01
5.687770131529573669e-01
5.786314039420095146e-01
4.730985925036314543e-01
3.674657290017939171e-01
4.623901683774819249e-01
4.257015193125229802e-01
3.280743750609850795e-01
3.449805468518862273e-01
4.648738744889140406e-01
4.213339426834840085e-01
1.909064138539014743e-01
4.715863095389789539e-01
4.144689582209855616e-01
3.512923830197455244e-01
3.477447368070467615e-01
4.180082664090455369e-01
4.214659276461057980e-01
4.187382923031335302e-01
4.232338021394472793e-01
2.815439895412611970e-01
3.794473678596304023e-01
5.076986080547684077e-01
3.253679107008828342e-01
4.664550822305233990e-01
4.395214189413538253e-01
3.729591040545435221e-01
3.753273791410708937e-01
5.782595687220812852e-01
3.335187320521500465e-01
5.512471924372460697e-01
4.100485649604521665e-01
1.731963384310943044e-01
3.292819567375901424e-01
2.519298333777983401e-01
4.190861843629662964e-01
4.034257997942181651e-01
4.435541335567668164e-01
3.007511282195464153e-01
4.841730728153447738e-01
4.796584721663852413e-01
5.138142975600189510e-01
4.210553437684074196e-01
4.235159141165684704e-01
5.730456229264222490e-01
3.365892293548976011e-01
4.256172753228966710e-01
4.736297054290322661e-01
4.402262256655545269e-01
5.660784750281014910e-01
4.486123612632523239e-01
3.371754791974094778e-01
3.014556838744124057e-01
4.385294259922679072e-01
4.340956679471609236e-01
3.066006664713324392e-01
4.935434788951025831e-01
4.225233043858497295e-01
3.324940841357979515e-01
4.060543157355232524e-01
2.442645258480700687e-01
4.388965341712067203e-01
5.616687858852182913e-01
4.112875593899328885e-01
4.502594265535207474e-01
3.872752719526086351e-01
4.112869103688564509e-01
2.924124306187603772e-01
3.786447436969289093e-01
4.587011278487799770e-01
3.687254649698190057e-01
4.289440324692851414e-01
2.181805907114470200e-01
4.566601022839430479e-01
3.128861405042690502e-01
4.165528913733060890e-01
4.437595696810296975e-01
3.542094912737915324e-01
4.655969137180001050e-01
4.346469302136048429e-01
3.847539425764927024e-01
4.002950340673521179e-01
4.400424808779092589e-01
2.234295435378318428e-01
2.992652811422115144e-01
4.212058480300381325e-01
3.884029944113746580e-01
4.547402342077511150e-01
3.700596227681376971e-01
4.129422371721368501e-01
4.836695019179647059e-01
4.204457728999274613e-01
4.081485220467028219e-01
3.265088635302231812e-01
4.069793461155365999e-01
4.555668177747464465e-01
4.006234135047792577e-01
3.108560763502478119e-01
4.067017902315187006e-01
3.716417137750689936e-01
4.604777773211750080e-01
5.469552329044609085e-01
4.570342078743648839e-01
3.929302682735747454e-01
4.495944432596860052e-01
2.390625972323923987e-01
3.626707997107002091e-01
4.980396063636394199e-01
4.186500495851986914e-01
4.145810785413313049e-01
4.930467096697267460e-01
2.977902352327951863e-01
4.261143373380197330e-01
4.553664885941054452e-01
1.543692873367179808e-01
4.242641528482365421e-01
4.127811027734581417e-01
2.012449706524393200e-01
1.424897500031467590e-01
4.228130062001623224e-01
4.313212185048230229e-01
4.033835030549820511e-01
4.216279308915649726e-01
5.392652309152745627e-01
2.902943406265617865e-01
4.461303884886996807e-01
3.126687406004931002e-01
2.460051506674699184e-01
2.741744673922513198e-01
3.078539832632485318e-01
3.412096898142872869e-01
5.288851275980659405e-01
4.574494295848111070e-01
4.240727397616395056e-01
4.991354267104596287e-01
4.785761478232381516e-01
2.860129840119378652e-01
4.554939384586798590e-01
4.183681786777907474e-01
3.799420442181671853e-01
3.757463379714707785e-01
3.756410354843431887e-01
4.376478028903674766e-01
3.724056513108474076e-01
2.180316694345031114e-01
3.752879618779033644e-01
2.153445341352898668e-01
4.000136989072999305e-01
5.519086199528108194e-01
3.663282621193419408e-01
2.808017401886927500e-01
3.067129492336622132e-01
2.096029785440779725e-01
3.211061004833196675e-01
4.284569836851005453e-01
4.505230149164436426e-01
2.707877633033515807e-01
3.020399896618797819e-01
4.655594113201105833e-01
3.322702924200224284e-01
4.296506483781167285e-01
1.984719062406628820e-01
1.850922581528594013e-01
3.658357882915430626e-01
4.516583574187265637e-01
3.167250631604743294e-01
4.484869659267192166e-01
3.921331822622394214e-01
4.333977314400876968e-01
2.994085416946280498e-01
3.897000449835677505e-01
4.673905013459339064e-01
4.108927559937511909e-01
3.744651222355833142e-01
3.207242486300921902e-01
3.508003609798248101e-01
5.210990784560670663e-01
4.927754187352904047e-01
4.750222915551455816e-01
4.368097932413484985e-01
2.415418931373153333e-01
4.413011214932046622e-01
4.889936274435242036e-01
4.637450177162374954e-01
4.644872878356546830e-01
3.522228445634735250e-01
4.202789904992689229e-01
3.636966613362977996e-01
4.285433378438155971e-01
4.828800932923740796e-01
5.666318817569419020e-01
3.888850335096667998e-01
2.071917427341114781e-01
4.172109245567718894e-01
2.301412942984457088e-01
3.228332716210958742e-01
5.521024080324973271e-01
5.244939401200043871e-01
4.088911602227278119e-01
4.854083756833133534e-01
4.231980731184153965e-01
4.587660205791874168e-01
4.050889336878772951e-01
4.814784282568029261e-01
3.637036261971458018e-01
3.185294858139662288e-01
4.527096977894483065e-01
3.568121678612156122e-01
2.937880835683995828e-01
4.069762242420043030e-01
2.791017349935878133e-01
3.794431439531233408e-01
4.368001845594123855e-01
3.028100921095326359e-01
4.413935433060647839e-01
2.464793644188129351e-01
4.717016446339048485e-01
1.972276996692601259e-01
3.191801214351203120e-01
4.671181236061622277e-01
4.195021080385430423e-01
2.817268967257565704e-01
3.456994354704460704e-01
3.470542733158607507e-01
4.758406035680152191e-01
2.694329327605650137e-01
4.614863676503169199e-01
2.830186351131339650e-01
4.623930512144190930e-01
3.866295806256312972e-01
4.554836199280942188e-01
4.303359528114709676e-01
3.292216679822910219e-01
4.432269853590419251e-01
2.809613987096262755e-01
4.284884104623415957e-01
2.472025394518872488e-01
5.788566847507975455e-01
3.634020301650023876e-01
2.221866543595092669e-01
3.942907524612811465e-01
3.791693120567760644e-01
4.406465084292434664e-01
4.713256889890298229e-01
4.360980068228363926e-01
3.835524774318506136e-01
4.314770453865590660e-01
3.950218604720852622e-01
4.403662104913411701e-01
4.122320921022849527e-01
5.666992238137248394e-01
2.567853736526581887e-01
4.956364392368469707e-01
4.888293623749656591e-01
3.921612861777053483e-01
3.386517780054593141e-01
4.094525139121712454e-01
1.911469969880314201e-01
3.913508713762844926e-01
4.119576459760753706e-01
3.329115338739422336e-01
3.883442187108366861e-01
3.994151436384558718e-01
1.309555624449332545e-01
5.496373271496745039e-01
3.708051648383940968e-01
4.601956725222053346e-01
4.502594265535207474e-01
4.604369399872785262e-01
5.336789145672535817e-01
3.985329027591096307e-01
9.342775632625405224e-02
4.060543157355232524e-01
3.774003798026429046e-01
4.330263879027931861e-01
2.041774165831861942e-01
4.526263703211464429e-01
4.606261090924245183e-01
3.341346996494559130e-01
3.655534584803436515e-01
2.261740172475889266e-01
4.397817294615443684e-01
2.765648804789870852e-01
4.347844466680938491e-01
5.406793182192282110e-01
1.436043799284446865e-01
3.599179597616047332e-01
2.412212913308010853e-01
4.011979899302312580e-01
1.592326243859570056e-01
4.043797445984371741e-01
2.325935238004981087e-01
4.188826128154285455e-01
1.878197950037091279e-01
3.936611240117702248e-01
3.070379500022979991e-01
4.230525425274428986e-01
4.036025367558367938e-01
4.785266551738084906e-01
2.474978720904067175e-01
2.921175852232086312e-01
4.008057005467731693e-01
4.442070062716658718e-01
4.399922603307206970e-01
4.086268517210884799e-01
4.382303457777591005e-01
4.412875197673922223e-01
3.544218882963967032e-01
5.130452018792373003e-01
4.272970641048084994e-01
4.143147159265727075e-01
3.711239952596765423e-01
4.015908427778383527e-01
3.323348070734545301e-01
2.970639624746521101e-01
4.196953412222210189e-01
4.716967191771893608e-01
4.058132736976018395e-01
3.918279108297978985e-01
3.687463705063050989e-01
5.034066061376955004e-01
4.760445078000556385e-01
3.587542433955677179e-01
4.079450207662148609e-01
2.320046055372068372e-01
4.777656764264492373e-01
3.456469750495347881e-01
4.357996201090481581e-01
1.763503596832956821e-01
4.532841980352112499e-01
3.957679142242183090e-01
4.031436867382995892e-01
4.486366541196546431e-01
3.006970958249423620e-01
1.701235420452470171e-01
1.939034254734930407e-01
4.864344369279110514e-01
3.437015779811580796e-01
4.907208637655550154e-01
4.247200588278336464e-01
2.676657678669198126e-01
1.848072918543191834e-01
1.519358849799057609e-01
5.029908923919318431e-01
4.093054208907132008e-01
5.666992238137248394e-01
4.145882183540632315e-01
2.731777596423765608e-01
2.074445447003409604e-01
5.646210643017820496e-01
4.711395582750989020e-01
1.729922005720049838e-01
3.924318696285478136e-01
2.243100474964093427e-01
2.502864303555450420e-01
3.825044416870797548e-01
3.416664199120674761e-01
4.114100934239833807e-01
1.664538943665133386e-01
4.730940334230894218e-01
4.379840842278626689e-01
2.352615013186461213e-01
1.590716922202873029e-01
4.174483482669236190e-01
2.474697675733038282e-01
3.774953560208885728e-01
4.399843834504524875e-01
5.696355423364758419e-01
2.479037120812802586e-01
4.709495673130949522e-01
4.078608846978147295e-01
4.924148181108580768e-01
5.057573789614059345e-01
3.933395693782517633e-01
4.433874970427023610e-01
4.092588019914276676e-01
3.377079891653652077e-01
3.961865632738128529e-01
4.439905821815758880e-01
2.711039919973882162e-01
4.062846755636789209e-01
3.401242239303025050e-01
4.005362368045848886e-01
4.132405212342089573e-01
2.878847121675797149e-01
4.128077834647875255e-01
4.167689482573784798e-01
4.209215632720903488e-01
4.264570881816689973e-01
1.809323770594481740e-01
4.508745702401044664e-01
3.530891872064242931e-01
3.831186784992767214e-01
3.873824885581544919e-01
4.119493223907241264e-01
2.582652563914393795e-01
5.736015739158039084e-01
9.147564803888082186e-02
4.188366051793126488e-01
4.006696807161320151e-01
3.989662749028590194e-01
5.388598756778363308e-01
2.749714310845652321e-01
4.519947567185616522e-01
4.224925987431380481e-01
1.145944956846595975e-01
4.001577538694805480e-01
1.230133940256270958e-01
4.094411549437897979e-01
3.879739886583655761e-01
1.332706645234142673e-01
4.675617803398732786e-01
3.990034610056670261e-01
4.909693694213790871e-01
3.997177130154990210e-01
4.093000505960638358e-01
3.855531623659815832e-01
4.220436051160030289e-01
4.109320677007482492e-01
3.713022215425148542e-01
3.429003872289295152e-01
4.239419203150666671e-01
4.000393146389400467e-01
4.062351164437362216e-01
1.877443060768777261e-01
4.475498373324473533e-01
3.557369779783060015e-01
5.015506036731131045e-01
4.857476614299074957e-01
3.390304887327711958e-01
2.536473621419677027e-01
5.490797873407645691e-01
4.268014061029308803e-01
4.111414932175733727e-01
3.967289611662468407e-01
4.212614980397608733e-01
3.389811982333660878e-01
4.531381071334973365e-01
4.857437131976128919e-01
2.193900124584433897e-01
4.326197688542715580e-01
4.452584229880454658e-01
4.260497519818696732e-01
3.358650829892955159e-01
5.705863597486992012e-01
4.517671846272084402e-01
6.441356013468861608e-02
4.100663199730381070e-01
4.542222167202727978e-01
3.928255437728680466e-01
3.958745320142562640e-01
4.350666997187133123e-01
3.275267105836691117e-01
3.986009505568136602e-01
2.096712131967424231e-01
4.316812192764422074e-01
3.604424845546362888e-01
5.800415613532233783e-01
3.929520714316858121e-01
4.927177561876381895e-01
3.192777723861470740e-01
1.822959394449542303e-01
3.948801463549091451e-01
4.076584072167482309e-01
3.719737103162457648e-01
1.294484531900475244e-01
2.776419739724140245e-01
4.014162396773576780e-01
4.228078328690119125e-01
2.143261657115373420e-01
4.152811576021595008e-01
3.981741070041188157e-01
4.028444730848582678e-01
4.558361403604520579e-01
4.263410226994518992e-01
5.490521764356829371e-01
3.163990471190652465e-01
4.148968500742491461e-01
4.572164072225826659e-01
4.402227779122411810e-01
3.643277776962934311e-01
4.456935095067365293e-01
2.850443180222053674e-01
4.053697916875676488e-01
5.809236962614771072e-01
4.450766680835855360e-01
4.166274071419526770e-01
4.587778202155360363e-01
4.370167183548933632e-01
1.488521103633400344e-01
4.042095594220159183e-01
4.424419877698046455e-01
3.957449077091670375e-01
3.841645889510499901e-01
3.569049918165301816e-01
3.456843807705858307e-01
5.545596757670794297e-01
2.998707110056107461e-01
5.172225355226168775e-01
4.499345812561784674e-01
3.226841475561847417e-01
5.185815641222665251e-01
4.568679220524202167e-01
4.047265679850283737e-01
2.740016498880827878e-01
3.977421140197838767e-01
3.216485174621681042e-01
4.131385521478767586e-01
3.264889186420220080e-01
4.082199792381763781e-01
3.951140984744755946e-01
4.276394952095231572e-01
3.305609715609357790e-01
3.968568720922073245e-01
4.480368138372101683e-01
3.081816766685520625e-01
3.929655734102365239e-01
3.615820114628467419e-01
2.560251542334033292e-01
4.630096741396165783e-01
2.040397505078046514e-01
4.082249322457162655e-01
3.342521191468109665e-01
4.495667172552266222e-01
3.413651684311975187e-01
3.438265548273077843e-01
3.950838924186627077e-01
4.297752559436386344e-01
4.394697103177117592e-01
4.263691510123345241e-01
3.491109871665339925e-01
3.224351331644306207e-01
4.166816024349550007e-01
3.408885963251393481e-01
4.166399811473301962e-01
2.535351164321772988e-01
4.072611557804494686e-01
2.343962747589681261e-01
3.768944180828970314e-01
5.159021293199563818e-01
4.155507226683132771e-01
4.375555919823873041e-01
5.580661033325142739e-01
4.524903806138464435e-01
4.192320072250335095e-01
2.971766513419419886e-01
2.729347724291211752e-01
4.631556752107058306e-01
5.328494127289776783e-01
4.038196130411569329e-01
3.662204953893911652e-01
3.398299942375863081e-01
3.546244222898468634e-01
3.321590957991527038e-01
3.524072928514608849e-01
3.190279801400187631e-01
4.846358808158447440e-01
2.589402417133171430e-01
5.555366530604703978e-01
4.170612432515425905e-01
5.768427429325729827e-01
2.562533481476924058e-01
2.496870615075380273e-01
4.608382146737791674e-01
3.981712835010353668e-01
2.081053308086488751e-01
4.710399558211768034e-01
4.137415063373501289e-01
3.462934854326462086e-01
3.112328716313907950e-01
4.023121032983184020e-01
4.175837746760435176e-01
4.671468524772254827e-01
3.301353884584557474e-01
5.355037479419363367e-01
4.252882106416977503e-01
5.732223733315153780e-01
5.835516716423305716e-01
3.983428705331074071e-01
3.152797910618213573e-01
2.750554557878861495e-01
4.600401821422548387e-01
4.368784064533351996e-01
4.441895512477247454e-01
4.263357185433779284e-01
1.638107466346512830e-01
4.857141078452033578e-01
3.527761941575470739e-01
5.347176690243348185e-01
3.330397404733582145e-01
2.991245144373068099e-01
2.924226686129753894e-01
2.105235446687981071e-01
2.957278105609431051e-01
3.517361686489925421e-01
4.499609615854331390e-01
4.113972594699392138e-01
5.565031514144097580e-01
2.748943124268911076e-01
2.151127080555807203e-01
4.510384907573895541e-01
4.184988186290830581e-01
4.380586659691158014e-01
2.767361510915009593e-01
4.028523617489127573e-01
4.294180894630762468e-01
4.317204186640393737e-01
3.959410002866861622e-01
4.252568867236338201e-01
4.872549576538571237e-01
4.836695019179647059e-01
3.881665214121246543e-01
4.425133749431816033e-01
3.369437635699510381e-01
4.615455726292116978e-01
1.589158649236291909e-01
4.182494135467231255e-01
3.915193699775417757e-01
3.792782345728536453e-01
4.937755000504153169e-01
2.303775720457502951e-01
4.021886809783891681e-01
4.576280726153602041e-01
3.606601965627810324e-01
4.515863447088613869e-01
5.641840559471225092e-01
3.975430934203159072e-01
4.475498373324473533e-01
3.323726661383414882e-01
3.962737613010007820e-01
4.204667034769595246e-01
3.350400031828073000e-01
3.776240234119913608e-01
2.524993943084491432e-01
4.106291905345256232e-01
4.752111108810002649e-01
4.154787895404979947e-01
2.473651983831083867e-01
4.112875593899328885e-01
3.073057640973850257e-01
3.904429235031923739e-01
5.550822048887630311e-01
2.531530276584570971e-01
4.075332452323781607e-01
3.510216787436009622e-01
2.507879818272895633e-01
4.388761475569871173e-01
3.752879618779033644e-01
3.837586346906428636e-01
3.860067773949511505e-01
5.481529315111758338e-01
4.214711859532928040e-01
1.714013380921115270e-01
4.212325999634841112e-01
3.784563509316914987e-01
3.225715441005995721e-01
3.039501438111567033e-01
2.995234063924216428e-01
4.327184883540632909e-01
3.899004575635415804e-01
3.361693746247993442e-01
4.674562087343016592e-01
2.318058643203172453e-01
4.462563805661304839e-01
3.333407562992477535e-01
2.941093204546092466e-01
2.178293619884942856e-01
3.426633703913436468e-01
3.303757556256567418e-01
3.376926729816267514e-01
3.576360575052848212e-01
3.839939078597900957e-01
3.571613021146928246e-01
3.145817055354925840e-01
3.846162653812000842e-01
4.193951811315750899e-01
3.100322913495205390e-01
4.115339584449979049e-01
4.453289120211449403e-01
2.937515973976040362e-01
4.551968329412091618e-01
5.500309693449966231e-01
4.305222487058714687e-01
3.917787857390695461e-01
4.041692604494841468e-01
4.421620743816617738e-01
4.462563805661304839e-01
4.640106737602307518e-01
3.189684035154404795e-01
3.249929376744154497e-01
3.995186154894823094e-01
3.820602105145314842e-01
2.850217901819813715e-01
3.558713893013674689e-01
3.227987332603893811e-01
5.191155770001392167e-01
5.739102271704444869e-01
3.144199072200357103e-01
2.958368337371109491e-01
3.997134945029786612e-01
3.930479985060559289e-01
2.688040248646926256e-01
3.961586472350528965e-01
4.243755422418924450e-01
5.420909355751802883e-01
2.074906015462124609e-01
4.297009299188472298e-01
2.482386920987383061e-01
1.469435920650060956e-01
2.635362760018485906e-01
3.103621774104170505e-01
4.249570458740160039e-01
2.712439613050900977e-01
4.483533569591791612e-01
4.373064952700977392e-01
4.518037742380719424e-01
3.152355658478638856e-01
4.379159392554136110e-01
3.366833859153721686e-01
4.146842366283007286e-01
3.803515314568775008e-01
4.077014753790666468e-01
3.959250644583525713e-01
4.565853368981889204e-01
4.224581885933461622e-01
4.063852104304401802e-01
4.202732548657512335e-01
3.943243145103951797e-01
2.949360745130764627e-01
4.451106785389630227e-01
3.865137228533943037e-01
4.944671870637533662e-01
3.817609960312460249e-01
4.570254088298322803e-01
5.008830924251738148e-01
4.217636887404214163e-01
4.437242057084206937e-01
4.088639393443767034e-01
3.690472220023152672e-01
4.808019337804313453e-01
3.581317610656039596e-01
3.322936154583624457e-01
4.727320783271048432e-01
3.915622491843568920e-01
5.204332856285593945e-01
3.777084944054732718e-01
4.543475469555356416e-01
4.062538954009664027e-01
1.858052353250543576e-01
2.838097453599995879e-01
3.350016706088726481e-01
3.537814809187893594e-01
3.253500787617480960e-01
1.737827918084331458e-01
4.545881817889534937e-01
3.696537826112953340e-01
4.261784892665924085e-01
4.511222566323333516e-01
2.869871902069007219e-01
4.076729304014576338e-01
4.104150575610320262e-01
4.793855591771642444e-01
3.645007306932586122e-01
3.920455162029748974e-01
4.046748247153947875e-01
4.600131142041727350e-01
1.243038252892451345e-01
3.842561821645688047e-01
3.737016062398654248e-01
4.691694838005605050e-01
4.009908048265274916e-01
4.035495410854761933e-01
4.326330242031535267e-01
3.861894609364596165e-01
4.002876159249065258e-01
4.566994139909401063e-01
3.075080187653085884e-01
4.129709155056939252e-01
3.037696879861547794e-01
4.042899614408856368e-01
4.725820499810697850e-01
4.547878573013910963e-01
2.371336698933018683e-01
2.305546248201036375e-01
4.583046293300399032e-01
4.094759549335972304e-01
4.135248998475253290e-01
2.617822961485433697e-01
3.757167976788391983e-01
3.148811083104059994e-01
3.690693489655970660e-01
3.834287884207713271e-01
4.152442352653010760e-01
3.742236805032475577e-01
3.715948971031866055e-01
3.175552804488475100e-01
3.094023491359526035e-01
3.672410445604737395e-01
3.593664107632755789e-01
4.213231494820689482e-01
3.900241878178730137e-01
4.379614522214571037e-01
4.741733264701884498e-01
3.763825590345091232e-01
4.496279968443901431e-01
4.812303431244803753e-01
3.656038105163310070e-01
1.700969114920612979e-01
4.541365908327464895e-01
4.470492129625396882e-01
2.128298239354926152e-02
3.949590794459781340e-01
5.309778855200864012e-01
2.979294016663230349e-01
1.638842833324737625e-01
4.618436581925733364e-01
3.834951030890569323e-01
4.191204424023332598e-01
4.245173206927330134e-01
3.985196400246150961e-01
2.207831069470569119e-01
3.379088740926050050e-01
2.518089732222970056e-01
2.122822488297937682e-01
3.290373801861539715e-01
6.872657154178168915e-02
4.057237090794960088e-01
4.064948927517825772e-01
1.243068665589820015e-01
1.393787330723192941e-01
4.229417734422573072e-01
4.555913902056286102e-01
4.505487097114810879e-01
3.345342522019725262e-01
3.324178285989800585e-01
3.076488814831765950e-01
4.134422803192315810e-01
3.466990491684163733e-01
4.304708271253061547e-01
2.132160450761350357e-01
2.833914441551222962e-01
5.144436620776113855e-01
4.211998564725977223e-01
3.834749533538377997e-01
5.820157175819732354e-01
3.526349826769468732e-01
5.159947690913713192e-01
3.922884043743360416e-01
5.601587930828414441e-01
3.995635440793052773e-01
3.729477564342802420e-01
2.648408530733816213e-01
4.529730637541504179e-01
3.422189374214544832e-01
3.236570605220904784e-01
4.468220755020377855e-01
2.605706185896309313e-01
4.823812530872975679e-01
3.528536277410599942e-01
3.489746895040856667e-01
2.013969389302309732e-01
5.059791243645967995e-01
2.391504595342288098e-01
3.817101157164998204e-01
3.368148124344018113e-01
4.221546346477617062e-01
3.135155805791676187e-01
2.215582782692331609e-01
4.201634935432498330e-01
4.588356384419428613e-01
5.705863597486992012e-01
3.950671955195521057e-01
3.078108402904838337e-01
4.455488060213859125e-01
4.758406035680152191e-01
4.085708345053481461e-01
1.823996740298116370e-01
4.030123712939037706e-01
5.172829425307012841e-01
3.690990125730629901e-01
4.547878573013910963e-01
4.893949820440123832e-01
4.145815612616486345e-01
4.548172717066715220e-01
3.638220672533432620e-01
3.560583526601296955e-01
1.213388086982068043e-01
1.996734846590256518e-01
2.741446253268101096e-01
4.124432333218022717e-01
4.291562787092160214e-01
4.888747880829011905e-01
3.656962890075436401e-01
4.163281795471303059e-01
4.276856718018993697e-01
4.152256549727502133e-01
2.045464475939063886e-01
4.051250085049487581e-01
3.285405038071577688e-01
3.975767437648429770e-01
3.031372735010218200e-01
2.372823954463265106e-01
2.553244904696035378e-01
4.737495743357472144e-01
2.577201879206313384e-01
3.991696540095482360e-01
3.997317030253693670e-01
3.416812699723708047e-01
3.963782901244669588e-01
3.177822453017750681e-01
4.869039519774409075e-01
4.685083283286403111e-01
2.052212878590341794e-01
4.555816557193257954e-01
2.512200476304449759e-01
4.357415443820148448e-01
5.427333882280671595e-01
4.210300522361139497e-01
3.879538656026345067e-01
4.531561518446612369e-01
4.349807994847250670e-01
3.824133954860505225e-01
3.997584006870107398e-01
4.198505811552198930e-01
4.238644008011964726e-01
5.657606853558064808e-01
4.383139899975567189e-01
2.899679217788229124e-01
4.459939399605926669e-01
4.443286549450380929e-01
4.141118484602679395e-01
3.178130061291198905e-01
2.597052690211235637e-01
3.348977047516489836e-01
5.060396062868580680e-01
2.917269091396798575e-01
3.054397638577106555e-01
3.894979072406788978e-01
2.963019553844748466e-01
3.786522778100884778e-01
3.982276238165789461e-01
3.587573236939102794e-01
3.953190033532869019e-01
1.026067161256505184e-01
2.888167388802788116e-01
4.444895637920883713e-01
3.542176358617687426e-01
4.703698194443878822e-01
3.781848631374868375e-01
3.941490137599732990e-01
4.082724086229180260e-01
5.363223651922148782e-01
9.036339979210397666e-02
2.667376334550224382e-01
3.991477046329054423e-01
2.294297653805601744e-01
4.525913577045325709e-01
4.155086928899265342e-01
3.928782231066548780e-01
3.999959412392127822e-01
3.548631909283436192e-01
2.792315227779662012e-01
3.924939393122859888e-01
2.754201783309847551e-01
3.379105651489272555e-01
4.289926341150966382e-01
1.823146457337732063e-01
4.167353429733864911e-01
4.040023585512740878e-01
5.736015739158039084e-01
2.893935506568031113e-01
2.286634304251553007e-01
2.834044382690792396e-01
4.523229799793277994e-01
2.455490068545516102e-01
4.370797767149012247e-01
3.961492375704798730e-01
1.191480875548219104e-01
3.370134753710594122e-01
3.868913239961500605e-01
4.158281695937998679e-01
4.693711584074529708e-01
3.338581839335345025e-01
4.232179957667945303e-01
3.890679414202757869e-01
3.888664530926393414e-01
3.165551939886891430e-01
3.767983793944945092e-01
3.011329050548666175e-01
5.641882828410683670e-01
4.171563996496900351e-01
4.385594157284680716e-01
3.579646072267228529e-01
5.575824351672548085e-01
3.827194465570310511e-01
3.665029978081649209e-01
5.600645477705394892e-01
4.078506629270520212e-01
2.763982347536530493e-01
3.485571101235456770e-01
3.451176145889202074e-01
3.860014545258925733e-01
3.569380182012727998e-01
3.133948565180998957e-01
3.756317153806955078e-01
2.992290652516417793e-01
3.076917540512388305e-01
4.302769565383692263e-01
3.860090731586744983e-01
4.653902624530106835e-01
2.041075572409820349e-01
4.146673168538089205e-01
4.674591219850253720e-01
4.957473140441718273e-01
4.297637767930842512e-01
3.488476681087700482e-01
4.168861010843296633e-01
3.538237111875124352e-01
3.533044136654983625e-01
4.021163953327970275e-01
4.003874512330851676e-01
4.190009251835510873e-01
5.591863570698364372e-01
4.378492749738055467e-01
4.750496353541551198e-01
4.239982102175807177e-01
3.127929606288167852e-01
4.007081771842779250e-01
1.269120836311567191e-01
4.017425497325340378e-01
3.411964594437129072e-01
4.086435830379834266e-01
3.862607052936656848e-01
1.554174635066713772e-01
1.452892417133543335e-01
3.628090841859106241e-01
4.325865209841366354e-01
4.003433753910670689e-01
4.399820834545242199e-01
3.458316420429367044e-01
3.073328395870484897e-01
2.388386699823280557e-01
3.407757698074581065e-01
4.052526357901933274e-01
4.915854699182187204e-01
2.823168527972751973e-01
3.783480337039059060e-01
3.910631691335871851e-01
4.254119678244704938e-01
4.134873714340230322e-01
4.078948550302295972e-01
3.271870773606010974e-01
3.334285396984691396e-01
3.859516105204677805e-01
1.225986664043624552e-01
4.036263325356187481e-01
3.404630681168470674e-01
3.858358037836433496e-01
4.564478627657494458e-01
4.012554134827805430e-01
2.965230651893176472e-01
4.414867224346573638e-01
2.890715888187811444e-01
3.233112655613016861e-01
4.559001432905152584e-01
4.230608816308789599e-01
1.718372743296764371e-01
4.134652367116988247e-01
4.340160095308497890e-01
5.297775294620939990e-01
4.580405231858861170e-01
4.239663593070163161e-01
4.690331891670431741e-01
2.656673127239056464e-01
4.052907497002056769e-01
2.885914927174822453e-01
4.368852128761969156e-01
2.371195035208125967e-01
3.841675355822529170e-01
4.316160797918894287e-01
4.046531768211162339e-01
5.627738985359086454e-01
4.684152826389801905e-01
4.197083302741289046e-01
4.499631527058145508e-01
5.577063649783480237e-01
2.591396761560414430e-01
3.470771702914898782e-01
3.894092055567143218e-01
4.623399019399141996e-01
3.177925728776614389e-01
3.919089935697890326e-01
2.059370586080594978e-01
4.108854282213288966e-01
5.722947346684877923e-01
4.062681418534120348e-01
2.053728052202838938e-01
3.872203091367912853e-01
1.863269263664276698e-01
3.778077562083892449e-01
4.188234376279372229e-01
4.535841594611778049e-01
1.575163485619133219e-01
3.800662901376269942e-01
2.381244970981316877e-01
3.747732872514431546e-01
4.241651181736527665e-01
4.528491775721111279e-01
4.010808529533025912e-01
2.308528513480464783e-01
4.698097668675205174e-01
3.671683564819816503e-01
5.596411312250553216e-01
1.911129489407158433e-01
3.009239514703853646e-01
2.512338511743443248e-01
4.117259052043404921e-01
4.136128336144989648e-01
3.858296265070916831e-01
4.197832957352973238e-01
4.215462456847518524e-01
4.204667034769595246e-01
3.260083262939468263e-01
4.118723686230741921e-01
4.023415098823181490e-01
2.287173364137556619e-01
4.237112656432996394e-01
5.009071745011728360e-01
1.703677166772492868e-01
4.794214374041666504e-01
4.204306213572598927e-01
5.707340057782706033e-01
4.923256118609300458e-01
3.949804906687172101e-01
4.214997181513026048e-01
4.326231161964478877e-01
4.556650646783190206e-01
2.986831393599693185e-01
3.697029439039729026e-01
2.653706412978875662e-01
3.942546429567259647e-01
4.291024851437460486e-01
4.146951340581357393e-01
2.979715907747784165e-01
4.022247806077994259e-01
4.068416474272816274e-01
4.071013849816081942e-01
3.203308904074236296e-01
4.095579370586320267e-01
4.502594265535207474e-01
4.569451299598280558e-01
4.131428194552306254e-01
3.686904787422477514e-01
2.515910103522785435e-01
4.622793573021845015e-01
5.543570118200420449e-01
4.603515402322714833e-01
9.980794702813214347e-02
5.679791669006890587e-01
3.322332232007569885e-01
4.003022248947505357e-01
4.323399950459075880e-01
3.541594002237758998e-01
3.998271844734537228e-01
4.363214786959467850e-01
3.870852333938585854e-01
2.576898658059335046e-01
3.367680281471857051e-01
5.696778374575158788e-01
2.453937939952167691e-01
3.013438925042708494e-01
5.321572271452997827e-01
3.645982664204310275e-01
2.186880577009790716e-01
4.526263703211464429e-01
4.179386862212126075e-01
1.737054646109348344e-01
3.859006051482145594e-01
2.995990046097220527e-01
4.467604287068567270e-01
4.509459935946845133e-01
3.963607912847569859e-01
4.017719008207090714e-01
4.055115810093660733e-01
5.514579345017477374e-01
2.919438249953879017e-01
2.696608702737709473e-01
3.796673529560082860e-01
2.380194309506059591e-01
4.081170311847505672e-01
3.088183706597472655e-01
4.388619552726155670e-01
1.635604780787514034e-01
4.083533956818835575e-01
3.107970820065336093e-01
3.977945242351266231e-01
4.136531270270751848e-01
4.000240293876406450e-01
4.090439180920011908e-01
3.000794168816258711e-01
3.062167189297959058e-01
3.363377160535826471e-01
4.138146177608136300e-01
4.128327619798836667e-01
5.442493103495764650e-01
3.451135138312786954e-01
5.789277698194271737e-01
4.641865116687433623e-01
1.895072639098512590e-01
3.874577029725551625e-01
2.010869411154887765e-01
3.818875704102870361e-01
3.909984461270458178e-01
4.568497390062435937e-01
3.937737561384692664e-01
4.536523837667235659e-01
3.823054914376460278e-01
4.116991116957046670e-01
4.322157584207017567e-01
4.591194238826911689e-01
2.952057621886971517e-01
4.308878645346595482e-01
3.008304442214326802e-01
2.996097068602229796e-01
1.852524340089825861e-01
4.300201448483968458e-01
4.007995985785742232e-01
5.121869676430605978e-01
3.390186237876913200e-01
5.185815641222665251e-01
4.208176321853348001e-01
2.134216139754550878e-01
2.615106542107957233e-01
2.335494935073238187e-01
4.133796821077813100e-01
2.473068482836804916e-01
2.801312572690045077e-01
4.355398335939192900e-01
3.181852530347097918e-01
3.070775573827506100e-01
3.973284144923839856e-01
4.396250267623372787e-01
3.325402349822607073e-01
3.211053876472313440e-01
1.847489796217152147e-01
4.014427759343201507e-01
4.185954416107217080e-01
2.677154693881113601e-01
4.460263133410071190e-01
4.508745702401044664e-01
3.334352621825993901e-01
3.294544166826788856e-01
3.901801918298338223e-01
4.656021014884380027e-01
3.811387473023984951e-01
1.073685628308094497e-01
4.956364392368469707e-01
4.278672662560011331e-01
2.444643372319206531e-01
4.173465375148471268e-01
4.021024739510343782e-01
4.480389169941161320e-01
5.723539359130841442e-01
4.071598885762633402e-01
4.640054150381217046e-01
4.137249684571165931e-01
3.423097774269691640e-01
4.949313805719752213e-01
5.526752890034534182e-01
3.212806545400135882e-01
4.368069553404697603e-01
2.827170871341509462e-01
4.351718497634782801e-01
2.981274030512581774e-01
2.938889946864791658e-01
4.434422013620802350e-01
4.266838912979800114e-01
1.957082871975021898e-01
4.303241638801113544e-01
1.788895720754511698e-01
3.510717330315226148e-01
4.119818041487790516e-01
3.977658559634293378e-01
4.080861496980724978e-01
3.959059428169982575e-01
4.146114475992729864e-01
4.657668674508998463e-01
4.095738974503511654e-01
3.412634220127854223e-01
5.730456229264222490e-01
3.578324743028967192e-01
4.212858729677454450e-01
4.397110987325635878e-01
3.815885200701660263e-01
3.265875803846639003e-01
4.485179377834205838e-01
4.232884103628775097e-01
4.191420893007988813e-01
2.636978192439729529e-01
5.599487949320899327e-01
4.104582063841976658e-01
4.030840658415381639e-01
2.803852157059821826e-01
4.289151625662158129e-01
5.675476346458024901e-01
3.669434573599908433e-01
2.163590362323612737e-01
4.436509533774277703e-01
4.256345279478599419e-01
3.654978544439844157e-01
2.818555121945508501e-01
2.182851438234128805e-01
3.229401138009804217e-01
3.990895935960053209e-01
4.067846438588351710e-01
4.709475903547316045e-01
2.486352486443276222e-01
2.981827470144741143e-01
4.781580885438508344e-01
4.322118293578061099e-01
4.639083961378593912e-01
2.857291804805879853e-01
4.228990880870256985e-01
4.566994139909401063e-01
3.987987096272694321e-01
1.729692642617651488e-01
4.474460821311503911e-01
4.746543285537916934e-01
3.577603138807804450e-01
4.618244512017525283e-01
2.890729941753367171e-01
4.828800932923740796e-01
2.243887861498174430e-01
5.009071745011728360e-01
4.744109917894521189e-01
2.769603332541155649e-01
4.353184881963343411e-01
4.280379170579511339e-01
4.583678390536129466e-01
4.208648303987916894e-01
3.992241862192582591e-01
4.166321769199136105e-01
5.444736118178410411e-01
3.923813464787054284e-01
3.277573811676969262e-01
5.617328368632553692e-01
2.617837778403838134e-01
4.538415252795530153e-01
4.217225610855638851e-01
4.692119962577723236e-01
5.706234812066512951e-01
3.759655273510800755e-01
3.787306844273095607e-01
4.298635505268301737e-01
3.569013742148741675e-01
2.366161262260628173e-01
2.470431773772015227e-01
3.842727815362506627e-01
3.683146316409819376e-01
5.592368000567380371e-01
3.359651492430892894e-01
3.286923572293384277e-01
2.963928313014931870e-01
3.462157934356782651e-01
4.340859102874614628e-01
5.310740849285464638e-01
3.840255339655857525e-01
3.198526833217588128e-01
3.623018493815733376e-01
4.128532055214090279e-01
4.291767878914102829e-01
4.263587585426389381e-01
4.139505242347497060e-01
4.388619552726155670e-01
3.092490813274751393e-01
4.646995708376795431e-01
3.396809064576087334e-01
4.216133695340266718e-01
4.524399323159425945e-01
3.892346035557771033e-01
1.307194408691031706e-01
4.377886162325110853e-01
4.033294421967251187e-01
4.651691948042485092e-01
4.400410750804990001e-01
4.303335032361423340e-01
4.088783112485052662e-01
2.659942566321641180e-02
3.451798092471810020e-01
1.098157279394966213e-01
4.535315346481488818e-01
2.948275173358672063e-01
4.112680923259687815e-01
4.408008188123653248e-01
4.547878573013910963e-01
4.474885577432838879e-01
3.188394539980872189e-01
2.354330571745123502e-01
4.308024795508776372e-01
5.547372430707120383e-01
4.052069614194709346e-01
3.850433713720939344e-01
3.721904198312164791e-01
4.543603441889781380e-01
3.428828003427597526e-01
4.525079835160074615e-01
9.172522791234241635e-02
4.185825475759641368e-01
3.417061558353723383e-01
4.431138402642078589e-01
4.410973811553754453e-01
4.328066436894136282e-01
4.589670684878099371e-01
4.521168750007142911e-01
2.804330860931661951e-01
3.005695513581397305e-01
3.262957540034673309e-01
3.909970029866506880e-01
4.356163109480671314e-01
3.923878533693365700e-01
4.011287951220018355e-01
3.447789146085354361e-01
4.206375709512059635e-01
4.051067501089272160e-01
4.522073546464252525e-01
4.256239719988751946e-01
4.014966890803259858e-01
1.934321711122060916e-01
4.444422984442431557e-01
3.762417557334792328e-01
4.577931904317236178e-01
3.860720673717328855e-01
3.657879795617762775e-01
4.367419430295264027e-01
4.710536759657433792e-01
3.357570792766136902e-01
1.996890885497162038e-01
4.472960176454044423e-01
3.935472355840768377e-01
5.861035466672142036e-01
2.587952268134056100e-01
4.215943171431630887e-01
4.216920326145691678e-01
2.853096420870634975e-01
3.783369384184895878e-01
3.878221206309286351e-01
5.484809648621179479e-01
4.614152488485243064e-01
4.254119678244704938e-01
3.333609622564051578e-01
4.446822691949139927e-01
3.982855794236777047e-01
4.084527882682308375e-01
3.175971660210744618e-01
5.155623373269645482e-01
2.642699659740491702e-01
3.140564918058830202e-01
3.502846797109700483e-01
3.569073120606546801e-01
2.951755254908906001e-01
3.840928855240836604e-01
4.502701198002130867e-01
3.963965145798645229e-01
2.854292558167153548e-01
4.036081104867690894e-01
2.640147180163802676e-01
4.252804312266199593e-01
4.376944704600098657e-01
4.467178450905127107e-01
2.676860888404705152e-01
4.020361571251540589e-01
2.160951667182547664e-01
1.159740305101838870e-01
4.045446797661125249e-01
4.133574199628944346e-01
4.383180893859554561e-01
4.039922672320050978e-01
4.598346208775005994e-01
3.776553570807235638e-01
3.840290576496349639e-01
5.767107579699511932e-01
4.074294684966266455e-01
1.128356150417549192e-01
3.525223776031656819e-01
4.163964248477319829e-01
3.798278058867058937e-01
2.628707965027298199e-01
4.191612647575436168e-01
1.961365306557141253e-01
3.796695648432384385e-01
3.801996935112894604e-01
4.246162393966027571e-01
4.402085578695842938e-01
2.224220371925552941e-01
2.719758449711814907e-01
2.148737874155761118e-01
3.892096588153361458e-01
3.824925664104407708e-01
3.135483796696091896e-01
3.621465764000328935e-01
2.097729779962014818e-01
3.733478251913239232e-01
3.120020723081981529e-01
4.045031927057721188e-01
2.324519333923323050e-01
1.162638247224513366e-01
3.878235185863120882e-01
3.955980911087811358e-01
4.222936112959422283e-01
3.196509601274938328e-01
4.236913769355445392e-01
3.806746613004807767e-01
4.140222422669723179e-01
4.664550822305233990e-01
4.348380965875487392e-01
1.923806766394335899e-01
3.553074068317603751e-01
2.701482518876809347e-01
3.843955379685219942e-01
2.003986931680335204e-01
4.146776443467108941e-01
3.731838141380466878e-01
1.931594339928840998e-01
4.872419212178507042e-01
2.681329640415679449e-01
4.836695019179647059e-01
4.439545363260637978e-01
3.121829978249648918e-01
2.926076858420828541e-01
4.064579041103799639e-01
3.436274324059678809e-01
3.927258679814729647e-01
2.401524138645560191e-01
3.691690606477498471e-01
3.958355391333652218e-01
4.958500737229852295e-01
4.305102801547547320e-01
4.000526306286801836e-01
4.126821779702342097e-01
4.365969159879583006e-01
3.997892554942006904e-01
2.874605358583229298e-01
4.122917992198491532e-01
4.857878857994539779e-01
3.884342321501280670e-01
4.185125625901755519e-01
4.183068263942834042e-01
3.864986421794134874e-01
4.194386694439651286e-01
3.915942321231187795e-01
2.927635295904004176e-01
1.829273186995631073e-01
3.858710982153161773e-01
4.119967179411098135e-01
5.000567715868228236e-01
1.604277173495992082e-01
3.668204145900102464e-01
4.511222566323333516e-01
3.339360034360495666e-01
4.070339358334432722e-01
4.073147776511735763e-01
2.483670152912514084e-01
3.776110238210632630e-01
4.355522320457758667e-01
3.607994867260653216e-01
4.087254170358450289e-01
4.062851933864020104e-01
3.971394738848129657e-01
3.491499132449743525e-01
4.419448679145472902e-01
4.221386317265320987e-01
2.045363452428973217e-01
4.078011316898713656e-01
2.107719560958237481e-01
2.300403660285257057e-01
4.296459137025615549e-01
4.276000766186050517e-01
4.067785640889661769e-01
4.385596439355976539e-01
4.197995535016523783e-01
3.821134955930245436e-01
3.995254948141488960e-01
4.537239573230870682e-01
3.944025243300861572e-01
4.506738944335797470e-01
5.760120715949963444e-01
3.110094665607310849e-01
3.860240361607608639e-01
3.767983793944945092e-01
4.117220754737844768e-01
3.793149875385297687e-01
3.174251477812580768e-01
4.597666961456776669e-01
4.388991758969384427e-01
4.337177262156373114e-01
4.480403717938210018e-01
3.563409856133815667e-01
4.314070636371625245e-01
4.341558453166347586e-01
2.928934949406716837e-01
5.685305318810873754e-01
4.455241147983197703e-01
4.101351250864747056e-01
4.591496852268677209e-01
1.803792323279521104e-01
3.965402488487898003e-01
4.979027692195368004e-01
4.364541545867723915e-01
3.244086126553108462e-01
1.351954796322684949e-01
2.500966717291450703e-01
3.881778474979333260e-01
2.856586097908283550e-01
3.612811673524491396e-01
4.260633093940067728e-01
3.233364044852637953e-01
5.657726755658544215e-01
4.915164292120400291e-01
4.152033527463929174e-01
9.237784204781754327e-02
4.541876850813035826e-01
2.984328274239687051e-01
3.987170973637533256e-01
3.847146089616111375e-01
5.695302677736024943e-01
4.198354075801912777e-01
4.262995465100692383e-01
2.581271318271884385e-01
1.119452320639637427e-01
3.777943932287265438e-01
4.493986724127273513e-01
3.509951872152359265e-01
4.331358157109478357e-01
4.053786381576910403e-01
3.981404269926649420e-01
3.198505724058103850e-01
1.915703427478132326e-01
4.564532738472366624e-01
4.055739026337752962e-01
1.532973737768886513e-01
3.416776644656926432e-01
3.850478384229245044e-01
4.178781094270237473e-01
3.716321645722093225e-01
4.640323987470268974e-01
4.486366541196546431e-01
3.175175894273923327e-01
3.402568513582323040e-01
4.063623096375281740e-01
3.746993553611105976e-01
4.563451708851996025e-01
3.322936154583624457e-01
4.240137078882255106e-01
3.053818474607459255e-01
4.554245254844345725e-01
4.650093304819763462e-01
4.334267745731144594e-01
3.394065493529258570e-01
3.407966017160257710e-01
3.895787153022704508e-01
4.133458935942103674e-01
4.074027280980137555e-01
4.025467305790506600e-01
3.600344275522451842e-01
3.941332983589808103e-01
4.145919656810993503e-01
4.624775264815981779e-01
4.038503741796932722e-01
4.297724394527378533e-01
3.214275937083742041e-01
3.862088017811349250e-01
4.372974741177897418e-01
4.369636345550885759e-01
3.602506957976117641e-01
4.158991025934968278e-01
3.073055917387638725e-01
4.022199023692136222e-01
3.890177080727418857e-01
3.159152487512652541e-01
4.864273735438214286e-01
4.808019337804313453e-01
4.815748240686171244e-01
3.373499728414524057e-01
5.579239020761009860e-01
4.379840828171276956e-01
3.314188913691800686e-01
4.385477705261078274e-01
4.528458060814712915e-01
3.824618058527952669e-01
1.231629263945852176e-01
2.399301153910136375e-01
2.983913389528932703e-01
4.637957462110042228e-01
3.310195960268445536e-01
5.656839221618558122e-01
3.898278714313981319e-01
5.801215002360966544e-01
3.667775936382514645e-01
1.019254337392241916e-01
3.924211682908754217e-01
4.868215956342058504e-01
3.937778247396516162e-01
4.033287720976083124e-01
3.054199842744556581e-01
1.826248211870196425e-01
4.321985757515967586e-01
3.120824945752641022e-01
4.792644831792105542e-01
3.948887480832591335e-01
1.573330931592708537e-01
5.745600977998081005e-01
2.996202130185612877e-01
2.979247784388314724e-01
4.621086016079393177e-01
4.127291073971847135e-01
3.628070628931258645e-01
3.697193083467879560e-01
3.124039049818767011e-01
4.152640544321199445e-01
2.731149713966257164e-01
3.821423200206367499e-01
4.331008367860047503e-01
4.554192870105217006e-01
3.938008051975979695e-01
4.194190774054784576e-01
3.258706150750458330e-01
1.915611623484210213e-01
4.361279828666087544e-01
3.960863332087922739e-01
4.050322872428424592e-01
4.058917832154922967e-01
4.200563555654331371e-01
4.247560148942133296e-01
1.263644124165438920e-01
3.724518307246935667e-01
3.405526743516348875e-01
4.466217059909731724e-01
3.800967209359703003e-01
4.031301271270756326e-01
4.309733660285541834e-01
4.599256424943981569e-01
4.086560629805313649e-01
3.237678914306620359e-01
2.940836274437366171e-01
3.633080586597637884e-01
4.133382586134995429e-01
2.943329000414847685e-01
2.436534058266102698e-01
3.323936367968439165e-01
3.767516858092393450e-01
4.065877606888348983e-01
4.194753278074129788e-01
2.603122157565668227e-01
3.538307236191738370e-01
4.426873850370630636e-01
3.084249224819774482e-01
5.487363930567404902e-01
4.438115086279038057e-01
4.004457099407442433e-01
3.070063503685293571e-01
5.385816487818732012e-01
3.956658036494657971e-01
2.640475074806302169e-01
4.029490268036476364e-01
5.505990938569895743e-01
2.497677320639609677e-01
4.282534901429088658e-01
4.265660809025580980e-01
4.428849832837308265e-01
2.091890757878561435e-01
4.595057025393100014e-01
4.100265365826503694e-01
9.960551333690192966e-02
3.853193461541338793e-01
4.361279828666087544e-01
4.626635489008730229e-01
5.568687634674071019e-01
5.291341419898201170e-01
4.188763640892992357e-01
5.292898660953634371e-01
4.488050346340953789e-01
3.417258386588043484e-01
4.454064115772643495e-01
