3.552030627108464511e-01
3.202317739102108485e-01
3.438385707210308562e-01
4.032641716797877307e-01
6.647573109726438723e-02
2.749521434536432718e-01
4.622394839566954516e-01
8.073528614342143084e-02
3.300377178401236455e-01
4.220957075421662985e-01
4.162324293332856362e-01
4.518218432636681992e-01
1.965070496028516744e-01
8.227463111277072416e-02
5.420653861273382335e-01
3.838324648420878282e-01
2.000792546369891400e-01
2.298905767346453854e-01
4.779041982370744179e-01
3.688559242640491731e-01
6.152748553479733817e-02
5.432543437034034056e-02
3.062024587226842010e-01
2.889245777029364470e-01
4.783138562602953087e-03
5.584770831288363713e-01
2.179802313815322745e-01
4.733631359341376466e-01
5.003658315273143975e-01
3.970908696249925152e-01
3.675595495168971771e-01
4.848257924654981732e-01
4.168601167774291794e-01
2.628758453002123519e-01
4.229369123814445408e-01
1.974599659968279131e-01
1.937149736026091140e-01
1.994510216273967240e-01
1.911753638396027910e-01
2.335602001819311324e-01
3.952019275151228417e-01
3.941329205102125921e-01
4.178668388992780591e-01
1.701303457451827650e-01
4.718171171925071850e-01
4.658351240373813651e-01
4.253338736850480473e-01
3.932007258370661118e-01
4.057060832736376077e-01
2.296106933038748188e-01
2.176547606306862281e-01
1.578802976488115350e-01
4.132663792595824281e-01
-5.717785299832420925e-02
5.173889588575098647e-02
3.380585008770764510e-01
4.024554654858920055e-01
2.769381585488649433e-01
3.544215429152791641e-01
3.770422795399986371e-01
4.409387533838078355e-01
3.987719845807725094e-01
4.371972855449745010e-01
1.852300428233369656e-01
2.066582387788838127e-01
3.879071802328359908e-01
1.277433266898311548e-01
3.616640626309112760e-01
1.113395103443919204e-01
2.441235629680183206e-01
4.467268871548921716e-01
1.686748664810234222e-01
4.660282405449778231e-01
4.693720648461715550e-01
2.405124824759310442e-01
1.458647252414002338e-01
2.886555450647620424e-01
3.327390857126398260e-01
1.973010674886202243e-01
4.111795450552465092e-01
4.357030721453168942e-01
3.109778834408601922e-01
2.303096840241560528e-01
3.165838848528922944e-01
2.591269715332014112e-01
3.007741172248870609e-01
4.296991252983588527e-01
8.192443986092115549e-02
3.045197707144140509e-01
1.101647202896314931e-01
4.079932210994159925e-01
3.841736252895051607e-01
4.485080857911921681e-01
4.814784282568029261e-01
4.132073667215361290e-01
4.131726948596589066e-01
2.975035512295638451e-01
1.452410301772577850e-01
2.164630285616119254e-01
1.184236080897950738e-01
3.054144932167425774e-01
1.839916182478048556e-01
1.974951197543649006e-01
3.924483676762641760e-01
2.824793784296000254e-01
2.872208084179443954e-01
1.324602466515702459e-01
1.943582025331662966e-01
3.847343726326053481e-01
3.921890676157510636e-01
8.948425304356423526e-02
4.263479796975269132e-01
4.026440987606977884e-01
2.099867714597246360e-01
3.468095796734210201e-01
4.258152598619964202e-01
3.266726906900462302e-01
3.998294223140583803e-01
2.760313542839373802e-01
2.788222044955161460e-01
4.282195549128997580e-01
2.163912079606576111e-01
3.946922380941539354e-01
3.204136770663206235e-01
2.964996834187609842e-01
3.534025449717866918e-01
1.724210169071346277e-01
3.786774943244746172e-01
3.319345431370767652e-01
4.158967564582361498e-01
3.228984543820188624e-01
6.927124547358187723e-02
4.200945368172948058e-01
4.246024731541960251e-01
2.770499163103201656e-01
5.447372778126802206e-01
3.828272125193760700e-01
4.105903422124781432e-01
1.568229413232326286e-01
3.129328020575417035e-01
3.506498026953427383e-01
3.837732960443961394e-01
1.079854828609435186e-01
3.686638024075999387e-01
1.296485678508002282e-01
3.581939302476506715e-01
3.265670592527144533e-01
2.601219097649935530e-01
4.280169654858631545e-01
2.979113915596584561e-01
4.812578899655969300e-01
3.840372966116333275e-01
3.943446603792690741e-01
3.696230988349759050e-01
3.730606451072851493e-01
3.793733555781499400e-01
4.631472954864007119e-01
6.881076058016853680e-02
2.565822815890457242e-01
1.233191093624278062e-01
3.488009883611654094e-01
2.273324431914719446e-01
2.929575300297873174e-03
1.472825479226348711e-01
2.755321497772976191e-01
4.246350240382650854e-01
3.380459644221447957e-01
3.866015518110571536e-01
3.000381781106424284e-01
3.566338169357923249e-01
2.888167388802788116e-01
9.195879680471348572e-02
4.903504124351526494e-01
4.990905505667842523e-01
3.876786458127635671e-01
3.859237017843359374e-01
2.416867229249390903e-01
4.493986724127273513e-01
2.953258714182656064e-01
3.837183092123716555e-02
3.088599347711130649e-01
3.133655443911056993e-01
3.995907538584914653e-01
2.942922887156309564e-01
2.040881987984250745e-01
4.318355132286507692e-01
5.719776892833727810e-01
3.157286793817391524e-01
4.119979449486071421e-01
1.153908055428012197e-01
4.098850546351093804e-01
9.132910547376532628e-02
3.029423658579037948e-01
5.981573142497153411e-03
2.066128513682538026e-01
4.629311709700335564e-01
3.478345557308793468e-01
4.145760266993582244e-01
3.937389739695640323e-01
1.769258482733906401e-01
3.906294405925397339e-01
3.705058845484709429e-01
1.949343538367654949e-01
4.645667166133551906e-01
3.313253434578660728e-01
3.727622519207128837e-01
3.193872115631659625e-01
2.052049362788027631e-01
3.823126490090418828e-01
4.039250575768495999e-01
2.443132043374459106e-01
4.082232458365210870e-01
4.176513439856351928e-01
1.972102555733286355e-01
3.621490436095488596e-01
3.949418369451129784e-01
1.366217238204590623e-01
3.261910549997208419e-01
1.318589899912031294e-01
3.795673135891635686e-01
2.267611244539134985e-01
1.819993451944381391e-01
4.074458937670147884e-01
1.207020332993046507e-01
2.266592899994146759e-01
3.743209850358516499e-01
2.843856787206034964e-01
7.856045302934948349e-02
3.667889564524416668e-02
3.899775711591666472e-01
3.985059669322094100e-01
1.939454609778041017e-01
4.150673364010970534e-01
1.883179516091425809e-01
2.845548319858771658e-01
3.506104924820649948e-01
1.832246914268363946e-01
2.863534282209060366e-01
7.175497583202150587e-02
2.238683899971894431e-01
4.314240982698585442e-02
3.105009629869917576e-01
3.071408100300101474e-01
4.696784797208087836e-01
3.684571467651828192e-01
3.924602292189832142e-01
2.459507027076829333e-01
1.053574181058796605e-01
3.608600718394413542e-01
2.025791247216460478e-01
2.360792745137367810e-01
2.709564349271052497e-01
2.429580250941653918e-01
3.641010334574218410e-01
4.766855880982497906e-01
4.434754137148873565e-01
3.827624211129341258e-01
4.007583385635816176e-01
3.030674975529639714e-01
8.701341843662217801e-02
6.161694068090582677e-02
3.778378424969513483e-01
9.513886572759948368e-02
4.863917847016121371e-02
4.074637404773746030e-01
4.977966740653178013e-01
3.832526600668210714e-01
1.822595866301067458e-01
3.992323403504427493e-01
6.852805908179339378e-02
1.713690053325661322e-01
1.856091651533261500e-01
4.236272867473734327e-01
-6.190646997062848600e-02
3.299525250560168127e-02
2.930839560560412616e-01
4.959845904984866993e-01
3.157754143762152577e-01
4.014343156736444040e-01
1.276126744568459870e-01
3.374110648858476003e-01
2.011281341620619334e-01
3.725440344545222215e-01
3.147859482609444703e-01
3.283709661580935801e-01
1.190726472568551936e-01
1.491977379445723062e-01
1.202498274286139812e-01
2.019674621429222716e-01
1.052590557709917607e-01
2.920486305926099924e-01
4.286360547492403250e-01
2.111257386432711658e-01
3.796051483396181703e-01
2.387320677933593704e-01
4.448955999658887189e-02
4.215032718757084629e-01
1.582978469889948225e-01
1.265292102398329066e-01
1.574100677300752649e-01
3.298068177004696011e-01
4.426630629701481801e-01
2.140633912597150468e-01
-8.430938438390570000e-02
2.686925146457346814e-01
3.857489876507136928e-01
4.148150355777240894e-01
3.323104682436886503e-01
2.096849056245158049e-01
3.702464688076892441e-01
6.118687319941300967e-02
4.237622176565767340e-01
3.179977210460190329e-01
4.066782000041221923e-01
4.502827430983306067e-01
3.875459638640759152e-01
4.224355874571413816e-01
1.101537335115187616e-01
2.403756644182429292e-01
1.823848213088206383e-01
2.606526679320383955e-01
9.322550788734777771e-02
4.232252597242049386e-01
3.399151779426799469e-01
2.657669927760315798e-02
4.162790346853660894e-01
3.673136844665153555e-01
4.909075218869084489e-01
4.401766611516251260e-01
2.805892126316094637e-01
1.769518066269166467e-01
2.606284910126377072e-02
2.820449050827200099e-01
3.223734526775787756e-01
1.888656697721858013e-01
2.194838384505177487e-01
2.503016986572785263e-01
1.238241893935556059e-01
3.585068671990661593e-01
4.120583165223482003e-01
1.872790242696011076e-01
1.835341129926438275e-01
6.331985818797335186e-02
2.765008573422199079e-01
5.639077248300228273e-01
3.582168551890261843e-01
3.373481919959977482e-01
1.590478737287094602e-01
3.914768191815321541e-01
2.418396173035681496e-01
3.323310469668191436e-01
3.438328988195406555e-01
3.962718727002887964e-01
3.047796310856685231e-01
2.374854267731300872e-02
4.056564007558761120e-01
3.992556898400636545e-01
2.125355504192277256e-01
4.206433938843237574e-01
1.907247259593531918e-01
9.319493291915040278e-02
4.529346146701030418e-01
1.473430594910768721e-01
1.102507754555146074e-01
1.492980429185831737e-01
4.202467625905264570e-01
4.118437650584712006e-01
4.510123455229705369e-01
9.081449074130361343e-02
1.200970123830815972e-01
1.778310824732668993e-01
3.999898197281851475e-01
4.775089197551411480e-01
1.658673452251644975e-01
6.553661768185622960e-02
1.084282667075705114e-01
4.448807994394988197e-01
3.300377178401236455e-01
4.190488516681967202e-01
4.315206922406658041e-01
2.778791510632701023e-01
2.628218922127723012e-01
1.801986272399278832e-01
4.494807243276515707e-01
2.087959642519081338e-01
3.831137290600665213e-01
4.788645952451979215e-01
4.828800932923740796e-01
2.838741782478544362e-01
3.626104438210127623e-01
1.055424361233390368e-01
5.316701579676962330e-01
4.276056800579563499e-01
2.265090351059382556e-01
3.980923305766921882e-01
3.276302058985376964e-01
5.448881827645382092e-01
3.204539338412795146e-01
2.303259909587744847e-01
1.180161811880347938e-01
3.397095733185710453e-01
3.911803443870753294e-01
4.071462253590025226e-01
3.252874120881589781e-01
3.817529966867336810e-01
3.722418466397997006e-01
4.781937754088020354e-01
1.695754930544773054e-01
4.761998162781777566e-01
3.099781134832444440e-01
2.806021988620473473e-01
4.977493716234410170e-01
8.020658199873163113e-03
3.297277790324840696e-01
3.044894560112614279e-01
3.553180822575505160e-01
3.272010847971976721e-01
3.749450185104211131e-01
3.027325688198717613e-01
4.272488716551263721e-01
3.375479516131356106e-01
4.837213777966866690e-01
3.570900256632659198e-01
2.181056121128090719e-01
2.313043546727157618e-01
3.930516279952288028e-01
4.442323512044276113e-01
3.870442117775184654e-01
1.291538452492005662e-01
4.805548854631164213e-02
4.411501731819920669e-01
1.497755706523694330e-01
1.240821484259910235e-01
1.463288987088869064e-01
4.213496634162249288e-01
4.366752562591429965e-01
2.111643215189347444e-01
2.444403921372511335e-01
5.816720881823673750e-01
4.224853161557274306e-01
1.574847213358281095e-01
3.385352395950853577e-01
3.361017380978348901e-01
2.281084547308069865e-01
1.796440336083999362e-02
3.991515017920802544e-01
2.722350535828739204e-01
4.191252599793148237e-01
4.108909727417486279e-01
3.410166874932399894e-01
4.605548493831024270e-01
1.130911208890398034e-01
1.170307187386449010e-01
3.667299284715152541e-01
3.688407662485975735e-01
3.701177057977991791e-01
4.434192642219962899e-01
5.216468383524891506e-02
1.793314942482626406e-01
4.113306492941669057e-01
5.197836868146332723e-01
2.938854190541888567e-01
1.551079320487580016e-01
2.169454822500201663e-01
1.549049526779753549e-01
3.231763944838585423e-01
1.862567554125746094e-01
4.295728708242212979e-01
4.244990218833034068e-01
2.110472657007597674e-01
3.827787186703140998e-01
3.781259582924595963e-01
3.269285123759984035e-01
3.291187919593336897e-01
7.247937098488702046e-02
1.559813471210991787e-01
4.166314444165199471e-01
3.869987860695828785e-01
2.233888378587030044e-01
4.056748813011652466e-01
4.043739262294620551e-01
4.100875791683367133e-01
4.557226307565937495e-01
2.535865953964626107e-01
1.125184405743889782e-01
-4.823786411711220717e-02
5.153937585420204082e-01
4.607572030514280881e-01
4.128774602879667910e-01
3.986516551105779294e-01
2.550160613714160251e-01
3.867564488524707911e-01
4.129053938779296273e-01
2.918037030845411772e-01
3.571347593849463209e-01
1.080818940922985416e-01
2.899386235517175670e-01
3.576058153305071707e-01
1.937812721719190390e-01
2.106396192793004163e-01
5.723539359130841442e-01
1.227317489188007593e-01
2.309446603210332238e-01
3.899977492335620077e-01
2.902683903225236062e-01
2.833015974315121199e-01
2.464765657125086995e-01
3.252172791411660491e-01
2.654595800890597324e-01
2.362749179225731300e-01
2.854166074987979917e-01
5.118938366639427251e-01
2.543121359001652704e-01
3.638859637558997107e-01
5.186526500622324898e-01
1.441526958541311521e-01
2.038257366999248477e-01
3.918008526216379406e-01
4.511855005454836753e-01
1.399647242783555179e-01
1.378107383990345991e-01
1.962717368242078986e-01
3.599547343032276081e-01
1.056488782768715967e-01
4.414739371924622513e-01
1.772414924511706014e-01
4.152811576021595008e-01
1.930790067467534898e-01
4.089449846169063152e-01
3.629620739214074049e-02
1.841950449875458529e-01
8.885977172806257263e-02
2.288900281343035914e-01
1.872416004579485205e-01
3.407394776749609888e-01
7.112290598114638651e-02
4.152796802306949475e-01
3.571599565224725659e-01
1.607595109887051399e-01
2.703750176817532602e-01
4.147604422914877853e-01
4.409943177536186920e-01
3.694928847181873088e-01
4.151627740334125627e-01
3.806272984459529440e-01
1.813734440312281537e-01
1.121904975519779357e-01
3.764106195491281892e-01
2.307553732950395342e-01
1.828521732452077497e-01
3.317326111955265500e-01
1.067703614697311371e-01
4.213613717697217154e-01
4.066650082212988626e-01
5.005049409298059082e-01
1.598714474822461318e-01
2.952405600831481958e-01
3.513424706674002640e-01
4.143122375971457494e-01
4.142753952572592602e-01
3.144417383024009638e-01
2.213871781896833701e-01
3.279946353614436316e-01
2.799346703533505676e-01
4.968232790844622770e-01
1.842577490041198141e-01
3.989149229047220802e-01
1.069339009226021042e-01
3.893146730976051462e-01
2.921697152001963005e-01
1.758735141072984287e-01
3.434531662429409216e-01
1.010626673094545819e-01
2.594435137423418691e-01
3.833106747588203023e-01
4.092453120456165383e-01
3.587273645789577081e-01
4.386574455448221110e-01
4.272446440973052262e-01
4.409387533838078355e-01
2.982899286835830610e-01
3.575462048067971077e-01
3.404800474741457306e-01
4.011255568213412115e-01
8.934242281045134959e-02
9.578155061235982259e-02
3.184842643721577105e-01
7.873475926866028984e-02
4.323050354563321429e-01
2.200132213169232742e-01
3.780215823885163529e-01
1.984504792508857418e-01
1.880111874531205374e-01
1.704680199345201541e-01
5.819876773985347418e-01
4.262593416418593018e-01
3.030269454779794258e-01
4.231629349463880696e-01
3.132263976041371190e-01
3.255403828861720972e-01
2.154563972039623410e-01
5.425764187339795486e-01
4.726950621348778858e-01
4.288596985660497185e-01
2.679648958182109242e-01
5.527912827456473721e-01
2.047748063359813020e-01
2.772884504608047473e-01
3.708051648383940968e-01
-6.143059760986782636e-02
4.188689672738472036e-01
2.679840272154200842e-01
3.886816698380779478e-01
4.836928134837099047e-01
3.322964086098977310e-01
2.613865371920583991e-01
1.142264676494603309e-01
4.697287927956153020e-01
4.330186949989636713e-01
2.499772572450634223e-01
4.126751169926924923e-01
3.840860714251639330e-01
2.092781550716357464e-01
1.751489867343339613e-01
1.119834081085536448e-01
4.036469774388167786e-01
3.562144036827591953e-01
2.042799076829542315e-01
3.831539516039559889e-01
4.279200467477846659e-01
4.552280942475351866e-01
1.999814054517646822e-01
1.473140622899214713e-01
1.645658791925116715e-01
3.351488355778148298e-01
3.954828679183330919e-01
3.427486556486099567e-01
9.908412618444077669e-02
2.547193240765219246e-01
3.297865753961403135e-01
3.791149199247513812e-01
3.943065499753480863e-01
4.001909204978773560e-01
4.851060000748693146e-01
4.317254049483280065e-01
2.973893203666995166e-01
3.720675973018620075e-01
3.630108150562336156e-01
2.411804297239644734e-01
3.998817003352347910e-01
2.830480530867440780e-01
3.502492760303205221e-01
2.074907198819821719e-01
4.335396757767653875e-01
9.978737950789712263e-02
1.779597068991909947e-01
3.530665912152529118e-01
3.371144141229477920e-01
4.120761076331528328e-01
1.140928366651187548e-01
3.471393217148726618e-01
3.225388279945687331e-01
1.670381532470425756e-01
3.865714356066149993e-01
3.022665929309836241e-01
3.510845077346975152e-01
3.939626678052270403e-01
4.090362885882614652e-01
2.577569226867888474e-01
1.857038472955661879e-01
2.471443000225441167e-01
1.791797733314398622e-01
1.917716316431645474e-01
3.102935801314372077e-01
3.183040064649754752e-01
4.799410654530887332e-01
4.021758276889772499e-01
7.577319676368314549e-02
2.653228469244238164e-01
4.023601090123302138e-01
3.530940466075488393e-01
3.567297836767107100e-01
5.563937223640821710e-03
4.562861519573537250e-01
1.594130112690663945e-02
7.863795496608419477e-02
4.093750506202393225e-01
2.342868619865513813e-01
8.566964515164572636e-02
3.811584883808868951e-01
1.078938579473798370e-01
3.986737598340376332e-01
1.567561986213563963e-01
3.724787919655696000e-01
4.047642321195344395e-01
4.226769433835964040e-01
4.294555123619003267e-01
1.214654673894091236e-01
3.977549379327143808e-01
4.738761990033411031e-01
3.534297671778884320e-01
4.994579483690962662e-02
2.778022438498745639e-01
3.503186200445204679e-01
9.494749263948841500e-02
3.764581949267319927e-01
2.636681463215069243e-01
3.255286192858038441e-01
2.019736712854876548e-01
2.791399421858576160e-02
3.493201284617523106e-01
1.655282505916683411e-01
2.380515631783227948e-01
1.631180870232731284e-01
9.490332074301485732e-02
2.953769401906086167e-01
3.588666037898137762e-01
1.612755741933103448e-01
4.365193970964711401e-01
2.274063281126280089e-01
1.884012092045705689e-01
4.898973843549203067e-01
2.955278141685352966e-01
3.558450271249526398e-01
3.543269558731738655e-01
3.560942105559514737e-01
5.404840953598258890e-01
3.353816124929023812e-01
3.607854886044688514e-01
3.375047710484328500e-01
9.437838955976432520e-02
4.254628158582808850e-01
4.072184791385809466e-01
4.052815463141317132e-01
3.191036869009284405e-01
4.643861222043873527e-01
1.164087597083753034e-01
4.591496852268677209e-01
3.109356842083066952e-01
3.953932721395810312e-01
4.278780097497542068e-01
2.221549569286125625e-01
4.565708664085803559e-01
4.003122969823822985e-01
4.133873820652858022e-01
3.921152822758878775e-01
2.887538487296715251e-01
4.142659256571956106e-01
4.872845486499636780e-01
1.135731961685350344e-01
3.571452718500998658e-01
3.525245894903958899e-01
1.253850632004866739e-01
3.629775017943829840e-01
2.577523397897208968e-01
2.226195858975298092e-01
2.711844814818268889e-01
3.008075396319838668e-01
2.312083554848927414e-01
3.757558728984185248e-02
4.782819228606333684e-01
4.389359649608332026e-01
4.151737112957646914e-01
3.418791141848319670e-01
4.182517267371727576e-01
4.909382263678383485e-01
4.066513159594942750e-01
1.619603310332841661e-01
2.423030356959014198e-01
3.561730710564071645e-01
2.569608335101280505e-01
2.747911604237163186e-01
1.727721514998329377e-01
2.966442420133303948e-01
4.712288977979905980e-01
3.005716146825285207e-01
1.179142540918144133e-01
3.298776633175820594e-01
3.339957555726565941e-01
3.211535779393187573e-01
2.956503031290844477e-02
4.315135735474664447e-01
1.026857175829076416e-02
1.038387930991279129e-01
4.674928924079947978e-01
3.932777596016880373e-01
3.582543097878951865e-01
2.434043670581854946e-01
4.048445122343048430e-01
4.562103714233028962e-01
2.771231899683067046e-01
1.535763705192303707e-01
3.555892697519187906e-01
2.444920254525404790e-01
4.344647558644407770e-01
3.808035282690913625e-01
2.570738585213332428e-01
2.169882796756985310e-01
1.407870145379437887e-01
2.222236474405778761e-01
1.308869689417441196e-01
3.442044096534072062e-01
5.923468066133878995e-01
3.054276708714699917e-01
4.515253069362707983e-01
2.045817606970715963e-01
4.318244200385908393e-01
2.542142719696483533e-01
4.784718299461441227e-01
2.466894331685519082e-01
2.084544012471142849e-01
4.646806699763499360e-01
3.394716103342260705e-01
4.103459912956547995e-01
4.002899378287192445e-01
2.860224534045405220e-01
1.775926195493393311e-01
4.138702749901801425e-01
1.085461961181970192e-01
9.369499565834589136e-03
4.623821217940937700e-01
2.647661065250887513e-01
4.234597744158379307e-01
1.800638997255153417e-01
1.985875442701802718e-01
3.374427413839267142e-01
4.135823761989059211e-01
3.041539879624837739e-01
2.120362268299585684e-01
4.037274380861727296e-01
4.110786658031806429e-01
3.964259523867487700e-01
2.904358390880004692e-01
3.860104345179328211e-01
1.359091652579375864e-01
1.267857496994458655e-01
1.383272181023973424e-01
2.198851338831211144e-01
-1.009218084166492967e-02
2.296203462165018472e-01
3.441006095990362668e-01
4.731513474362164517e-01
3.373769763006473910e-01
1.937740633991417716e-01
3.830960425926038249e-01
2.303873243218361178e-01
4.178311243175336087e-01
3.393488122852727495e-01
3.458594971296470311e-01
1.565451768423387346e-01
3.063680074770925854e-01
4.941292203543681261e-01
2.257479731511476406e-01
4.126976100002101022e-01
3.969639386619385757e-01
1.308533156097782812e-01
2.513124345146479366e-02
-3.073416763557755907e-02
2.426437198957854535e-01
2.611907932061162119e-01
2.823855260484830487e-01
8.025675879498288257e-02
4.380070733991721643e-01
2.599312929345637402e-01
3.670639056431155289e-01
4.153955871297031477e-01
3.611473766283034292e-01
1.450218389927375173e-01
2.638874320460171119e-01
4.119676002050978170e-01
3.896366218240902568e-01
3.080354253579721813e-01
3.086991406915028935e-01
4.936903231915355517e-01
-1.671873468710427524e-02
5.035113109088585892e-01
4.975142240174870029e-02
3.868225957262778625e-01
3.991280637995852643e-01
4.053253267316475617e-01
3.956841456107889621e-01
3.144395889231781926e-01
4.115381786172064849e-01
3.455546866756071811e-01
4.312553570973888806e-01
1.673362197654819361e-01
4.263259684974980979e-01
5.346075949128431537e-01
3.117260555360463758e-01
4.225542134233521430e-01
4.102566756722734187e-01
4.072955124882808309e-01
5.334796493712349319e-01
9.352713539132895271e-02
3.641780324723217221e-01
3.289977455245763904e-01
4.125373515019868931e-01
4.518649062394609062e-01
3.828456335648426911e-01
2.630792613090316978e-01
2.275997802921659596e-01
1.472296510037230666e-01
3.296052778602601707e-01
8.351437804488810734e-02
3.541902456952196743e-01
1.853063029502300951e-01
3.991689198464663524e-01
2.738066981594965421e-01
2.468492595462022654e-01
3.874453850985614123e-01
4.473096982064070914e-01
6.553641345722138745e-02
7.391484445028771721e-02
5.675759930329640213e-01
5.199580106103334209e-01
3.479776695046193913e-01
1.380187327096601968e-01
3.317539203474404452e-01
1.643838959564455637e-01
3.896321508107540854e-01
5.001165733895996945e-01
3.783719195010273872e-01
2.916850805984891881e-01
4.196368478346483855e-01
1.191957112293527271e-01
3.670718512137297052e-01
1.144603155354203261e-01
1.879077340816850406e-01
1.558050946224704691e-01
4.901667244503365439e-01
4.063250010160174980e-02
8.713084718673906603e-02
4.524330958942163750e-01
2.656888460167129429e-01
-4.855196091570412181e-02
2.403454898965061426e-01
3.152484099260062234e-01
1.666398908116676347e-01
2.174655222335572236e-01
4.308922071918583896e-01
1.727614881430880323e-01
3.770130052331496784e-01
3.570968023984547046e-01
3.432365493593186878e-01
2.580672336795106769e-01
3.131252757678925080e-01
4.024085568050441708e-01
1.883794286182192412e-01
1.799285917922013867e-01
3.859459757959936010e-01
1.850154451371431308e-01
1.076665689002921089e-01
1.091538063632762137e-02
4.264537017538352348e-01
3.966487985574020936e-01
4.428849832837308265e-01
3.520386931107233330e-01
3.550983554708971868e-01
1.185461929362375960e-01
1.296786610115087945e-01
4.129422371721368501e-01
5.666992238137248394e-01
3.919188000450681275e-01
2.954036369394214545e-01
4.501435661257825460e-01
1.440433868174143817e-01
2.649752482144830390e-01
3.456267350687690088e-01
4.339940243879259474e-01
3.661342466001316631e-01
4.801179854783175216e-01
4.012649728097383295e-01
3.723925030118552804e-01
2.194586574119672118e-01
3.504438477525438911e-01
3.165116547238709388e-01
4.893073266067524130e-01
3.845116675976886222e-01
5.751225428250170135e-02
2.030119200770620358e-01
1.446867787086081880e-01
4.283644792197673357e-01
2.142173665102941049e-01
4.106009585741139389e-01
3.421078713350628742e-01
2.338716909380879339e-01
5.075715683821363511e-01
1.814575868628577893e-01
3.125682374337767633e-01
3.266607549592639437e-01
4.187567620604492613e-01
1.072896631668984052e-01
4.613570496406877441e-01
2.544695980726995321e-01
3.591420137799541945e-01
1.851636363742930613e-01
2.733805979396609631e-01
3.126610223812317790e-01
2.908378966079399608e-01
3.574670141113710509e-01
3.513634367825061999e-01
4.182748510900873296e-01
3.713237201478384875e-01
1.042964258183438492e-01
2.896814930356390594e-01
1.788665875097764923e-01
2.492961377777814791e-01
1.223042633572121729e-01
3.882435695745418136e-01
4.849329266675241334e-01
4.532082599967488523e-01
4.455494943770730853e-01
4.144746961780667038e-01
4.525432386130696094e-01
3.079080027122845231e-01
4.635310626405744205e-01
2.640431778727299617e-01
1.985047405994790626e-01
4.010147525507655186e-01
3.552153061478237617e-01
1.757499874707783294e-01
4.259455248897209834e-01
2.785971578272429805e-01
3.258211890620980045e-01
3.978413969007401629e-01
9.194368252204633551e-02
-7.924506395938984505e-04
2.366419835045765474e-01
2.565910917949815739e-01
1.706734805391841858e-01
1.016239322315111576e-01
4.896362513373359038e-03
4.563547603147523612e-01
4.330932646244928241e-01
1.015135535620455415e-01
4.364051001365236715e-01
2.698062886283279505e-01
4.151737112957646914e-01
3.865747813720875059e-01
4.428474920887366939e-01
4.806545350444040299e-01
2.625568459797213983e-01
4.004541053905951720e-01
3.342810913281665242e-01
3.247424500604172981e-01
4.331352637816319739e-01
1.146598821800907768e-02
4.003377598359917910e-01
4.005390936259092816e-01
2.050859698275547260e-01
4.302200924667172188e-01
4.151737112957646914e-01
3.907096905839689827e-01
1.066229465517437580e-01
-1.098573994793686781e-01
3.955235509427177942e-01
4.749520605205791446e-01
4.224337337513741075e-01
2.167211460372200915e-01
4.419493279117029383e-01
5.658978844779087858e-01
4.247768580886608358e-01
4.119300700074306487e-01
2.669509496337071353e-01
3.007559509415614341e-01
4.343008152234360542e-01
3.904168846547879101e-01
3.763281704708141273e-01
1.598267145126119337e-01
3.533816344769820650e-01
2.518346328734365480e-01
1.200110030505258385e-01
3.429882197549220524e-01
2.762459580279931770e-01
4.641396113693210257e-01
1.232060552807461989e-01
5.246046399546991923e-01
3.427125810597456135e-01
1.660207096845478236e-01
4.024614894487447692e-01
1.244394619808618374e-01
4.262453424207193753e-01
2.443437804414923809e-01
4.160526164507521441e-01
5.168375777703561047e-01
3.760077652543689641e-01
3.804563431741999069e-01
3.880092210384452067e-01
1.986961251394388228e-01
4.371421355163265243e-01
3.235484381606265059e-01
4.073387260392868359e-01
2.099229469876367493e-01
2.150428905323330253e-01
1.295685653396299319e-01
3.642586787765506040e-01
2.334172966284496498e-01
3.679600858081110148e-01
2.496916443216215808e-01
4.021394208512783508e-01
2.898081993598931594e-01
3.876584989405066350e-01
3.619033978869646284e-01
4.936295074437359043e-01
3.296955761850336453e-01
3.006200785742181858e-01
2.781125823934207930e-01
2.449587065688837439e-01
3.959685021502520885e-01
3.153143798770495776e-01
4.650855029513991101e-01
4.849961342749947169e-01
3.963123638232236567e-01
4.336798443300374228e-01
4.010165157205406450e-01
4.122635066808176263e-01
-3.229041022776749786e-02
4.463210454213459855e-01
3.561862041070137930e-01
2.216096614124567210e-01
3.706752362294706837e-01
6.471471621979189848e-02
3.880042431978203976e-01
1.289819302627372433e-01
4.033835030549820511e-01
1.505403720766098075e-01
3.677399327305396759e-01
4.117459740712512972e-01
3.261543708903595351e-01
3.191145074042146534e-01
1.575397583397086521e-01
4.343019801585941142e-01
3.970147783973079214e-01
3.816044611265174691e-01
3.577836383920937058e-01
4.071161289048501608e-01
1.224956664026955189e-01
4.045239026272559602e-01
4.537282659566775345e-01
3.347356971910004364e-01
4.210660286751665149e-01
2.851523245641369303e-02
3.827251914018182655e-01
2.008821304706623623e-01
2.815782927863859086e-01
4.078111919729707213e-01
3.824027538971538909e-01
4.368329807453996683e-01
1.599012032283406159e-01
2.895127981762503633e-01
3.841896691220492710e-01
3.973697606659410964e-01
3.365818956075977697e-01
4.159108591609362859e-01
4.197879754751726589e-01
2.133608909627344730e-01
4.069268034570743264e-01
3.880427277991955748e-01
3.806312006218995347e-01
2.547044922520428911e-01
3.021308790638649322e-01
4.211205251185954346e-01
2.091890757878561435e-01
3.915931919135300920e-01
4.025312264771140347e-01
3.586434685844578363e-01
3.504359903113739017e-01
2.309873831281667178e-01
4.696636474191693278e-01
3.313297420465577958e-01
2.685610131502899622e-01
3.920650378706812544e-01
1.396123621802534132e-01
3.401208748454535580e-01
4.174446105660791217e-01
2.020928126108217926e-01
3.096249182216584406e-01
2.206472497658608645e-01
3.226460574626982547e-01
4.203292629117141854e-01
4.380515922949592689e-01
4.182697526108754005e-01
3.795455237085582634e-01
1.029547112106292267e-01
1.683799738258497103e-01
2.715848152340267219e-01
4.192145795859479329e-01
2.966530918028301711e-01
1.272382343562644402e-01
4.297516094528116004e-01
3.915638092082945332e-01
3.697343935019269390e-01
2.223428163737881380e-01
8.428861560832176872e-03
4.105421364230520398e-01
1.990524374614613401e-01
4.908227550540021911e-01
1.145860314407321501e-01
3.856428071055360007e-01
4.125338797661788348e-01
2.512147325878535953e-01
4.174158126519861289e-01
2.191472818952243107e-01
4.295194211461495493e-01
4.614606745564598378e-01
5.784492392190370147e-01
3.862286328977089789e-01
7.505467317280009598e-02
5.242148669490204194e-01
2.467036616963648177e-01
3.367701457433791568e-01
4.652820443915959281e-01
4.358478377859911213e-01
2.258034725182322677e-01
2.584356351704909516e-01
1.144559527389423098e-01
5.385952354252689922e-01
1.031071605438634436e-01
1.130786817748219431e-01
1.151116811704357562e-01
1.866786001088426294e-01
4.043835083563866450e-01
4.994074978643257556e-01
5.015312918937275821e-01
3.944025243300861572e-01
2.150481205418360020e-01
4.279202664905042974e-01
3.681505488891738120e-01
4.203137364869710679e-01
2.804009366046918972e-01
3.035040411119389048e-01
1.908659977073817460e-01
3.287305717994410403e-01
2.752167913407764788e-01
4.194139575992729685e-01
4.529903608587578234e-01
3.248182422122856128e-01
2.738523624891052166e-01
3.746426794566100060e-01
3.760188743981818793e-01
4.010597485239300042e-01
2.467154501713102188e-01
6.214072143571058165e-02
5.706026649484248481e-02
4.329549579924447111e-01
3.372103991204365991e-01
1.821568976540113016e-01
2.572983346510364089e-01
1.683182819078953285e-01
2.248406962900008355e-01
3.205769088959809499e-01
3.712820570360706451e-01
4.106838982147721362e-01
3.700596227681376971e-01
3.732689255637185455e-01
4.215718599019264712e-01
1.512793824438962154e-01
2.992457764448171464e-01
4.118137922510908266e-01
1.232533105874777102e-01
4.820877396330304765e-01
3.283366120227789731e-01
3.519209297674623094e-01
3.848179142836713473e-01
4.353139987397128818e-01
3.560768889087045364e-01
3.704758972188186839e-01
3.657882715009332375e-01
3.794462843114331796e-01
1.296432542759956563e-01
4.421584172586801587e-01
2.296991251432817516e-01
1.781055914446079969e-01
4.332759527301438540e-01
4.158636150571002332e-01
2.982555273301387144e-01
5.713948016372467631e-01
3.470364966443436061e-01
1.972564260248584334e-01
8.649281101346420822e-03
1.767708034367414527e-01
3.035571506369110217e-01
9.743072536634943270e-02
4.139925486398958188e-01
3.234275523629422944e-01
4.044942232527520276e-01
3.901037362590938362e-01
8.894974796440530129e-02
4.575414260195816984e-01
3.731566335901191911e-01
3.358814783852957508e-01
4.234912361295158911e-01
9.003176659298316176e-02
1.660102909917784142e-01
7.431640684374044015e-02
3.510529656921099195e-01
1.340320777771482341e-01
3.793936547682927873e-01
4.266029215827563670e-01
2.652194578296009908e-01
3.357217812766112308e-01
3.203121785015973222e-01
1.638049142620567888e-01
2.358385427960193736e-01
1.724471110802084095e-01
3.944752915342139010e-01
5.029974054234094272e-01
4.118363428497894829e-01
3.344254508431346307e-01
1.379229913284687470e-01
7.275478047712094498e-02
3.303814269877482501e-01
3.241525339666385674e-01
2.449242613737379337e-01
2.533889441486890659e-01
5.640062100233308451e-01
4.196398195893816796e-01
4.372509559615788688e-01
3.984564404251401126e-01
4.893313448029080331e-02
1.539504294153616060e-01
1.668773846643925862e-01
1.473919924780809076e-01
3.958821067690309614e-01
1.482078105760139264e-01
2.555911815937116915e-01
4.270988447198262872e-01
2.246723007294491037e-01
3.685986403097952224e-01
4.206879295429618582e-01
1.061879938869072504e-01
4.376716023629557140e-01
4.133934132892745361e-01
2.297845717844808622e-01
3.065295951366227567e-01
4.119339735111278156e-01
1.834078868421229469e-01
1.101537335115187616e-01
5.635714991750672143e-01
2.681887130931849272e-01
1.310145662696164115e-01
2.052943203643230463e-01
3.349960282498326558e-01
1.487569131368624842e-01
4.463421169059075266e-01
3.528804457300969144e-01
4.225568299218230295e-01
3.927893510349489414e-01
4.047204809955156080e-01
4.635556081637613457e-01
4.169175478608136975e-01
4.574061702264103357e-01
2.942234774691277963e-02
1.890177669195808041e-01
4.519202891638576802e-01
1.956368300941995764e-01
9.791588733398683131e-02
1.208029143770275593e-01
1.598291281971829514e-01
3.087971499692152566e-01
4.815606942792866746e-02
2.154916262439194596e-01
1.953983561903971933e-01
4.449032320343653812e-01
3.960445761171792478e-01
4.979168837060232722e-01
7.615386169088372847e-02
3.135092472089393012e-01
2.004074957964553927e-01
2.904369202918881121e-01
3.530832532401649293e-01
1.386268223634600782e-01
3.779580801448954031e-01
3.682301130144482459e-01
1.138650631291084625e-01
4.240195759233705286e-01
1.253850632004866739e-01
1.618381562180016831e-01
1.094562322524934017e-01
3.579731557828116362e-01
3.715221105636911658e-01
3.501175022007858018e-01
2.482788562216026174e-01
1.192424100426257710e-01
-2.582607028112077555e-03
3.950045051539137209e-01
4.223032181107290173e-01
4.870758486658416930e-01
3.409210358441291944e-01
2.251705212899305919e-01
3.075499151047628721e-01
3.178283044712100769e-01
4.901446961555191439e-01
4.169352755715285408e-01
3.194565722157403087e-01
2.797770105949343167e-01
4.017162946267551771e-01
4.176371933179456875e-01
1.791242250606046582e-01
2.012997184556484243e-01
1.904490427845326184e-01
9.310911873999609678e-02
1.898190131053957563e-01
3.480054690125205519e-01
4.293336135735140724e-01
1.481209820213552630e-01
1.691504786856563858e-01
1.839581147027004038e-01
3.837359457154392861e-01
2.240182817508844237e-01
3.279490221294859009e-01
4.478307340936373698e-02
1.778743251518010993e-01
1.474667793982895880e-01
4.115875730130938437e-01
4.348200653198593946e-01
3.475203717312313478e-01
3.855886286583690148e-01
3.485326467341792744e-01
4.080192449276420774e-01
3.020489583472941164e-01
4.196156243226464300e-01
3.719457357942222986e-01
4.204602972464186461e-01
4.327619866660748493e-01
1.044732158070009603e-01
3.697128492759235163e-01
3.810886318549661644e-01
8.929938064818614130e-02
3.946833232448760942e-01
4.144404653575864406e-01
1.996656850372438563e-01
9.794812047074713535e-02
4.063284060245795359e-01
1.312899873226160419e-01
2.336360150663414348e-01
1.579644020171667995e-01
3.306177323169963711e-01
4.356209174956921504e-01
3.613589570220685498e-01
2.126768079769220388e-01
2.841384153829005776e-01
4.194374880778937165e-01
2.522163350642792623e-01
1.441297287826075746e-01
3.073329666361813706e-01
4.148129587268762908e-01
3.834014113035208449e-01
4.321382694865869012e-01
3.794861466199955791e-01
1.734273556358192914e-01
4.383620446101325618e-01
3.438754316494253005e-01
4.411132062073004623e-02
4.077412731257575307e-01
-9.265453073696335376e-03
3.653126210404869512e-01
1.824608058185530346e-01
5.628085804596456576e-01
4.078962047716704342e-01
3.178010895677365055e-01
2.362169369844829836e-01
4.041718073240344045e-01
1.903125895522467803e-01
4.064952465143256144e-01
3.965148608886110426e-01
4.136935872383170620e-01
2.184603242464391581e-01
4.571645263440499707e-01
2.336629832364157389e-01
3.100507610238518730e-01
1.581733351874829718e-01
4.054086649049383762e-01
3.898373856770747659e-01
3.509759289607953803e-01
-1.944386946082745510e-02
1.310697847604032629e-01
2.136566993508807744e-01
3.089410323238214739e-01
4.227589907343780595e-01
1.216671669175574538e-01
3.476999661365574590e-01
4.427857326007258454e-01
1.653580965084684440e-01
2.397346739299273388e-01
4.074972358277684781e-01
4.269366155078166414e-01
9.695476844447421805e-02
2.072540301689434761e-01
1.376643687526849791e-01
2.456720309945319980e-01
1.601555635588195192e-01
1.525270728927636266e-01
3.691891270873666753e-01
2.726622755029895484e-01
3.067032452441303958e-01
4.598413669292035211e-01
4.144629517678434238e-01
4.289299313432888283e-01
4.758406035680152191e-01
6.542895655475462757e-02
2.286712534277947906e-01
3.425834303466885333e-01
2.098713406422809125e-01
1.131789295414546564e-01
5.609479213456002311e-01
1.409243231164838406e-01
4.354769477585013759e-01
3.112065675648096330e-01
2.554279073590174365e-01
4.513391509950790415e-01
3.788656374933505600e-01
3.593506479574384294e-01
4.261018715858059802e-01
4.347003914265097357e-01
3.190633921606015888e-01
4.498428025725016988e-01
8.445351981503211591e-02
3.981682976389522288e-01
3.738606261542660181e-01
2.373614527287526976e-01
4.312104385486796310e-01
2.855809597839722436e-01
4.872419212178507042e-01
3.318723745359209443e-01
4.341225251670780549e-01
1.383974239097029157e-01
4.444245053418126590e-01
2.687778275160636610e-01
3.786719741184872423e-01
1.804887506720988799e-01
4.422165090017047273e-01
4.196229549165386707e-01
3.627656757875081239e-01
1.539606269287437101e-01
3.930051427008445786e-01
4.177661214668131340e-01
4.956364392368469707e-01
3.063684227310839447e-01
2.504843975509029597e-01
3.295123871024949747e-01
2.741528140210016673e-01
-2.981865086329817463e-02
3.092095467658430019e-01
3.960761398186980475e-01
1.374376602386022383e-01
8.023971226180368066e-02
3.248650303997689948e-01
2.847325565449680962e-01
2.000550575445968482e-01
5.188230403761171505e-01
2.640894298979355459e-01
2.918723336765754461e-01
4.023858419801966124e-01
3.957666369281681029e-01
1.257965413959931389e-01
2.950793763502373435e-01
4.265732547388984552e-01
1.387673050957112242e-01
4.138469791084885552e-01
4.001947076574306483e-01
4.109024840902543163e-01
2.168473599890325676e-01
8.590480366226992126e-02
1.341840560908670321e-01
1.969675617307113102e-01
4.075684689613330303e-01
4.005169084283172753e-01
3.442418648539131709e-01
2.030080637759349993e-01
4.145099442214538743e-01
5.036463363035932617e-02
1.330881903775067987e-01
3.554979569427239583e-01
4.752794555969259704e-01
1.776284917444123923e-01
1.310416132126425992e-01
4.072013521520155277e-01
3.031876798917982896e-01
1.992177920323486007e-01
3.009628672587588150e-01
4.035803878846705439e-01
3.997953611137136654e-01
3.287457358727546297e-01
3.282134761027972747e-01
2.507436328005912540e-01
1.505824269422212092e-01
3.778513185013814835e-01
2.660183453495092443e-01
1.262613492585538399e-01
3.590477044866716150e-01
1.199092681202681282e-01
1.977048518726551296e-01
3.594980917540007703e-01
3.183989081424741241e-01
3.958523559242032586e-01
6.401550040429650201e-02
4.182661141593861376e-01
1.531939499997686527e-01
2.249119711595374271e-01
3.787469726904355571e-01
4.099552891550210520e-01
1.399423154948283010e-01
3.399223446008687310e-01
3.724431340414315894e-01
3.979932243488002452e-01
1.492484835496872553e-01
6.635211447452389610e-02
3.787746016861187615e-01
3.531478667280302242e-01
3.126065039521204736e-01
3.305701781004173334e-01
3.497785002401303522e-01
4.758406035680152191e-01
4.610859994855192601e-01
2.133686147367648278e-01
2.533777153361693180e-01
2.396694300924780419e-01
3.679058667815671702e-01
1.886118090908439904e-01
2.573472234229090549e-01
4.320191663600143617e-01
2.705121358318167135e-01
3.310758503290463506e-01
1.754218735004811347e-01
4.189751921327002360e-01
5.806635803890016628e-02
1.075761566379226791e-01
4.239382599556930087e-01
4.065594614280660379e-01
3.909148428600548453e-01
2.248181182805139844e-01
4.144679392554059816e-01
4.106024223361351422e-01
4.466399904440996882e-01
4.582429296737892122e-01
4.261942528192892432e-01
1.285591418470041214e-01
3.686121351516866151e-01
2.262767195841745016e-01
3.266822313247654819e-01
4.021110400998182399e-01
3.328070355887392529e-01
1.466483007267905536e-01
2.701213657891888831e-01
1.645938972191124672e-01
3.868020319403412954e-01
3.910934251875075041e-01
2.411867841774195942e-01
2.045500174172879548e-01
1.865176483588520118e-01
4.151215942643450840e-01
3.803405669341464179e-01
1.405705051398795646e-01
3.965931365356858973e-01
2.077420318060649029e-01
3.892340320836324974e-01
3.210929801085817825e-01
4.477294749311592770e-01
4.282355592863565374e-01
3.205172259268802559e-01
3.669713554326258786e-01
3.749993529682802973e-01
4.201414149598795000e-01
4.544619646578008099e-01
2.257261775368381643e-02
4.647393266772429365e-01
1.360719214780072850e-01
4.027803321102277900e-01
2.346305804699222175e-01
3.336601010579079984e-01
2.204364771630960562e-01
1.926586215543690805e-01
1.319846374343760786e-01
4.194773139562998354e-01
4.123907987090427718e-01
4.674374800656244111e-01
4.652325529039479934e-01
5.919907460660676080e-01
3.913218343841041169e-01
4.698097668675205174e-01
3.295522618587189978e-01
2.516602885598407946e-01
3.898039246199886398e-01
4.215327133339067944e-01
4.083934437095572134e-01
4.181902604330851037e-01
4.175960848739792564e-01
1.020914794950483415e-02
1.794142676918921986e-01
5.197016330118137128e-01
4.232447892754302998e-01
5.618300936798232836e-01
3.267694691429783860e-01
3.732829126276422937e-01
-4.026256168228265625e-02
3.360261622863254249e-01
2.643649103210945484e-01
4.141609016657505360e-01
4.034914580558147112e-01
3.694184439674480513e-01
4.010176676271462459e-01
5.699509236429819298e-02
1.691167105862504683e-01
2.329667881779481919e-01
1.085583727942159016e-01
3.218646796534577748e-01
4.717446984399202292e-01
2.422309493788639134e-01
4.002277649953585037e-01
1.849132563910756699e-01
3.218655066760952588e-01
9.758524358392800524e-02
4.734207263683369304e-01
3.831446216666555826e-01
2.941099978978464202e-01
3.039908572908201490e-01
3.936911011550860429e-01
2.292913702871302029e-01
4.189680173005470021e-01
3.242683289196766627e-01
3.948167682352205499e-01
4.014247083194589227e-01
1.452482413565829578e-01
4.134122294235207384e-01
3.197376384233172608e-01
4.052897534723546302e-01
1.643890765072397175e-01
2.442022668768909222e-01
4.116759208307849138e-01
4.017243767274711330e-01
5.796697261332951490e-01
4.459637055033652264e-01
4.318811786370567729e-01
3.710664070660563141e-01
3.509251495343465033e-01
3.059641676594712645e-01
1.893899016302473814e-01
2.305740867338477162e-01
4.872046356997186689e-01
1.403990007862132294e-01
4.299559015539878848e-01
2.724433475242741265e-01
2.704310019993612091e-01
3.949433284239273201e-01
3.912586575431038494e-01
3.995961622637314581e-01
1.358905719938860446e-01
4.014247083194589227e-01
2.760888656339932079e-01
2.085446411353029939e-01
3.800967209359703003e-01
4.190952637703306283e-01
3.472155488710221283e-01
7.706471097386144442e-02
2.593027558337847038e-01
2.240630429040991189e-01
2.697086886504754810e-01
2.949816751521499025e-01
3.614406909199847084e-01
3.034458087103380497e-01
4.569775925069918809e-01
3.953329133661853123e-01
2.564438631769963006e-01
3.419614503213630474e-01
3.362793180980823693e-01
3.097547891149241561e-01
4.149653388511119201e-01
2.990236449774014149e-01
2.119168830485948507e-01
4.316497184356145600e-01
4.607235618351862017e-01
3.970066323985956824e-01
4.726929486464127028e-01
3.334435802909795354e-01
4.040976254224183939e-01
4.123082114616847815e-01
3.784293319336656247e-01
1.848352025820768629e-01
2.044015295108695951e-01
4.355675181061732792e-01
4.029349194538205392e-01
2.354318046648683216e-01
4.043764989121640396e-01
4.248351850095055116e-01
4.383982531150897310e-01
2.843046035529399052e-01
1.943873470731429798e-01
4.225854841899009950e-01
4.307074286259162110e-01
4.008162285300114758e-01
4.301197370952364318e-01
2.821395805032227977e-01
3.941338120117372501e-01
4.173042356305775580e-01
4.768372372543033255e-01
1.100856591328706197e-01
1.295302831994708803e-01
3.962925020024176126e-01
4.513049526215034413e-01
2.461637251630458267e-01
4.087646288296115649e-01
5.083262628860385490e-01
3.173759343121322352e-01
6.196051652963414924e-02
1.799931322537851874e-01
4.491197045489605522e-01
1.063329361184075783e-01
2.195012814676519097e-01
4.353184881963343411e-01
1.116727902602269867e-01
4.151366006672782549e-01
3.359265735248311291e-01
3.113833852702599381e-01
1.755839327604175881e-01
2.497967122118199546e-01
3.403507539449177610e-01
3.117056855187089193e-01
5.662633452503254006e-01
-2.271203261660484016e-02
4.323184016723868872e-01
3.403781797117790275e-01
3.853683892770105590e-01
3.901459847014028814e-01
4.566994139909401063e-01
1.862562767844260503e-01
3.961466118814855331e-01
4.370956109910621445e-01
1.885702223662262533e-01
3.819797490788236494e-01
4.484305144535574716e-01
4.181194952278666777e-01
3.081518216160505363e-01
2.037835795456541532e-01
3.455690628119407193e-01
2.215911850734399169e-01
1.208467628417602274e-01
3.070928607039054015e-01
3.553260866018735920e-01
1.778776139069834505e-01
4.012947843991546693e-01
4.021571383549106815e-01
3.915399076233889164e-01
4.730437046227370379e-01
1.148780177588208523e-01
9.446694405013034146e-02
4.351077295764427255e-01
3.385513511014164312e-01
1.928077765724654502e-01
1.801529476411876662e-01
2.592218861770142491e-01
4.212536385032345509e-01
2.375937467316214524e-01
3.976519200893990913e-01
3.815813967713318489e-01
4.080734787254110540e-01
3.526573442164117056e-01
4.516749151322342337e-01
4.622394839566954516e-01
4.888747880829011905e-01
1.319638686769449842e-01
3.939767239744188521e-01
3.140325229206202828e-01
3.982679092211595107e-01
4.467174584661430248e-01
4.063828888585651056e-01
1.934182966166355100e-01
5.273892339715516853e-01
4.411936909538479168e-01
4.567003453249819378e-01
2.089340564522388644e-01
3.014127830086660298e-01
1.287771105881696243e-01
4.690132112095543038e-01
3.392244545028272329e-01
3.837478176727018853e-01
4.360832213244046351e-01
4.381580409627680583e-01
2.765467519535683705e-01
2.373756125247274418e-01
3.187299999668588013e-01
3.706902946636293494e-01
4.112592010442636115e-01
4.447839173805298585e-01
3.562869892340118083e-01
3.081001994206722383e-01
4.779607938541576284e-01
1.292422314471816103e-01
3.548001058473554958e-01
3.039261940123084149e-01
3.467893506465974385e-01
4.112991289520027127e-01
3.791806894684427998e-01
4.071068702511586590e-01
5.600405877231164897e-01
2.139591093148708878e-01
3.864338682826822247e-01
1.841743708401228155e-02
3.307322995571696511e-01
1.455547786332259952e-01
4.194609260288965080e-01
4.639298320069684678e-01
3.847848443943513441e-01
2.791003848787171338e-01
4.217189558278389705e-01
3.617504827622328722e-01
3.079084384634253602e-01
2.415778513820358020e-01
7.997568062209120532e-02
2.705110432383187047e-01
4.005918354469574227e-01
1.214981103861741130e-01
3.396209453040171522e-01
4.556192056672827562e-01
2.928417130832871029e-01
5.373607952424883649e-01
2.214754155966159321e-01
3.714284383417299495e-01
3.421162574076754281e-01
2.060657966396419183e-01
1.342865860688315094e-01
3.682903201338333377e-01
2.874365847317240652e-01
4.419481896975251400e-01
4.502315130457852921e-01
2.402187348396568611e-01
4.357874216496214759e-01
1.517608518127163686e-01
3.846165852446113420e-01
1.538733079932693149e-01
3.993561258723917207e-01
2.080017055194469666e-01
2.946577378287378313e-01
4.184023415340385466e-01
4.622394839566954516e-01
4.298981892156892304e-01
4.051933232220100156e-01
2.550752631969032125e-01
2.637679266940056722e-01
2.625684367443081868e-01
4.295303811462302113e-01
2.756848631669268634e-01
1.786606998751145634e-02
5.819876773985347418e-01
3.508033825252045435e-01
1.157247022817613630e-01
4.109321577388339031e-01
4.199065641061783261e-02
3.605064508055899064e-01
3.314413542533565238e-01
1.789681483957922536e-01
4.281086679068665246e-01
3.557140552982556159e-01
5.956796111735049998e-02
1.710931314025178895e-01
1.721819991649963799e-01
3.205417124688972330e-01
1.479694875067511239e-01
3.355574560443549403e-01
2.640891522113510970e-01
4.070934564020521340e-01
4.215987607094053846e-01
1.882990561158670861e-01
5.441435456392810233e-01
4.123907987090427718e-01
4.376897748701121249e-01
3.639811482027779932e-01
3.987605083346725809e-01
3.790008606321563223e-01
4.730706299106170465e-01
1.479150448942720963e-01
4.570885116279920779e-01
1.889063916332747173e-01
1.977422317855544176e-01
2.048410459033751796e-01
3.853838877774994343e-01
3.590464065275031369e-01
1.980647233390028517e-01
3.336289108692219729e-01
3.194694219005168589e-01
3.727883878608778678e-01
3.564296720489606995e-01
1.515136578914730303e-01
3.593240696273797274e-01
1.065106030292656963e-01
4.170496050198728155e-01
3.555344320143545289e-01
5.364387720100595169e-01
3.111550335818599189e-01
3.620003918089192974e-01
3.770273226787587140e-01
4.181702197808738752e-01
3.337943801453109871e-01
4.493583753488370469e-01
1.314989967556056960e-01
3.962161553072244824e-01
1.827796916734218402e-01
2.988168635928559191e-01
3.928873600222158591e-01
4.380158437725908405e-01
1.366288418990551506e-02
3.044720196588127648e-01
3.683762042480998034e-01
4.432563951171953343e-01
4.140293334586193225e-02
4.507686423824575073e-01
1.266786969466190405e-01
3.898039246199886398e-01
3.851526597664385321e-01
3.842615807983943976e-01
3.745957545523098675e-01
2.751983790916573969e-01
3.318247715245083995e-01
4.118829443223487319e-01
2.320076107087250261e-01
4.084432209125313240e-01
4.546968042334018634e-01
3.642485527697979508e-01
4.044358293634878754e-01
2.342362413715186054e-01
2.398501967407769275e-01
3.330325013282866564e-01
2.413100333659354002e-01
3.997130770913925879e-01
2.966892566579872881e-01
4.355375480372784547e-01
3.022527309660590911e-01
3.128643645650447391e-01
3.994057859013778744e-01
2.118357281951507853e-01
1.897053818878834952e-01
4.257490248587451065e-01
3.066962380404868460e-01
1.919827591132023670e-01
2.974720556582462483e-01
3.651085539100482058e-01
3.046604066566335756e-01
3.394431812443466367e-01
4.053873657941381992e-01
4.353188585557594692e-01
3.601112360971763238e-01
2.981611206131579705e-01
3.841762270167509152e-01
4.201123850213740463e-01
3.589704008567459748e-01
1.411437314089686867e-01
3.889895571051150691e-01
3.029704386542156902e-01
3.588742471519501542e-01
1.321268131990157302e-01
4.030529232029194664e-01
3.798903803646146993e-01
3.150293330732578667e-01
1.195326262773006021e-01
2.201200482276762516e-01
4.713392250741733625e-01
2.523241856707232333e-01
5.251330494969510543e-01
2.966695827138872144e-01
4.178587213642186993e-01
3.103449991809779651e-01
1.156557619893129564e-03
3.466880330086357098e-01
2.309175611808126360e-01
3.930131409043212676e-01
4.554047481625047578e-01
4.452367515261942965e-01
2.713871390390646954e-01
4.144927510963131168e-01
4.236487395453022997e-01
3.353363435840109319e-01
4.303025222926479820e-01
3.281250987919279855e-02
4.489083939582608762e-01
3.632561649393934999e-01
1.973244724377601622e-01
4.720469882424835895e-01
7.518718151810044326e-02
2.225431725658548743e-01
1.831397948892961591e-01
1.130356414952655431e-01
5.162952012464078200e-01
2.077298037782553397e-01
4.408681551432238055e-01
2.629238821489377487e-01
3.966078492360433083e-01
3.461574854352792441e-01
2.933645605124241551e-01
3.726465316536444194e-01
9.591943501972605146e-02
1.980898265381761114e-01
3.966915329149282576e-01
3.937715680470189050e-01
4.834242220814272128e-02
3.699934990547610464e-02
1.488521103633400344e-01
5.423228254491552214e-01
4.413560105773730591e-01
4.616058299334191983e-01
4.207166045571424928e-01
1.086281768584294594e-01
3.663502119731451012e-01
3.852066115001953062e-01
1.846533746928276654e-01
4.096298571786409215e-01
4.263259684974980979e-01
4.319516727322052496e-01
1.687693159349757110e-01
4.614506333182827325e-01
3.920279524694557094e-01
4.004982728474027476e-01
4.155119991963117654e-01
1.250869393553790676e-01
3.924524281034820206e-01
4.110783023314615869e-01
5.734025411176275622e-01
1.534731864010886182e-01
1.945237228239218297e-01
3.743110204337778413e-01
3.931622363396107267e-01
2.783515966657733043e-01
3.210050960077779902e-01
1.626528323104066143e-01
5.201360263202294831e-01
2.676036627747708230e-01
4.301267897328448497e-01
3.568150221930077026e-01
4.123832285391567098e-01
4.200093265986819535e-01
2.024326910891292575e-01
2.947482616636475372e-01
4.436364695273290470e-01
3.198616575463825162e-01
1.766242477393429600e-01
5.072377914726653447e-01
3.030297104355610949e-01
4.173259758035208211e-01
3.865796555444372395e-01
4.181645927739499058e-01
4.586947597080835992e-01
4.150132783643100676e-01
3.626918999908522179e-01
4.921615340466943822e-01
3.438765006546045666e-01
1.118307123323656060e-01
2.012412315408598495e-01
5.516443887718961436e-01
4.189217544043836172e-01
4.481086744366504782e-01
4.174278082145285729e-01
2.881637201128168790e-01
3.807952130029273463e-01
2.241830105363302184e-01
4.869039519774409075e-01
5.119961516267056839e-02
3.040868167291104207e-01
1.035479829242792610e-01
4.843827676165827767e-01
3.967956731638910828e-01
4.210664022709836862e-01
3.874912913277273607e-01
3.827660696055370515e-01
4.566994139909401063e-01
4.407328278174904024e-01
4.495111157913841415e-01
2.688178923895727102e-01
4.319336774797501999e-01
3.643926911520574685e-01
3.348312911659457880e-01
2.128862710027008276e-01
3.835145192005928183e-01
-3.269125993035462696e-02
3.836963617780827507e-01
4.074847222557880788e-01
4.979678400422694884e-02
4.051649515573428340e-01
2.143133281061790629e-01
1.692859907346881410e-01
4.007421265216368766e-01
1.238771486337598843e-01
3.725213877598759216e-01
5.371190559280556442e-01
3.605487500758505215e-01
3.886280097945249423e-01
6.281350252567005632e-02
3.514946948639280921e-01
4.374918715727504903e-01
4.020549086145442930e-01
4.475498373324473533e-01
3.941931919217698810e-01
3.727559607065652481e-01
2.192841088011252271e-01
3.568267482429300919e-01
2.654488282138812161e-01
2.485575140556108564e-01
6.607299607703601141e-02
4.785694069995531374e-01
3.244515581666701509e-01
4.088560511782286522e-01
2.430561696779594827e-01
1.874847184753813956e-01
4.099823804324687071e-01
3.827387701616950522e-01
3.998272675408488519e-01
2.651704499543527938e-01
3.685021076981798704e-01
-4.945589402893689479e-02
3.171179463803757703e-01
3.784563509316914987e-01
4.137594914242148647e-01
4.151773334823094519e-01
1.810964825230522435e-01
2.057115928114602865e-01
2.690217739668689934e-01
3.214051403674049179e-01
4.747977966502194835e-01
3.316850807124889777e-01
3.432754399204311913e-01
4.843827676165827767e-01
3.477450709022844588e-01
3.603791875522092125e-01
3.946031877304415070e-01
2.672042577011116693e-01
4.491905286731106006e-01
9.099051096656662896e-02
3.796260667179418569e-01
4.930312951909537333e-01
4.107574435222272613e-01
4.518989254496937891e-01
4.499154011523067709e-01
4.032822315770987487e-01
3.979916794487714515e-01
1.735235087597242487e-01
3.804349423452582646e-01
1.916417663513465264e-01
4.801938260100973022e-01
3.938118061089931343e-01
2.013303601173794255e-01
3.442228219232723596e-01
3.943762410925920614e-01
1.034277903991085157e-01
1.762861164718711737e-01
4.199544464353376916e-01
5.144327365757062759e-02
4.629311709700335564e-01
4.368416424092402828e-01
5.783963467812833770e-01
2.067612902308854084e-01
3.437560962494870531e-01
2.130315745690716522e-01
1.733694319362264480e-01
3.741547533197427944e-01
1.485283166185181469e-01
3.555937248529942307e-01
3.192574305420170511e-01
3.300371043363750090e-01
4.195962981662117453e-01
2.057503536679388401e-01
3.890805741993622613e-01
-2.423468305708575965e-02
3.010437081069723686e-02
4.470079855682002751e-02
2.985832191794845492e-01
3.448058575928411029e-01
3.226556227437875068e-01
4.604956407528935647e-01
1.762581081129542537e-01
4.048670464850745443e-01
2.516777573591940653e-01
4.263184767478802040e-01
1.945036030045827757e-01
1.574266738234944285e-01
3.393993796658060225e-01
4.027929568605724819e-01
1.742762545407088304e-01
5.956018962728396732e-02
1.995786060356335712e-01
1.411510104954744882e-01
2.811789201855639520e-01
9.919439539746863210e-02
1.794052690283595430e-01
4.146678206521666188e-01
3.983903193594847680e-01
3.711771881839814324e-01
2.921759689883746125e-01
3.706969505942622201e-01
1.852354365610823506e-01
2.232608409608929645e-01
4.509965931731691469e-01
1.440815649858865483e-02
3.191103361098239777e-01
4.250216706477611406e-01
4.005053044069708523e-01
4.102489617733879324e-01
1.639138662790924073e-01
3.980769454121622641e-01
3.346031841985731003e-01
9.506995093470455016e-02
5.410838317042959700e-01
4.265676529592353217e-01
1.804588355388839771e-01
2.028880136053343719e-01
3.658025188454613330e-01
4.247837916851320283e-01
3.545153653390238913e-01
1.362289162823402122e-01
4.109672027193679855e-01
2.003348389615939584e-01
3.020148849482410247e-01
1.847425779553169001e-01
3.798149693601449717e-01
3.174684310391691078e-01
1.294874761890930925e-01
5.818339034681362376e-01
4.189220845993539832e-01
4.244006163135375376e-01
4.358582139907422048e-01
2.346322879830903818e-01
1.025044650167983712e-01
3.790226853247219418e-01
4.295981643066484335e-01
3.606290220581486183e-01
1.943057452086108805e-01
4.888717002744694673e-01
4.235954620598827991e-01
3.936030257129771726e-01
4.516726027716287950e-01
3.875577757821173641e-01
4.190841358098025826e-01
3.629134362525818780e-01
2.480865612596725445e-01
3.956335164068696675e-01
3.634522746946856619e-01
3.682098032437929880e-01
2.365564081753024905e-01
4.783066574430540618e-01
3.730524434467794026e-01
4.137423199165131127e-01
2.574261170341446414e-01
5.655489338274403144e-01
3.698354344906093494e-01
4.855893555548691509e-01
1.896332491825603594e-01
2.087661170829256396e-01
4.059095169840691297e-01
4.557321536741413270e-01
2.867021365154028834e-01
5.065189356951861344e-01
3.119130374210783430e-01
4.005632425043589850e-01
2.269995351287814322e-01
3.993529415115981140e-01
5.616486683894428289e-01
1.126380054262229313e-01
2.051240843184579665e-01
2.314318261132369547e-01
2.964025123250893512e-01
4.268737306682116595e-01
3.943157517639721554e-01
1.813988334021418847e-01
3.231882098042608287e-01
2.718638285473179428e-01
4.947625170467717104e-01
4.171420201939800565e-01
5.489017535402669346e-01
1.674890563714015457e-01
4.351043868399011583e-01
4.379618613346020761e-01
5.086747816519211068e-02
3.115251364607215523e-01
3.631077766972524712e-01
9.872424414795374914e-02
9.166849957725375919e-02
5.417420898170069998e-01
4.595991865526276587e-01
1.756270945291513452e-01
2.514812160019816445e-01
4.082055663397488598e-01
4.023224842124347722e-01
5.086748833830289085e-01
2.579672052666082127e-01
4.118078792798874344e-01
4.555057229088813053e-01
3.342830420427099769e-01
4.201429990492962507e-01
2.977107072472316429e-01
3.297927760742958014e-01
4.297913340902365653e-01
3.134822574421721186e-01
3.752955386035578544e-01
1.593513647876701744e-01
4.381539352260618858e-01
1.542677627719414857e-01
2.569608335101280505e-01
4.152140697681189763e-01
2.535365166281398075e-01
3.432400613425659053e-01
4.096298680288526506e-01
1.315278056806926943e-01
4.286420243158118315e-01
3.993342742513847909e-01
3.164771591831204156e-01
5.178877492641602576e-01
4.382098185049632666e-01
4.306938645750262862e-01
4.156563389194978808e-01
3.206353494224838951e-01
1.238345650433484435e-01
4.146553111671684166e-01
3.664613041373878111e-01
4.605841096863321216e-01
4.250975983209519943e-02
3.133367368093288863e-01
1.263706541667961869e-01
2.184474899604572917e-01
5.400847489224327135e-03
4.104290520520605390e-01
3.183874356721648757e-01
2.684699008314314628e-01
2.741310757359536887e-01
2.753640968023260971e-01
1.130742085831449861e-01
2.339682259562511357e-01
4.011979899302312580e-01
3.162151930824432244e-01
4.005362368045848886e-01
4.525373022402623402e-01
3.421741668339495779e-01
4.144309263825554090e-01
4.240414452615491325e-01
4.234639166656847808e-01
4.808019337804313453e-01
4.305893430541882783e-01
4.666125858537708559e-01
1.677875101106610090e-01
1.146229468276461771e-01
4.859059065603571481e-01
3.911143410762988326e-01
2.622554089508955522e-01
2.250076295303855278e-01
3.095743231243319737e-01
4.110542870579131924e-01
4.110290539881371052e-01
5.558800485685145842e-01
3.336454615290547765e-01
1.583016768855196599e-01
4.064905468581917480e-01
3.023702470987604807e-01
3.213479481753928058e-01
2.555559214553466130e-01
4.025672397612449216e-01
4.380060161777792338e-01
4.782274598599219328e-01
3.849978327638675646e-01
4.774106078332827630e-01
3.809825597704133426e-01
1.969600464601994894e-01
3.922209364509481877e-01
4.711793141146623509e-01
4.141793216324197724e-01
4.369499910051331537e-01
3.622009874525032314e-01
3.591373468196781271e-01
2.541691546162235249e-01
1.942028466709456447e-01
5.342609036244676257e-02
2.984018300080688579e-01
1.800224721442512943e-01
1.346245199993745256e-01
1.745997932899960581e-01
4.428614103170917526e-01
4.969257270323366726e-01
1.189597576969544102e-01
3.529893349694258053e-01
3.191306545938423778e-01
4.887087641182646380e-01
4.256316487207446597e-01
3.841603776581734020e-01
1.050412459242267144e-01
1.240446847818212767e-01
3.750465011628836276e-01
3.329149446991928052e-01
4.238995379359186688e-01
1.743001576193338453e-01
5.066062816005939551e-01
8.925798774921926693e-02
1.457054334285778074e-01
2.983966043967396509e-01
2.173449009071900528e-01
1.963884408714657304e-01
1.479230845899541791e-01
3.907991123444117254e-01
1.856600110295419104e-01
4.591496852268677209e-01
1.555316827309720651e-01
3.995268770024943406e-01
3.865785888628214817e-01
3.893408996567467306e-01
7.159821296911661470e-02
4.128822303978654240e-01
2.641636253260105649e-01
4.453503301315900886e-01
2.585265866655613864e-01
-4.795547413443522304e-03
3.603671454976506427e-01
1.932880587507458670e-01
2.970209394558531169e-01
2.505158215896584606e-01
2.725175337618256366e-01
3.462927926995313932e-01
3.636243290534668104e-01
3.118821619922622634e-01
9.158874920902899952e-02
4.083666144346403959e-01
4.191971360968398952e-01
2.834136663015232038e-01
2.560836554215105698e-01
4.457168992852888478e-01
3.103413645052794378e-01
2.767200619079763779e-01
3.674831363926832628e-01
4.048323930249904112e-01
3.518982398586841254e-01
4.547386723166642608e-01
5.663675950802026238e-01
2.616749224535079854e-01
2.136398492832940199e-01
3.098347648013837219e-01
4.028048865334927786e-01
4.985983293642777259e-01
1.711735151388846243e-01
2.308290911685767777e-01
3.088585543669324918e-01
4.211019346189620594e-01
4.570250478061532728e-01
4.318914157599354486e-01
9.083891695365399477e-02
4.486816245517734336e-02
9.158874920902899952e-02
4.475498373324473533e-01
3.563221347916517012e-01
4.943756335997673279e-01
4.650093304819763462e-01
3.852362258979056819e-01
3.960815828699295049e-01
3.597547362718777064e-01
1.948045383355939131e-01
3.530062172349639482e-01
8.059892248243392954e-02
8.789672751723620614e-02
2.036501304009026292e-01
8.315932008928582364e-02
2.825177617277557784e-01
4.062430478447622839e-01
1.973081336111953965e-01
2.360064263168241694e-01
4.336654917612765558e-01
3.655926337609694543e-01
1.581429477899864988e-01
5.598557761293788682e-01
4.188882625808271754e-01
4.142822984814361065e-01
2.764727706875114155e-01
-1.470789271005099562e-02
1.802756502736281852e-01
4.795909191424841400e-01
2.228522297108090078e-01
2.056622870999753883e-01
3.692480696073163760e-01
4.742590394498538697e-01
4.812836606083858437e-01
3.972854113068591819e-01
1.763828679133776223e-01
4.007588971731425587e-01
2.561471451137394273e-01
2.453078480160721109e-01
1.609394060050592101e-01
3.844243369614123162e-01
2.906621283855862492e-01
1.426178399524138662e-01
1.869722181234672320e-01
3.637789618310244277e-01
4.337100221918967491e-01
4.412094051308203535e-01
4.404879466302823454e-01
3.533976827699382706e-01
4.632928334629858313e-01
2.607469262988253988e-01
3.507338821683747554e-01
2.288873142951189099e-01
2.982444424800120841e-01
3.126096528785707318e-01
3.420379206218359669e-01
3.842198727505681255e-01
2.625778137337694829e-01
2.809840449478583357e-01
-1.332082195089660456e-02
2.073693073822429345e-01
1.860673634527935383e-01
9.622072355313540659e-02
1.841594040959581846e-01
2.341765582442289009e-02
4.442709968785440444e-01
2.826729321820567464e-01
4.124815369341776061e-01
3.011350187507927378e-01
3.153879958872226053e-01
4.126549721120614245e-01
1.918119863397281244e-01
3.321674156502054664e-01
4.211605550556675737e-01
2.033320414712628810e-01
1.599999177490677160e-01
3.247567173212039249e-01
3.776931165643175881e-01
1.162381518352982868e-01
4.037367371532722959e-01
2.361086340663217098e-01
2.731837828168774962e-01
7.508962313618387785e-02
4.438417566115901991e-01
4.250316490252471491e-01
2.457384948480420273e-01
3.775912566024854922e-01
4.737062580500406295e-01
3.654475815751249135e-01
3.113975667251658308e-01
4.695137962448512337e-01
3.039764267996975522e-01
3.452485184306387511e-01
2.177459900664809045e-01
3.426930015519049633e-01
1.884187179764772180e-01
3.865473894628658202e-01
2.378702159347806377e-01
1.882211634625939600e-01
4.578531407765957240e-01
3.427632676058927630e-01
4.128225304169604870e-01
2.423343420627624978e-01
4.268357922702279983e-01
3.944960544827362248e-01
3.149595428933735231e-01
3.381333161364614703e-01
4.475225859988174459e-01
4.245761754774144414e-01
3.690801082263881483e-01
1.631321810955945195e-01
2.322300449447634030e-01
3.615035519430637723e-01
1.551363983986378536e-01
1.390511893708927527e-01
4.689864177009185342e-01
1.814310453778774646e-01
5.355559226890136415e-01
4.066700006464338824e-01
2.201682740785836645e-01
1.968697969665652026e-01
2.348343637936761985e-01
3.943804069929960354e-01
1.839273412617251635e-01
1.459606948297212381e-01
2.056690141482482581e-01
5.569395949771697163e-01
3.928830318043045056e-01
3.105798447314566113e-01
1.801265836339292770e-01
1.179007414082747091e-01
3.866615256405174783e-01
3.839155635223692187e-01
5.641840559471225092e-01
3.310744605968993226e-02
3.915876914578324541e-01
4.266175735592712126e-01
1.945673876441535166e-01
1.808337876792124876e-01
3.874741880747034073e-01
3.541669209349531666e-01
1.251270764668176438e-01
2.728695996885657782e-01
3.788735282320153108e-01
4.166460233667533819e-01
4.086253499522071730e-01
4.118424746508840828e-01
2.500688414132813953e-01
4.162424650322533171e-01
2.961717449604924779e-01
3.729280991700467118e-01
4.268706087946793071e-01
2.054485311246598001e-01
3.522674244528025134e-01
3.716853976609690857e-01
7.596081190275350004e-02
4.263514235505729277e-01
1.788133642131772283e-01
2.839668198034341895e-01
2.644684060508852297e-01
3.673642175952330780e-01
8.598004958481404725e-02
3.375201367738645541e-01
2.018665815631058291e-01
1.507766775718267227e-01
4.113039502217905596e-01
1.544480498066519436e-01
4.562853548920884905e-01
4.515116535941549047e-01
2.925044158921277226e-01
1.659495343963041103e-01
3.552380767589414234e-01
2.149845370824095547e-01
1.370505744185526731e-01
8.823161000207899174e-02
5.872473994360601773e-02
4.090058003647059626e-01
4.100164855938049913e-01
4.305444528861474551e-01
3.714282097196783261e-01
4.213192482189508370e-01
4.380708178742880876e-01
3.488435827654828292e-01
3.851034768563219579e-01
4.301607250043462116e-01
3.381599845875902233e-01
4.447189970992980190e-01
1.296725101810515535e-01
5.060746160405098504e-01
5.236987087480109437e-01
2.215664033558738810e-01
9.099072830273838286e-02
3.550186428865119148e-01
3.022985039222614301e-01
3.172831824495244701e-01
1.221246241247446462e-01
3.952968201888129585e-01
5.205732271157376134e-01
2.302439065398938500e-01
3.933222765058492776e-01
2.903007842830719332e-01
1.239071818537912650e-01
3.348849094683402083e-01
2.288856470553225775e-01
3.406042546398857507e-01
4.535249958085195710e-01
4.250415895618417927e-01
4.500128140832974077e-01
3.318679661135765513e-01
3.338860072787076527e-01
2.970046023978936134e-01
3.606679262287045273e-01
2.622441171791407011e-01
4.869039519774409075e-01
4.053549103421414945e-01
3.409716390739279124e-01
4.144475727234137596e-01
3.273225593692761781e-01
3.818136083343750542e-01
3.827163456785546147e-01
4.343014751569625465e-01
1.512615304225340962e-01
2.033282329587833837e-01
1.794125183805136414e-01
4.354090405363890692e-01
1.281303236595094097e-01
1.627123112675200323e-01
3.631829726891139254e-01
1.680026833767278016e-01
4.173461090663344031e-01
2.234219983462534254e-01
1.663588807845367556e-01
3.308507185187677946e-01
3.178045160770406885e-01
1.732417853985985801e-01
1.769362586677189486e-01
2.040659302896711824e-01
4.439578568642754131e-01
4.144689582209855616e-01
4.361150101626298237e-01
4.312375044121514733e-01
4.407141579017759270e-01
1.771964753740331577e-01
2.462069927369032740e-01
2.765862260610573164e-01
3.982204837134015740e-01
1.423940146227654913e-01
5.187350015508794820e-01
2.728896315444294118e-01
1.080315255994651891e-01
4.294722666654770538e-01
1.833623763604252943e-01
2.051443698576652652e-01
4.088911602227278119e-01
4.184957321898941651e-01
4.461928106072303724e-01
4.184392833722335170e-01
4.428364092717281264e-01
8.454397655704570802e-02
2.985070598008525700e-01
2.337670428867696382e-01
3.257110980503124392e-02
3.248321769545383653e-01
2.877213330405902769e-01
3.499980249597435256e-01
2.196307855023973410e-01
5.170183341234014796e-01
1.321860118036704557e-01
3.850522140664265902e-01
4.572164072225826659e-01
5.270561523469661225e-01
2.511036258131680854e-01
2.099781860585574755e-01
3.912650389405598061e-01
4.067110410846756507e-01
-4.336221378914117269e-02
4.241815099183389726e-01
4.291817928471912680e-01
3.190323247058590717e-01
3.432806198903344819e-01
2.495192871371660071e-01
3.482862663506066658e-01
3.288717818485601962e-01
3.965228648180120774e-01
4.329134773219038834e-01
1.716446600437337988e-01
4.096746297577716911e-01
3.301863091451178178e-01
4.873872713177298532e-01
2.462546671978934898e-01
5.296302144988294103e-01
3.955486483329823111e-01
4.410171908297375043e-01
7.346635810685558932e-02
2.520609938073148926e-01
1.771062827713989762e-01
3.685913605023623529e-01
1.560603157502420679e-01
2.656525020811973947e-01
4.369322635433715574e-01
7.686382618665783817e-02
4.267095018638406012e-01
4.848976685415310461e-01
3.371435160919217799e-01
3.577744424953627767e-01
2.074719536213668614e-01
1.105003807792576814e-01
1.202936751724195813e-01
4.048842129099811671e-01
3.427595527257611963e-01
3.929186204157134044e-01
5.575123086100615133e-01
2.387950607616515786e-01
4.360832213244046351e-01
2.058163156265461480e-01
1.181914852007812794e-01
1.893261735030603576e-01
3.505539852433792181e-01
3.708581500527189379e-01
2.366249180509517047e-01
3.972696926487285785e-01
1.776934061078184190e-01
4.008208686033384316e-01
2.312515510282816544e-01
3.172256763274864944e-01
3.176626782093620038e-01
4.169352755715285408e-01
3.868941970824189558e-01
3.997922179961722056e-01
4.365320786911372486e-01
1.456748920949994253e-01
1.327031461969822301e-01
3.952282683437979838e-01
3.720889558295003008e-01
3.810986435921852045e-01
-4.123287524450612584e-02
