SigStrength	NegCosCut	PosCosCut	bestEff	BkgExpect	BkgError	CVNCut	BDTCut
18495.207 -0.900 0.900 0.015 2924.059 54.075 0.500 0.048 
SigStrength	NegCosCut	PosCosCut	bestEff	BkgExpect	BkgError	CVNCut	BDTCut
18041.391 -0.900 0.900 0.015 2775.547 52.683 0.600 0.048 
SigStrength	NegCosCut	PosCosCut	bestEff	BkgExpect	BkgError	CVNCut	BDTCut
16412.493 -0.900 0.900 0.015 2268.029 47.624 0.800 0.048 
SigStrength	NegCosCut	PosCosCut	bestEff	BkgExpect	BkgError	CVNCut	BDTCut
23499.356 -0.950 0.950 0.008 1144.588 33.832 0.800 0.048 
SigStrength	NegCosCut	PosCosCut	bestEff	BkgExpect	BkgError	CVNCut	BDTCut
14017.483 -0.900 0.900 0.015 1609.569 40.119 0.950 0.048 
SigStrength	NegCosCut	PosCosCut	bestEff	BkgExpect	BkgError	CVNCut	BDTCut
FOM
18648.517 -0.900 0.900 0.015 2975.102 54.544 0.500 0.048 
15572.399 -0.900 0.900 0.018 2980.449 54.593 0.500 -0.045 
15421.129 -0.900 0.900 0.019 2980.449 54.593 0.500 -0.045 
14700.816 -0.900 0.900 0.019 2977.533 54.567 0.500 0.017 
2098.073 -1.100 0.850 0.115 2086.947 45.683 0.500 0.600 
2049.035 -1.100 0.850 0.118 2086.947 45.683 0.500 0.600 
1994.758 -1.100 0.850 0.121 2086.947 45.683 0.500 0.600 
1990.697 -1.100 0.850 0.121 2086.947 45.683 0.500 0.600 
721.178 -1.100 0.863 0.337 2116.843 46.009 0.326 0.600 
696.819 -1.100 0.863 0.351 2153.789 46.409 0.300 0.600 
532.355 -1.100 0.905 0.387 1490.468 38.607 0.300 0.600 
675.535 -1.100 0.863 0.361 2130.455 46.157 0.318 0.600 
SigStrength	NegCosCut	PosCosCut	bestEff	BkgExpect	BkgError	CVNCut	BDTCut
FOM
18570.568 -0.900 0.900 0.015 2949.094 54.306 0.500 0.048 
15502.552 -0.900 0.900 0.018 2952.497 54.337 0.500 -0.045 
15351.961 -0.900 0.900 0.019 2952.497 54.337 0.500 -0.045 
14637.116 -0.900 0.900 0.019 2950.553 54.319 0.500 0.017 
2089.971 -1.100 0.850 0.115 2069.932 45.497 0.500 0.800 
2041.122 -1.100 0.850 0.118 2069.932 45.497 0.500 0.800 
1987.055 -1.100 0.850 0.121 2069.932 45.497 0.500 0.800 
1983.010 -1.100 0.850 0.121 2069.932 45.497 0.500 0.800 
730.870 -1.100 0.800 0.376 2741.275 52.357 0.500 0.800 
710.287 -1.100 0.821 0.367 2462.237 49.621 0.500 0.800 
551.686 -1.100 0.905 0.350 1300.392 36.061 0.500 0.800 
690.811 -1.100 0.853 0.345 2033.716 45.097 0.500 0.800 
SigStrength	NegCosCut	PosCosCut	bestEff	BkgExpect	BkgError	CVNCut	BDTCut
FOM
18760.834 -0.900 0.900 0.015 3012.777 54.889 0.500 0.048 
15663.616 -0.900 0.900 0.018 3017.152 54.929 0.500 -0.045 
15511.460 -0.900 0.900 0.019 3017.152 54.929 0.500 -0.045 
14787.579 -0.900 0.900 0.019 3014.478 54.904 0.500 0.017 
1618.178 -1.100 0.500 0.264 6888.188 82.995 0.500 0.800 
1545.285 -1.100 0.500 0.277 6888.188 82.995 0.500 0.800 
1501.900 -1.100 0.500 0.285 6888.188 82.995 0.500 0.800 
1491.763 -1.100 0.500 0.287 6888.188 82.995 0.500 0.800 
733.733 -1.100 0.830 0.349 2360.393 48.584 0.500 0.800 
712.784 -1.100 0.830 0.359 2360.393 48.584 0.500 0.800 
556.220 -1.100 0.910 0.342 1259.557 35.490 0.500 0.800 
694.148 -1.100 0.830 0.368 2360.393 48.584 0.500 0.800 
SigStrength	NegCosCut	PosCosCut	bestEff	BkgExpect	BkgError	CVNCut	BDTCut
FOM
18529.635 -0.900 0.900 0.015 2935.483 54.180 0.500 0.048 
15469.641 -0.900 0.900 0.018 2939.372 54.216 0.500 -0.045 
15319.369 -0.900 0.900 0.019 2939.372 54.216 0.500 -0.045 
14605.446 -0.900 0.900 0.019 2937.184 54.196 0.500 0.017 
1258.371 -1.100 -1.000 0.667 27333.021 165.327 0.500 0.800 
1225.225 -1.100 -1.000 0.685 27333.021 165.327 0.500 0.800 
1203.900 -1.100 -1.000 0.697 27333.021 165.327 0.500 0.800 
1200.394 -1.100 -1.000 0.699 27333.021 165.327 0.500 0.800 
717.796 -1.100 0.829 0.366 2495.294 49.953 0.400 0.800 
695.818 -1.100 0.829 0.377 2495.294 49.953 0.400 0.800 
531.854 -1.100 0.910 0.364 1302.093 36.085 0.400 0.800 
674.584 -1.100 0.849 0.367 2201.673 46.922 0.400 0.800 
