Sample: newVertex/00a_newVertex/bdm_m05_b1p1_00a
SigStrength	NegCosCut	PosCosCut	bestEff	BkgExpect	BkgError	CVNCut	BDTCut
19049.61974467004	-0.9	0.9	0.01531	3110.731715596481	55.7739340157791	0.4	-0.2
19048.197857708605	-0.9	0.9	0.01531	3110.245587808452	55.769575825968516	0.4	-0.044827586206896586
19046.775859846046	-0.9	0.9	0.01531	3109.7594600204234	55.76521729555461	0.4	-0.01379310344827589
19043.220379826897	-0.9	0.9	0.01531	3108.544140550351	55.75431947885608	0.4	0.01724137931034478
19035.39588138861	-0.9	0.9	0.01531	3105.8704377161926	55.73033678093281	0.4	0.048275862068965475
18786.098426644712	-0.9	0.9	0.01531	3021.2842025991763	54.96620964373636	0.45	-0.2
18784.655686320384	-0.9	0.9	0.01531	3020.7980748111477	54.96178740553429	0.45	-0.044827586206896586
18783.212830143202	-0.9	0.9	0.01531	3020.3119470231186	54.95736481148926	0.45	-0.01379310344827589
18779.60518266079	-0.9	0.9	0.01531	3019.096627553047	54.946306768999925	0.45	0.01724137931034478
18771.665806670957	-0.9	0.9	0.01531	3016.422924718888	54.921971238466014	0.45	0.048275862068965475
18509.865616804	-0.9	0.9	0.01531	2928.919922873699	54.11949669826669	0.5	-0.2
18508.400350292704	-0.9	0.9	0.01531	2928.4337950856698	54.11500526735325	0.5	-0.044827586206896586
18506.934962416333	-0.9	0.9	0.01531	2927.947667297641	54.11051346362961	0.5	-0.01379310344827589
18503.270961555198	-0.9	0.9	0.01531	2926.732347827569	54.09928232266643	0.5	0.01724137931034478
18495.207486640338	-0.9	0.9	0.01531	2924.0586449934103	54.07456560152296	0.5	0.048275862068965475
 ======= BEST CUTS ========
18495.207486640338	-0.9	0.9	0.01531	2924.0586449934103	54.07456560152296	0.5	0.048275862068965475

Sample: newVertex/00a_newVertex/bdm_m05_b1p1_00a
SigStrength	NegCosCut	PosCosCut	bestEff	BkgExpect	BkgError	CVNCut	BDTCut
19150.291858309403	-0.9	0.9	0.01531	3145.246788546528	56.08249984216581	0.4	-0.2
19146.756457030562	-0.9	0.9	0.01531	3144.031469076456	56.07166369099865	0.4	-0.044827586206896586
19146.04929494604	-0.9	0.9	0.01531	3143.7884051824412	56.069496209458144	0.4	-0.01379310344827589
19143.927644978136	-0.9	0.9	0.01531	3143.059213500398	56.062993262047634	0.4	0.01724137931034478
19135.43858787441	-0.9	0.9	0.01531	3140.1424467722254	56.036973925902046	0.4	0.048275862068965475
18640.519146528542	-0.9	0.9	0.01531	2972.4283599022788	54.519981290369856	0.5	-0.2
18636.882611510886	-0.9	0.9	0.01531	2971.213040432207	54.50883451727992	0.5	-0.044827586206896586
18636.155215452723	-0.9	0.9	0.01531	2970.9699765381924	54.50660488911589	0.5	-0.01379310344827589
18633.972849103524	-0.9	0.9	0.01531	2970.2407848561493	54.49991545733029	0.5	0.01724137931034478
18625.240709339214	-0.9	0.9	0.01531	2967.324018127976	54.473149515407826	0.5	0.048275862068965475
18057.187037445427	-0.9	0.9	0.01531	2780.650947524906	52.73187790629977	0.6	-0.2
18053.42743553356	-0.9	0.9	0.01531	2779.4356280548336	52.72035307217539	0.6	-0.044827586206896586
18052.67541674485	-0.9	0.9	0.01531	2779.192564160819	52.718047803013526	0.6	-0.01379310344827589
18050.41916348877	-0.9	0.9	0.01531	2778.463372478776	52.711131390615925	0.6	0.01724137931034478
18041.391195051612	-0.9	0.9	0.01531	2775.546605750603	52.683456660991816	0.6	0.048275862068965475
 ======= BEST CUTS ========
18041.391195051612	-0.9	0.9	0.01531	2775.546605750603	52.683456660991816	0.6	0.048275862068965475

Sample: newVertex/00a_newVertex/bdm_m05_b1p1_00a
SigStrength	NegCosCut	PosCosCut	bestEff	BkgExpect	BkgError	CVNCut	BDTCut
19073.774880242545	-0.9	0.9	0.01531	3118.9958879929713	55.84797120749304	0.4	-0.2
19073.064891246897	-0.9	0.9	0.01531	3118.752824098957	55.8457950440224	0.4	-0.044827586206896586
19072.354874639106	-0.9	0.9	0.01531	3118.5097602049423	55.8436187957491	0.4	-0.01379310344827589
19068.80437730523	-0.9	0.9	0.01531	3117.29444073487	55.83273628199562	0.4	0.01724137931034478
19066.673747352903	-0.9	0.9	0.01531	3116.565249052827	55.826205755476764	0.4	0.048275862068965475
17913.740992886396	-0.9	0.9	0.01531	2734.468807662167	52.29214862349956	0.6000000000000001	-0.2
17912.982829760007	-0.9	0.9	0.01531	2734.2257437681524	52.289824476356316	0.6000000000000001	-0.044827586206896586
17912.22463301059	-0.9	0.9	0.01531	2733.982679874138	52.28750022590617	0.6000000000000001	-0.01379310344827589
17908.433144761526	-0.9	0.9	0.01531	2732.767360404066	52.275877423569526	0.6000000000000001	0.01724137931034478
17906.15784804931	-0.9	0.9	0.01531	2732.038168722023	52.26890250160245	0.6000000000000001	0.048275862068965475
16420.824275589333	-0.9	0.9	0.01529	2270.459833988649	47.64934242976128	0.8	-0.2
16419.991341331308	-0.9	0.9	0.01529	2270.2167700946347	47.6467918132442	0.8	-0.044827586206896586
16419.15836260489	-0.9	0.9	0.01529	2269.97370620062	47.644241060180825	0.8	-0.01379310344827589
16414.992801697477	-0.9	0.9	0.01529	2268.758386730548	47.631485245901665	0.8	0.01724137931034478
16412.492931076125	-0.9	0.9	0.01529	2268.029195048505	47.62383011737406	0.8	0.048275862068965475
 ======= BEST CUTS ========
16412.492931076125	-0.9	0.9	0.01529	2268.029195048505	47.62383011737406	0.8	0.048275862068965475

Sample: newVertex/00a_newVertex/bdm_m05_b1p1_00a
SigStrength	NegCosCut	PosCosCut	bestEff	BkgExpect	BkgError	CVNCut	BDTCut
27321.319905558015	-0.95	0.95	0.00775	1581.6167583517972	39.769545614097694	0.4	-0.2
27319.35216267687	-0.95	0.95	0.00775	1581.373694457783	39.76648959183829	0.4	-0.044827586206896586
27315.41622497294	-0.95	0.95	0.00775	1580.887566669754	39.76037684265271	0.4	-0.01379310344827589
27313.448030080937	-0.95	0.95	0.00775	1580.6445027757397	39.7573201156182	0.4	0.01724137931034478
27305.57374277125	-0.95	0.95	0.00775	1579.672247199682	39.74509085660369	0.4	0.048275862068965475
25741.96178029085	-0.95	0.95	0.00775	1392.5130488085827	37.31639115467334	0.6000000000000001	-0.2
25739.86522871794	-0.95	0.95	0.00775	1392.269984914568	37.313134214570724	0.6000000000000001	-0.044827586206896586
25735.67157892734	-0.95	0.95	0.00775	1391.7838571265393	37.30661948135397	0.6000000000000001	-0.01379310344827589
25733.57448061461	-0.95	0.95	0.00775	1391.540793232525	37.30336168809086	0.6000000000000001	0.01724137931034478
25725.184263471063	-0.95	0.95	0.00775	1390.5685376564672	37.29032766893403	0.6000000000000001	0.048275862068965475
23517.838197042194	-0.95	0.95	0.00775	1146.5323880659948	33.860484167625174	0.8	-0.2
23515.52875011893	-0.95	0.95	0.00775	1146.2893241719803	33.85689478041334	0.8	-0.044827586206896586
23510.90912558327	-0.95	0.95	0.00775	1145.8031963839514	33.84971486414548	0.8	-0.01379310344827589
23508.59894781671	-0.95	0.95	0.00775	1145.5601324899371	33.84612433484722	0.8	0.01724137931034478
23499.355798291792	-0.95	0.95	0.00775	1144.5878769138794	33.83175840706302	0.8	0.048275862068965475
 ======= BEST CUTS ========
23499.355798291792	-0.95	0.95	0.00775	1144.5878769138794	33.83175840706302	0.8	0.048275862068965475

Sample: newVertex/00a_newVertex/bdm_m05_b1p1_00a
SigStrength	NegCosCut	PosCosCut	bestEff	BkgExpect	BkgError	CVNCut	BDTCut
19199.01096044694	-0.9	0.9	0.01531	3162.0181972335226	56.23182548373761	0.4	-0.2
19198.30580862872	-0.9	0.9	0.01531	3161.775133339508	56.229664175944606	0.4	-0.044827586206896586
19196.190190852074	-0.9	0.9	0.01531	3161.045941657465	56.22317975406109	0.4	-0.01379310344827589
19190.547352538102	-0.9	0.9	0.01531	3159.1014305053495	56.20588430498491	0.4	0.01724137931034478
19182.785619056227	-0.9	0.9	0.01531	3156.427727671191	56.182094368857335	0.4	0.048275862068965475
17611.526076714013	-0.9	0.9	0.0153	2634.812611116257	51.33042578350833	0.675	-0.2
17610.75323656915	-0.9	0.9	0.0153	2634.5695472222424	51.32805808933592	0.675	-0.044827586206896586
17608.434502710883	-0.9	0.9	0.0153	2633.840355540199	51.320954351416724	0.675	-0.01379310344827589
17602.249646450215	-0.9	0.9	0.0153	2631.895844388084	51.30200624135555	0.675	0.01724137931034478
17593.741746137526	-0.9	0.9	0.0153	2629.222141553925	51.275941157173555	0.675	0.048275862068965475
14040.292312166146	-0.9	0.9	0.01523	1615.1595757257865	40.18904795744466	0.95	-0.2
14039.30141070936	-0.9	0.9	0.01523	1614.9165118317721	40.18602383704778	0.95	-0.044827586206896586
14036.328260553479	-0.9	0.9	0.01523	1614.187320149729	40.17695011010329	0.95	-0.01379310344827589
14028.3965881	-0.9	0.9	0.01523	1612.2428089976136	40.15274348033536	0.95	0.01724137931034478
14017.482754540395	-0.9	0.9	0.01523	1609.569106163455	40.119435516510634	0.95	0.048275862068965475
 ======= BEST CUTS ========
14017.482754540395	-0.9	0.9	0.01523	1609.569106163455	40.119435516510634	0.95	0.048275862068965475

Sample: newVertex/00a_newVertex/bdm_m05_b1p1_00a
SigStrength	NegCosCut	PosCosCut	bestEff	BkgExpect	BkgError	CVNCut	BDTCut	FOM
18665.22793564277	-0.9	0.9	0.01531	2980.692532298769	54.59571899241523	0.5	-0.2
18664.50169479692	-0.9	0.9	0.01531	2980.4494684047545	54.593492912660885	0.5	-0.044827586206896586
18663.04912444529	-0.9	0.9	0.01531	2979.963340616726	54.58904048082111	0.5	-0.01379310344827589
18655.784498550038	-0.9	0.9	0.01531	2977.532701676582	54.5667728721113	0.5	0.01724137931034478
18648.51691310924	-0.9	0.9	0.01531	2975.1020627364373	54.54449617272523	0.5	0.048275862068965475
 ======= BEST CUTS ========
18648.51691310924	-0.9	0.9	0.01531	2975.1020627364373	54.54449617272523	0.5	0.048275862068965475

Sample: newVertex/00a_newVertex/bdm_m10_b1p1_00a
SigStrength	NegCosCut	PosCosCut	bestEff	BkgExpect	BkgError	CVNCut	BDTCut	FOM
15573.004887994053	-0.9	0.9	0.01835	2980.692532298769	54.59571899241523	0.5	-0.2
15572.398961707948	-0.9	0.9	0.01835	2980.4494684047545	54.593492912660885	0.5	-0.044827586206896586
 ======= BEST CUTS ========
15572.398961707948	-0.9	0.9	0.01835	2980.4494684047545	54.593492912660885	0.5	-0.044827586206896586

Sample: newVertex/00a_newVertex/bdm_m20_b1p1_00a
SigStrength	NegCosCut	PosCosCut	bestEff	BkgExpect	BkgError	CVNCut	BDTCut	FOM
15421.729071488984	-0.9	0.9	0.01853	2980.692532298769	54.59571899241523	0.5	-0.2
15421.12903115709	-0.9	0.9	0.01853	2980.4494684047545	54.593492912660885	0.5	-0.044827586206896586
 ======= BEST CUTS ========
15421.12903115709	-0.9	0.9	0.01853	2980.4494684047545	54.593492912660885	0.5	-0.044827586206896586

Sample: newVertex/00a_newVertex/bdm_m40_b1p1_00a
SigStrength	NegCosCut	PosCosCut	bestEff	BkgExpect	BkgError	CVNCut	BDTCut	FOM
14708.25737056738	-0.9	0.9	0.01942885771543086	2980.692532298769	54.59571899241523	0.5	-0.2
14707.685090533583	-0.9	0.9	0.01942885771543086	2980.4494684047545	54.593492912660885	0.5	-0.044827586206896586
14706.540460601696	-0.9	0.9	0.01942885771543086	2979.963340616726	54.58904048082111	0.5	-0.01379310344827589
14700.815912916732	-0.9	0.9	0.01942885771543086	2977.532701676582	54.5667728721113	0.5	0.01724137931034478
 ======= BEST CUTS ========
14700.815912916732	-0.9	0.9	0.01942885771543086	2977.532701676582	54.5667728721113	0.5	0.01724137931034478

Sample: newVertex/00a_newVertex/bdm_m05_b1p5_00a
SigStrength	NegCosCut	PosCosCut	bestEff	BkgExpect	BkgError	CVNCut	BDTCut	FOM
2227.838680957917	-1.1	0.85	0.118785140562249	2536.614797934433	50.36481706443927	0.3	-0.2
2227.504991184644	-1.1	0.85	0.11876506024096385	2534.9133506763324	50.3479230026059	0.3	-2.7755575615628914e-17
2226.9202675782017	-1.1	0.85	0.11864457831325301	2528.107561643929	50.28028999164513	0.3	0.09999999999999998
2221.7223745604124	-1.1	0.85	0.1159437751004016	2396.60999498213	48.95518353537376	0.3	0.49999999999999994
2215.0538115490954	-1.1	0.85	0.11588353413654619	2378.866330719078	48.77362330931626	0.3	0.5999999999999999
2214.9303274595163	-1.1	0.85	0.11592369477911646	2380.3247140831645	48.788571551985044	0.31052631578947365	0.49999999999999994
2208.2303259843593	-1.1	0.85	0.11586345381526104	2362.581049820112	48.60638898149205	0.31052631578947365	0.5999999999999999
2201.9457122315043	-1.1	0.85	0.11585341365461847	2347.997216179247	48.456137033189584	0.32105263157894737	0.5999999999999999
2195.3162517546684	-1.1	0.85	0.11580321285140563	2330.9827435982384	48.28025210785708	0.33157894736842103	0.5999999999999999
2189.416123530909	-1.1	0.85	0.11575301204819277	2315.66971827533	48.12140602970086	0.34210526315789475	0.5999999999999999
2183.6267802407415	-1.1	0.85	0.11571285140562249	2301.0858846344654	47.969635027113405	0.3526315789473684	0.5999999999999999
2183.4155367860662	-1.1	0.85	0.11575301204819277	2302.301204104537	47.982300946333716	0.3631578947368421	0.49999999999999994
2176.556961493719	-1.1	0.85	0.11569277108433734	2284.557539841485	47.79704530451108	0.3631578947368421	0.5999999999999999
2170.651972437169	-1.1	0.85	0.11563253012048193	2269.0014506245625	47.634036682025624	0.3736842105263158	0.5999999999999999
2164.904783451419	-1.1	0.85	0.11556224899598394	2253.44536140764	47.47046830828236	0.38421052631578945	0.5999999999999999
2159.4593894804975	-1.1	0.85	0.11549196787148594	2238.6184638727605	47.31404087448841	0.39473684210526316	0.5999999999999999
2152.8256607111775	-1.1	0.85	0.1154718875502008	2223.3054385498526	47.151939923505296	0.4052631578947368	0.5999999999999999
2146.1284261476562	-1.1	0.85	0.1154417670682731	2207.5062854389157	46.98410673237191	0.4157894736842105	0.5999999999999999
2141.718678965795	-1.1	0.85	0.1153714859437751	2195.1100268441805	46.852001310981166	0.4263157894736842	0.5999999999999999
2135.7154591650115	-1.1	0.85	0.11533132530120482	2180.5261932033154	46.696104689827344	0.4368421052631579	0.5999999999999999
2128.5952332331713	-1.1	0.85	0.11530120481927711	2163.9978484103353	46.51879027243008	0.4473684210526315	0.5999999999999999
2123.275201774555	-1.1	0.85	0.11522088353413655	2149.41401476947	46.361773205621354	0.45789473684210524	0.5999999999999999
2123.0057872477214	-1.1	0.85	0.11521084337349398	2148.4417591934125	46.35128648908693	0.46842105263157896	0.49999999999999994
2115.80030393344	-1.1	0.85	0.11515060240963855	2130.6980949303606	46.159485427486736	0.46842105263157896	0.5999999999999999
2110.112578902407	-1.1	0.85	0.11508032128514056	2115.871197395481	45.998599950384154	0.4789473684210526	0.5999999999999999
2104.2562455573425	-1.1	0.85	0.1150301204819277	2101.530427648631	45.84245224296613	0.4894736842105263	0.5999999999999999
2098.072977511168	-1.1	0.85	0.11498995983935743	2086.9465940077657	45.683110599079896	0.5	0.5999999999999999
 ======= BEST CUTS ========
2098.072977511168	-1.1	0.85	0.11498995983935743	2086.9465940077657	45.683110599079896	0.5	0.5999999999999999

Sample: newVertex/00a_newVertex/bdm_m10_b1p5_00a
SigStrength	NegCosCut	PosCosCut	bestEff	BkgExpect	BkgError	CVNCut	BDTCut	FOM
2176.9388657489076	-1.1	0.85	0.1215625	2536.614797934433	50.36481706443927	0.3	-0.2
2176.6058418294037	-1.1	0.85	0.12154233870967741	2534.9133506763324	50.3479230026059	0.3	-2.7755575615628914e-17
2175.9926936934826	-1.1	0.85	0.12142137096774193	2528.107561643929	50.28028999164513	0.3	0.09999999999999998
2162.9771482724746	-1.1	0.85	0.11909274193548387	2396.60999498213	48.95518353537376	0.3	0.49999999999999994
2156.2770587946216	-1.1	0.85	0.11904233870967743	2378.866330719078	48.77362330931626	0.3	0.5999999999999999
2149.626211984776	-1.1	0.85	0.11902217741935484	2362.581049820112	48.60638898149205	0.31052631578947365	0.5999999999999999
2143.6857604795982	-1.1	0.85	0.11900201612903226	2347.997216179247	48.456137033189584	0.32105263157894737	0.5999999999999999
2137.9355525319693	-1.1	0.85	0.11891129032258065	2330.9827435982384	48.28025210785708	0.33157894736842103	0.5999999999999999
2132.3499477368628	-1.1	0.85	0.1188508064516129	2315.66971827533	48.12140602970086	0.34210526315789475	0.5999999999999999
2127.056107418161	-1.1	0.85	0.11879032258064516	2301.0858846344654	47.969635027113405	0.3526315789473684	0.5999999999999999
2121.241601967805	-1.1	0.85	0.11870967741935484	2284.557539841485	47.79704530451108	0.3631578947368421	0.5999999999999999
2115.28328729295	-1.1	0.85	0.11865927419354838	2269.0014506245625	47.634036682025624	0.3736842105263158	0.5999999999999999
2109.65501115868	-1.1	0.85	0.11858870967741936	2253.44536140764	47.47046830828236	0.38421052631578945	0.5999999999999999
2104.3209382854725	-1.1	0.85	0.11851814516129032	2238.6184638727605	47.31404087448841	0.39473684210526316	0.5999999999999999
2099.0987050387916	-1.1	0.85	0.1184274193548387	2223.3054385498526	47.151939923505296	0.4052631578947368	0.5999999999999999
2093.448339071361	-1.1	0.85	0.11834677419354839	2207.5062854389157	46.98410673237191	0.4157894736842105	0.5999999999999999
2089.1206028645374	-1.1	0.85	0.11827620967741935	2195.1100268441805	46.852001310981166	0.4263157894736842	0.5999999999999999
2083.427483090022	-1.1	0.85	0.1182258064516129	2180.5261932033154	46.696104689827344	0.4368421052631579	0.5999999999999999
2078.242921081007	-1.1	0.85	0.11809475806451612	2163.9978484103353	46.51879027243008	0.4473684210526315	0.5999999999999999
2073.1973310841413	-1.1	0.85	0.11800403225806452	2149.41401476947	46.361773205621354	0.45789473684210524	0.5999999999999999
2072.753638627486	-1.1	0.85	0.11800403225806452	2148.4417591934125	46.35128648908693	0.46842105263157896	0.49999999999999994
2065.5208455672205	-1.1	0.85	0.11795362903225806	2130.6980949303606	46.159485427486736	0.46842105263157896	0.5999999999999999
2060.119507907999	-1.1	0.85	0.11787298387096774	2115.871197395481	45.998599950384154	0.4789473684210526	0.5999999999999999
2055.263431102452	-1.1	0.85	0.11777217741935483	2101.530427648631	45.84245224296613	0.4894736842105263	0.5999999999999999
2049.0348356563177	-1.1	0.85	0.11774193548387096	2086.9465940077657	45.683110599079896	0.5	0.5999999999999999
 ======= BEST CUTS ========
2049.0348356563177	-1.1	0.85	0.11774193548387096	2086.9465940077657	45.683110599079896	0.5	0.5999999999999999

Sample: newVertex/00a_newVertex/bdm_m20_b1p5_00a
SigStrength	NegCosCut	PosCosCut	bestEff	BkgExpect	BkgError	CVNCut	BDTCut	FOM
2125.1116988398444	-1.1	0.85	0.1245271629778672	2536.614797934433	50.36481706443927	0.3	-0.2
2108.095752145342	-1.1	0.85	0.12219315895372233	2396.60999498213	48.95518353537376	0.3	0.49999999999999994
2100.849192268643	-1.1	0.85	0.1221830985915493	2378.866330719078	48.77362330931626	0.3	0.5999999999999999
2095.2222214023623	-1.1	0.85	0.12211267605633803	2362.581049820112	48.60638898149205	0.31052631578947365	0.5999999999999999
2089.422461103369	-1.1	0.85	0.12209255533199195	2347.997216179247	48.456137033189584	0.32105263157894737	0.5999999999999999
2082.7439802771555	-1.1	0.85	0.12206237424547284	2330.9827435982384	48.28025210785708	0.33157894736842103	0.5999999999999999
2076.9306773850053	-1.1	0.85	0.12202213279678069	2315.66971827533	48.12140602970086	0.34210526315789475	0.5999999999999999
2071.744939870088	-1.1	0.85	0.12196177062374246	2301.0858846344654	47.969635027113405	0.3526315789473684	0.5999999999999999
2065.8718624985554	-1.1	0.85	0.12189134808853119	2284.557539841485	47.79704530451108	0.3631578947368421	0.5999999999999999
2060.725131795002	-1.1	0.85	0.12180080482897385	2269.0014506245625	47.634036682025624	0.3736842105263158	0.5999999999999999
2055.3779489543163	-1.1	0.85	0.12172032193158953	2253.44536140764	47.47046830828236	0.38421052631578945	0.5999999999999999
2050.656076954937	-1.1	0.85	0.12161971830985915	2238.6184638727605	47.31404087448841	0.39473684210526316	0.5999999999999999
2044.846884749875	-1.1	0.85	0.12156941649899396	2223.3054385498526	47.151939923505296	0.4052631578947368	0.5999999999999999
2038.4599016862642	-1.1	0.85	0.12153923541247486	2207.5062854389157	46.98410673237191	0.4157894736842105	0.5999999999999999
2034.04312105199	-1.1	0.85	0.12147887323943662	2195.1100268441805	46.852001310981166	0.4263157894736842	0.5999999999999999
2029.4844579371795	-1.1	0.85	0.1213682092555332	2180.5261932033154	46.696104689827344	0.4368421052631579	0.5999999999999999
2023.3641651701805	-1.1	0.85	0.12129778672032193	2163.9978484103353	46.51879027243008	0.4473684210526315	0.5999999999999999
2017.4031098903167	-1.1	0.85	0.12126760563380282	2149.41401476947	46.361773205621354	0.45789473684210524	0.5999999999999999
2011.577917592602	-1.1	0.85	0.12111670020120724	2130.6980949303606	46.159485427486736	0.46842105263157896	0.5999999999999999
2006.1123581012146	-1.1	0.85	0.12104627766599597	2115.871197395481	45.998599950384154	0.4789473684210526	0.5999999999999999
2000.6696520422593	-1.1	0.85	0.12098591549295774	2101.530427648631	45.84245224296613	0.4894736842105263	0.5999999999999999
1994.7578061845447	-1.1	0.85	0.1209456740442656	2086.9465940077657	45.683110599079896	0.5	0.5999999999999999
 ======= BEST CUTS ========
1994.7578061845447	-1.1	0.85	0.1209456740442656	2086.9465940077657	45.683110599079896	0.5	0.5999999999999999

Sample: newVertex/00a_newVertex/bdm_m40_b1p5_00a
SigStrength	NegCosCut	PosCosCut	bestEff	BkgExpect	BkgError	CVNCut	BDTCut	FOM
2116.9033552890855	-1.1	0.85	0.12501002004008016	2536.614797934433	50.36481706443927	0.3	-0.2
2103.761780465626	-1.1	0.85	0.12244488977955911	2396.60999498213	48.95518353537376	0.3	0.49999999999999994
2096.3575078311496	-1.1	0.85	0.12244488977955911	2378.866330719078	48.77362330931626	0.3	0.5999999999999999
2090.7351674721313	-1.1	0.85	0.122374749498998	2362.581049820112	48.60638898149205	0.31052631578947365	0.5999999999999999
2086.1416059429826	-1.1	0.85	0.12228456913827655	2347.997216179247	48.456137033189584	0.32105263157894737	0.5999999999999999
2079.470746887466	-1.1	0.85	0.12225450901803607	2330.9827435982384	48.28025210785708	0.33157894736842103	0.5999999999999999
2074.343048501022	-1.1	0.85	0.12217434869739478	2315.66971827533	48.12140602970086	0.34210526315789475	0.5999999999999999
2068.309824352363	-1.1	0.85	0.12216432865731464	2301.0858846344654	47.969635027113405	0.3526315789473684	0.5999999999999999
2061.9320847187187	-1.1	0.85	0.12212424849699399	2284.557539841485	47.79704530451108	0.3631578947368421	0.5999999999999999
2055.773357609821	-1.1	0.85	0.12209418837675351	2269.0014506245625	47.634036682025624	0.3736842105263158	0.5999999999999999
2050.935625977772	-1.1	0.85	0.12198396793587174	2253.44536140764	47.47046830828236	0.38421052631578945	0.5999999999999999
2045.5408777186137	-1.1	0.85	0.12192384769539079	2238.6184638727605	47.31404087448841	0.39473684210526316	0.5999999999999999
2039.573009894855	-1.1	0.85	0.12188376753507014	2223.3054385498526	47.151939923505296	0.4052631578947368	0.5999999999999999
2034.3701839246123	-1.1	0.85	0.12178356713426854	2207.5062854389157	46.98410673237191	0.4157894736842105	0.5999999999999999
2031.1265952795575	-1.1	0.85	0.12165330661322646	2195.1100268441805	46.852001310981166	0.4263157894736842	0.5999999999999999
2025.72941559974	-1.1	0.85	0.1215931863727455	2180.5261932033154	46.696104689827344	0.4368421052631579	0.5999999999999999
2019.946691195993	-1.1	0.85	0.12150300601202405	2163.9978484103353	46.51879027243008	0.4473684210526315	0.5999999999999999
2013.8267357729887	-1.1	0.85	0.12148296593186372	2149.41401476947	46.361773205621354	0.45789473684210524	0.5999999999999999
2006.3405249383536	-1.1	0.85	0.12143286573146292	2130.6980949303606	46.159485427486736	0.46842105263157896	0.5999999999999999
2000.7163267633923	-1.1	0.85	0.12137274549098197	2115.871197395481	45.998599950384154	0.4789473684210526	0.5999999999999999
1995.2816036376255	-1.1	0.85	0.121312625250501	2101.530427648631	45.84245224296613	0.4894736842105263	0.5999999999999999
1990.697087798282	-1.1	0.85	0.12119238476953907	2086.9465940077657	45.683110599079896	0.5	0.5999999999999999
 ======= BEST CUTS ========
1990.697087798282	-1.1	0.85	0.12119238476953907	2086.9465940077657	45.683110599079896	0.5	0.5999999999999999

Sample: newVertex/00a_newVertex/bdm_m05_b10_00a
SigStrength	NegCosCut	PosCosCut	bestEff	BkgExpect	BkgError	CVNCut	BDTCut	FOM
742.5005412907565	-1.1	0.8631578947368421	0.33978947368421053	2293.793967814033	47.89356916971247	0.3	-0.2
742.2394689582788	-1.1	0.8631578947368421	0.33978947368421053	2292.092520555932	47.875803080010385	0.3	-2.7755575615628914e-17
741.2171741419692	-1.1	0.8631578947368421	0.33977894736842107	2285.286731523528	47.804672695496286	0.3	0.09999999999999998
739.5591005119039	-1.1	0.8631578947368421	0.3397157894736842	2273.6196646108365	47.68248802873898	0.3	0.19999999999999996
737.2340626074683	-1.1	0.8631578947368421	0.33966315789473683	2257.8205114998996	47.516528824188114	0.3	0.29999999999999993
733.0785887545014	-1.1	0.8631578947368421	0.33957894736842104	2229.8681636882416	47.221479897269646	0.3	0.39999999999999997
723.5116205727838	-1.1	0.8631578947368421	0.3395263157894737	2168.1299346085802	46.56318217871906	0.3	0.49999999999999994
721.2433796998059	-1.1	0.8631578947368421	0.3395263157894737	2153.7891648617297	46.40893410607197	0.3	0.5999999999999999
721.1780954525943	-1.1	0.8631578947368421	0.3367894736842105	2116.8434529715387	46.00916705365941	0.3264705882352941	0.5999999999999999
 ======= BEST CUTS ========
721.1780954525943	-1.1	0.8631578947368421	0.3367894736842105	2116.8434529715387	46.00916705365941	0.3264705882352941	0.5999999999999999

Sample: newVertex/00a_newVertex/bdm_m10_b10_00a
SigStrength	NegCosCut	PosCosCut	bestEff	BkgExpect	BkgError	CVNCut	BDTCut	FOM
717.5508485216877	-1.1	0.8631578947368421	0.35160416666666666	2293.793967814033	47.89356916971247	0.3	-0.2
717.2985488083849	-1.1	0.8631578947368421	0.35160416666666666	2292.092520555932	47.875803080010385	0.3	-2.7755575615628914e-17
716.2884148643117	-1.1	0.8631578947368421	0.35160416666666666	2285.286731523528	47.804672695496286	0.3	0.09999999999999998
714.7014773020867	-1.1	0.8631578947368421	0.35153125	2273.6196646108365	47.68248802873898	0.3	0.19999999999999996
712.4075385855443	-1.1	0.8631578947368421	0.3515	2257.8205114998996	47.516528824188114	0.3	0.29999999999999993
708.3003357654948	-1.1	0.8631578947368421	0.3514583333333333	2229.8681636882416	47.221479897269646	0.3	0.39999999999999997
699.0105390680586	-1.1	0.8631578947368421	0.35142708333333333	2168.1299346085802	46.56318217871906	0.3	0.49999999999999994
696.8191101673019	-1.1	0.8631578947368421	0.35142708333333333	2153.7891648617297	46.40893410607197	0.3	0.5999999999999999
 ======= BEST CUTS ========
696.8191101673019	-1.1	0.8631578947368421	0.35142708333333333	2153.7891648617297	46.40893410607197	0.3	0.5999999999999999

Sample: newVertex/00a_newVertex/bdm_m20_b10_00a
SigStrength	NegCosCut	PosCosCut	bestEff	BkgExpect	BkgError	CVNCut	BDTCut	FOM
547.2654777750962	-1.1	0.9263157894736842	0.34276748971193416	1219.937684058348	34.92760633164472	0.3	-0.2
547.2148482463526	-1.1	0.9263157894736842	0.34276748971193416	1219.6946201643336	34.92412661992184	0.3	-2.7755575615628914e-17
546.3533770808618	-1.1	0.9263157894736842	0.34276748971193416	1215.5625339660885	34.86491838461821	0.3	0.09999999999999998
545.1346987077245	-1.1	0.9263157894736842	0.34276748971193416	1209.7290005097427	34.78115869993038	0.3	0.19999999999999996
543.4705448797407	-1.1	0.9263157894736842	0.3427572016460905	1201.707892007267	34.6656586841685	0.3	0.29999999999999993
540.6338043161965	-1.1	0.9157894736842105	0.3662962962962963	1370.6372983472852	37.02211904182803	0.3	0.39999999999999997
533.9963427892135	-1.1	0.9263157894736842	0.3427572016460905	1156.9841355086146	34.01446950209006	0.3	0.49999999999999994
532.3553757994115	-1.1	0.9052631578947369	0.38684156378600826	1490.4677980963918	38.60657713520317	0.3	0.5999999999999999
 ======= BEST CUTS ========
532.3553757994115	-1.1	0.9052631578947369	0.38684156378600826	1490.4677980963918	38.60657713520317	0.3	0.5999999999999999

Sample: newVertex/00a_newVertex/bdm_m40_b10_00a
SigStrength	NegCosCut	PosCosCut	bestEff	BkgExpect	BkgError	CVNCut	BDTCut	FOM
695.8764367817492	-1.1	0.8631578947368421	0.3625555555555556	2293.793967814033	47.89356916971247	0.3	-0.2
695.6317580584839	-1.1	0.8631578947368421	0.3625555555555556	2292.092520555932	47.875803080010385	0.3	-2.7755575615628914e-17
694.6521363200077	-1.1	0.8631578947368421	0.3625555555555556	2285.286731523528	47.804672695496286	0.3	0.09999999999999998
692.9887012591125	-1.1	0.8631578947368421	0.36254545454545456	2273.6196646108365	47.68248802873898	0.3	0.19999999999999996
690.7222905873077	-1.1	0.8631578947368421	0.36253535353535354	2257.8205114998996	47.516528824188114	0.3	0.29999999999999993
686.7543748328189	-1.1	0.8631578947368421	0.36248484848484847	2229.8681636882416	47.221479897269646	0.3	0.39999999999999997
677.7813400248305	-1.1	0.8631578947368421	0.36243434343434344	2168.1299346085802	46.56318217871906	0.3	0.49999999999999994
675.6564656003271	-1.1	0.8631578947368421	0.36243434343434344	2153.7891648617297	46.40893410607197	0.3	0.5999999999999999
675.5938378846356	-1.1	0.8631578947368421	0.3615959595959596	2142.8512896310813	46.29094176651714	0.3088235294117647	0.5999999999999999
675.5351336700351	-1.1	0.8631578947368421	0.36063636363636364	2130.455031036346	46.15685248190507	0.3176470588235294	0.5999999999999999
 ======= BEST CUTS ========
675.5351336700351	-1.1	0.8631578947368421	0.36063636363636364	2130.455031036346	46.15685248190507	0.3176470588235294	0.5999999999999999

Sample: newVertex/00a_newVertex/bdm_m05_b1p1_00a
SigStrength	NegCosCut	PosCosCut	bestEff	BkgExpect	BkgError	CVNCut	BDTCut	FOM
18582.245261602973	-0.9	0.9	0.01531	2952.983248381126	54.34135854375676	0.5	-0.2
18580.785965230185	-0.9	0.9	0.01531	2952.497120593097	54.336885451717755	0.5	-0.044827586206896586
18578.59679587268	-0.9	0.9	0.01531	2951.767928911054	54.33017512313994	0.5	-0.01379310344827589
18574.947580568318	-0.9	0.9	0.01531	2950.5526094409815	54.31898940003377	0.5	0.01724137931034478
18570.56753211452	-0.9	0.9	0.01531	2949.094226076895	54.30556349101715	0.5	0.048275862068965475
 ======= BEST CUTS ========
18570.56753211452	-0.9	0.9	0.01531	2949.094226076895	54.30556349101715	0.5	0.048275862068965475

Sample: newVertex/00a_newVertex/bdm_m10_b1p1_00a
SigStrength	NegCosCut	PosCosCut	bestEff	BkgExpect	BkgError	CVNCut	BDTCut	FOM
15503.769752323788	-0.9	0.9	0.01835	2952.983248381126	54.34135854375676	0.5	-0.2
15502.552214042185	-0.9	0.9	0.01835	2952.497120593097	54.336885451717755	0.5	-0.044827586206896586
 ======= BEST CUTS ========
15502.552214042185	-0.9	0.9	0.01835	2952.497120593097	54.336885451717755	0.5	-0.044827586206896586

Sample: newVertex/00a_newVertex/bdm_m20_b1p1_00a
SigStrength	NegCosCut	PosCosCut	bestEff	BkgExpect	BkgError	CVNCut	BDTCut	FOM
15353.166484357342	-0.9	0.9	0.01853	2952.983248381126	54.34135854375676	0.5	-0.2
15351.960773215009	-0.9	0.9	0.01853	2952.497120593097	54.336885451717755	0.5	-0.044827586206896586
 ======= BEST CUTS ========
15351.960773215009	-0.9	0.9	0.01853	2952.497120593097	54.336885451717755	0.5	-0.044827586206896586

Sample: newVertex/00a_newVertex/bdm_m40_b1p1_00a
SigStrength	NegCosCut	PosCosCut	bestEff	BkgExpect	BkgError	CVNCut	BDTCut	FOM
14642.866766644209	-0.9	0.9	0.01942885771543086	2952.983248381126	54.34135854375676	0.5	-0.2
14641.716836586837	-0.9	0.9	0.01942885771543086	2952.497120593097	54.336885451717755	0.5	-0.044827586206896586
14639.991764359005	-0.9	0.9	0.01942885771543086	2951.767928911054	54.33017512313994	0.5	-0.01379310344827589
14637.116171407115	-0.9	0.9	0.01942885771543086	2950.5526094409815	54.31898940003377	0.5	0.01724137931034478
 ======= BEST CUTS ========
14637.116171407115	-0.9	0.9	0.01942885771543086	2950.5526094409815	54.31898940003377	0.5	0.01724137931034478

Sample: newVertex/00a_newVertex/bdm_m05_b1p5_00a
SigStrength	NegCosCut	PosCosCut	bestEff	BkgExpect	BkgError	CVNCut	BDTCut	FOM
2089.971228085321	-1.1	0.85	0.11498995983935743	2069.9321214267566	45.49650669476456	0.5	0.8
 ======= BEST CUTS ========
2089.971228085321	-1.1	0.85	0.11498995983935743	2069.9321214267566	45.49650669476456	0.5	0.8

Sample: newVertex/00a_newVertex/bdm_m10_b1p5_00a
SigStrength	NegCosCut	PosCosCut	bestEff	BkgExpect	BkgError	CVNCut	BDTCut	FOM
2041.1224479647265	-1.1	0.85	0.11774193548387096	2069.9321214267566	45.49650669476456	0.5	0.8
 ======= BEST CUTS ========
2041.1224479647265	-1.1	0.85	0.11774193548387096	2069.9321214267566	45.49650669476456	0.5	0.8

Sample: newVertex/00a_newVertex/bdm_m20_b1p5_00a
SigStrength	NegCosCut	PosCosCut	bestEff	BkgExpect	BkgError	CVNCut	BDTCut	FOM
1987.0550102931784	-1.1	0.85	0.1209456740442656	2069.9321214267566	45.49650669476456	0.5	0.8
 ======= BEST CUTS ========
1987.0550102931784	-1.1	0.85	0.1209456740442656	2069.9321214267566	45.49650669476456	0.5	0.8

Sample: newVertex/00a_newVertex/bdm_m40_b1p5_00a
SigStrength	NegCosCut	PosCosCut	bestEff	BkgExpect	BkgError	CVNCut	BDTCut	FOM
1983.0099724495883	-1.1	0.85	0.12119238476953907	2069.9321214267566	45.49650669476456	0.5	0.8
 ======= BEST CUTS ========
1983.0099724495883	-1.1	0.85	0.12119238476953907	2069.9321214267566	45.49650669476456	0.5	0.8

Sample: newVertex/00a_newVertex/bdm_m05_b10_00a
SigStrength	NegCosCut	PosCosCut	bestEff	BkgExpect	BkgError	CVNCut	BDTCut	FOM
730.8704336922917	-1.1	0.8	0.37569473684210525	2741.2745966945704	52.35718285674441	0.5	0.8
 ======= BEST CUTS ========
730.8704336922917	-1.1	0.8	0.37569473684210525	2741.2745966945704	52.35718285674441	0.5	0.8

Sample: newVertex/00a_newVertex/bdm_m10_b10_00a
SigStrength	NegCosCut	PosCosCut	bestEff	BkgExpect	BkgError	CVNCut	BDTCut	FOM
710.2866606754664	-1.1	0.8210526315789474	0.36734375	2462.237246366022	49.62093556520294	0.5	0.8
 ======= BEST CUTS ========
710.2866606754664	-1.1	0.8210526315789474	0.36734375	2462.237246366022	49.62093556520294	0.5	0.8

Sample: newVertex/00a_newVertex/bdm_m20_b10_00a
SigStrength	NegCosCut	PosCosCut	bestEff	BkgExpect	BkgError	CVNCut	BDTCut	FOM
551.6855288666721	-1.1	0.9052631578947369	0.35026748971193417	1300.3918329771193	36.06094609098768	0.5	0.8
 ======= BEST CUTS ========
551.6855288666721	-1.1	0.9052631578947369	0.35026748971193417	1300.3918329771193	36.06094609098768	0.5	0.8

Sample: newVertex/00a_newVertex/bdm_m40_b10_00a
SigStrength	NegCosCut	PosCosCut	bestEff	BkgExpect	BkgError	CVNCut	BDTCut	FOM
690.8112805801306	-1.1	0.8526315789473684	0.345	2033.715601218609	45.09673603730772	0.5	0.8
 ======= BEST CUTS ========
690.8112805801306	-1.1	0.8526315789473684	0.345	2033.715601218609	45.09673603730772	0.5	0.8

Sample: newVertex/00a_newVertex/bdm_m05_b1p1_00a
SigStrength	NegCosCut	PosCosCut	bestEff	BkgExpect	BkgError	CVNCut	BDTCut	FOM
18775.99681048709	-0.9	0.9	0.01531	3017.8813080829746	54.93524650061174	0.5	-0.2
18773.83143914932	-0.9	0.9	0.01531	3017.1521164009314	54.92860927058805	0.5	-0.044827586206896586
18770.9438711306	-0.9	0.9	0.01531	3016.1798608248737	54.91975838279766	0.5	-0.01379310344827589
18765.8895093225	-0.9	0.9	0.01531	3014.478413566773	54.90426589589167	0.5	0.01724137931034478
18760.83372386081	-0.9	0.9	0.01531	3012.776966308672	54.888769036194205	0.5	0.048275862068965475
 ======= BEST CUTS ========
18760.83372386081	-0.9	0.9	0.01531	3012.776966308672	54.888769036194205	0.5	0.048275862068965475

Sample: newVertex/00a_newVertex/bdm_m10_b1p1_00a
SigStrength	NegCosCut	PosCosCut	bestEff	BkgExpect	BkgError	CVNCut	BDTCut	FOM
15665.422951964978	-0.9	0.9	0.01835	3017.8813080829746	54.93524650061174	0.5	-0.2
15663.616312445562	-0.9	0.9	0.01835	3017.1521164009314	54.92860927058805	0.5	-0.044827586206896586
 ======= BEST CUTS ========
15663.616312445562	-0.9	0.9	0.01835	3017.1521164009314	54.92860927058805	0.5	-0.044827586206896586

Sample: newVertex/00a_newVertex/bdm_m20_b1p1_00a
SigStrength	NegCosCut	PosCosCut	bestEff	BkgExpect	BkgError	CVNCut	BDTCut	FOM
15513.24938848124	-0.9	0.9	0.01853	3017.8813080829746	54.93524650061174	0.5	-0.2
15511.460298617163	-0.9	0.9	0.01853	3017.1521164009314	54.92860927058805	0.5	-0.044827586206896586
 ======= BEST CUTS ========
15511.460298617163	-0.9	0.9	0.01853	3017.1521164009314	54.92860927058805	0.5	-0.044827586206896586

Sample: newVertex/00a_newVertex/bdm_m40_b1p1_00a
SigStrength	NegCosCut	PosCosCut	bestEff	BkgExpect	BkgError	CVNCut	BDTCut	FOM
14795.54358670553	-0.9	0.9	0.01942885771543086	3017.8813080829746	54.93524650061174	0.5	-0.2
14793.837267390887	-0.9	0.9	0.01942885771543086	3017.1521164009314	54.92860927058805	0.5	-0.044827586206896586
14791.56185485691	-0.9	0.9	0.01942885771543086	3016.1798608248737	54.91975838279766	0.5	-0.01379310344827589
14787.579002112017	-0.9	0.9	0.01942885771543086	3014.478413566773	54.90426589589167	0.5	0.01724137931034478
 ======= BEST CUTS ========
14787.579002112017	-0.9	0.9	0.01942885771543086	3014.478413566773	54.90426589589167	0.5	0.01724137931034478

Sample: newVertex/00a_newVertex/bdm_m05_b1p5_00a
SigStrength	NegCosCut	PosCosCut	bestEff	BkgExpect	BkgError	CVNCut	BDTCut	FOM
1618.1783937846794	-1.1	0.5	0.2642871485943775	6888.187692474502	82.9951064369129	0.5	0.8
 ======= BEST CUTS ========
1618.1783937846794	-1.1	0.5	0.2642871485943775	6888.187692474502	82.9951064369129	0.5	0.8

Sample: newVertex/00a_newVertex/bdm_m10_b1p5_00a
SigStrength	NegCosCut	PosCosCut	bestEff	BkgExpect	BkgError	CVNCut	BDTCut	FOM
1545.284634594229	-1.1	0.5	0.2767540322580645	6888.187692474502	82.9951064369129	0.5	0.8
 ======= BEST CUTS ========
1545.284634594229	-1.1	0.5	0.2767540322580645	6888.187692474502	82.9951064369129	0.5	0.8

Sample: newVertex/00a_newVertex/bdm_m20_b1p5_00a
SigStrength	NegCosCut	PosCosCut	bestEff	BkgExpect	BkgError	CVNCut	BDTCut	FOM
1501.8999826481077	-1.1	0.5	0.28474849094567406	6888.187692474502	82.9951064369129	0.5	0.8
 ======= BEST CUTS ========
1501.8999826481077	-1.1	0.5	0.28474849094567406	6888.187692474502	82.9951064369129	0.5	0.8

Sample: newVertex/00a_newVertex/bdm_m40_b1p5_00a
SigStrength	NegCosCut	PosCosCut	bestEff	BkgExpect	BkgError	CVNCut	BDTCut	FOM
1491.7633990533777	-1.1	0.5	0.28668336673346695	6888.187692474502	82.9951064369129	0.5	0.8
 ======= BEST CUTS ========
1491.7633990533777	-1.1	0.5	0.28668336673346695	6888.187692474502	82.9951064369129	0.5	0.8

Sample: newVertex/00a_newVertex/bdm_m05_b10_00a
SigStrength	NegCosCut	PosCosCut	bestEff	BkgExpect	BkgError	CVNCut	BDTCut	FOM
733.7332694051119	-1.1	0.8300000000000001	0.3485473684210526	2360.3934747739822	48.58388081219925	0.5	0.8
 ======= BEST CUTS ========
733.7332694051119	-1.1	0.8300000000000001	0.3485473684210526	2360.3934747739822	48.58388081219925	0.5	0.8

Sample: newVertex/00a_newVertex/bdm_m10_b10_00a
SigStrength	NegCosCut	PosCosCut	bestEff	BkgExpect	BkgError	CVNCut	BDTCut	FOM
712.7835564021655	-1.1	0.8300000000000001	0.3587916666666667	2360.3934747739822	48.58388081219925	0.5	0.8
 ======= BEST CUTS ========
712.7835564021655	-1.1	0.8300000000000001	0.3587916666666667	2360.3934747739822	48.58388081219925	0.5	0.8

Sample: newVertex/00a_newVertex/bdm_m20_b10_00a
SigStrength	NegCosCut	PosCosCut	bestEff	BkgExpect	BkgError	CVNCut	BDTCut	FOM
556.2200382183902	-1.1	0.91	0.3422942386831276	1259.5570987826977	35.4902394861277	0.5	0.8
 ======= BEST CUTS ========
556.2200382183902	-1.1	0.91	0.3422942386831276	1259.5570987826977	35.4902394861277	0.5	0.8

Sample: newVertex/00a_newVertex/bdm_m40_b10_00a
SigStrength	NegCosCut	PosCosCut	bestEff	BkgExpect	BkgError	CVNCut	BDTCut	FOM
694.1475905367814	-1.1	0.8300000000000001	0.36842424242424243	2360.3934747739822	48.58388081219925	0.5	0.8
 ======= BEST CUTS ========
694.1475905367814	-1.1	0.8300000000000001	0.36842424242424243	2360.3934747739822	48.58388081219925	0.5	0.8

Sample: newVertex/00a_newVertex/bdm_m05_b1p1_00a
SigStrength	NegCosCut	PosCosCut	bestEff	BkgExpect	BkgError	CVNCut	BDTCut	FOM
18542.80209236565	-0.9	0.9	0.01531	2939.8577981043472	54.22045553206232	0.5	-0.2
18542.070835577877	-0.9	0.9	0.01531	2939.614734210333	54.21821404482384	0.5	-0.07586206896551727
18541.339548621403	-0.9	0.9	0.01531	2939.3716703163186	54.21597246491405	0.5	-0.044827586206896586
18540.608231492504	-0.9	0.9	0.01531	2939.128606422304	54.21373079232146	0.5	-0.01379310344827589
18534.75660780548	-0.9	0.9	0.01531	2937.1840952701887	54.195794073619666	0.5	0.01724137931034478
18529.634851325853	-0.9	0.9	0.01531	2935.482648012088	54.18009457367242	0.5	0.048275862068965475
 ======= BEST CUTS ========
18529.634851325853	-0.9	0.9	0.01531	2935.482648012088	54.18009457367242	0.5	0.048275862068965475

Sample: newVertex/00a_newVertex/bdm_m10_b1p1_00a
SigStrength	NegCosCut	PosCosCut	bestEff	BkgExpect	BkgError	CVNCut	BDTCut	FOM
15470.861037281642	-0.9	0.9	0.01835	2939.8577981043472	54.22045553206232	0.5	-0.2
15470.25092603255	-0.9	0.9	0.01835	2939.614734210333	54.21821404482384	0.5	-0.07586206896551727
15469.640789612735	-0.9	0.9	0.01835	2939.3716703163186	54.21597246491405	0.5	-0.044827586206896586
 ======= BEST CUTS ========
15469.640789612735	-0.9	0.9	0.01835	2939.3716703163186	54.21597246491405	0.5	-0.044827586206896586

Sample: newVertex/00a_newVertex/bdm_m20_b1p1_00a
SigStrength	NegCosCut	PosCosCut	bestEff	BkgExpect	BkgError	CVNCut	BDTCut	FOM
15320.57744382721	-0.9	0.9	0.01853	2939.8577981043472	54.22045553206232	0.5	-0.2
15319.973259184959	-0.9	0.9	0.01853	2939.614734210333	54.21821404482384	0.5	-0.07586206896551727
15319.369049616498	-0.9	0.9	0.01853	2939.3716703163186	54.21597246491405	0.5	-0.044827586206896586
 ======= BEST CUTS ========
15319.369049616498	-0.9	0.9	0.01853	2939.3716703163186	54.21597246491405	0.5	-0.044827586206896586

Sample: newVertex/00a_newVertex/bdm_m40_b1p1_00a
SigStrength	NegCosCut	PosCosCut	bestEff	BkgExpect	BkgError	CVNCut	BDTCut	FOM
14611.785427233104	-0.9	0.9	0.01942885771543086	2939.8577981043472	54.22045553206232	0.5	-0.2
14611.209194621551	-0.9	0.9	0.01942885771543086	2939.614734210333	54.21821404482384	0.5	-0.07586206896551727
14610.632938236973	-0.9	0.9	0.01942885771543086	2939.3716703163186	54.21597246491405	0.5	-0.044827586206896586
14610.056658076426	-0.9	0.9	0.01942885771543086	2939.128606422304	54.21373079232146	0.5	-0.01379310344827589
14605.445560503915	-0.9	0.9	0.01942885771543086	2937.1840952701887	54.195794073619666	0.5	0.01724137931034478
 ======= BEST CUTS ========
14605.445560503915	-0.9	0.9	0.01942885771543086	2937.1840952701887	54.195794073619666	0.5	0.01724137931034478

Sample: newVertex/00a_newVertex/bdm_m05_b1p5_00a
SigStrength	NegCosCut	PosCosCut	bestEff	BkgExpect	BkgError	CVNCut	BDTCut	FOM
1258.3705648511452	-1.1	-1.0	0.6669176706827309	27333.021009708977	165.32701234132605	0.5	0.8
 ======= BEST CUTS ========
1258.3705648511452	-1.1	-1.0	0.6669176706827309	27333.021009708977	165.32701234132605	0.5	0.8

Sample: newVertex/00a_newVertex/bdm_m10_b1p5_00a
SigStrength	NegCosCut	PosCosCut	bestEff	BkgExpect	BkgError	CVNCut	BDTCut	FOM
1225.2247740014543	-1.1	-1.0	0.6849596774193548	27333.021009708977	165.32701234132605	0.5	0.8
 ======= BEST CUTS ========
1225.2247740014543	-1.1	-1.0	0.6849596774193548	27333.021009708977	165.32701234132605	0.5	0.8

Sample: newVertex/00a_newVertex/bdm_m20_b1p5_00a
SigStrength	NegCosCut	PosCosCut	bestEff	BkgExpect	BkgError	CVNCut	BDTCut	FOM
1203.8997684698454	-1.1	-1.0	0.697092555331992	27333.021009708977	165.32701234132605	0.5	0.8
 ======= BEST CUTS ========
1203.8997684698454	-1.1	-1.0	0.697092555331992	27333.021009708977	165.32701234132605	0.5	0.8

Sample: newVertex/00a_newVertex/bdm_m40_b1p5_00a
SigStrength	NegCosCut	PosCosCut	bestEff	BkgExpect	BkgError	CVNCut	BDTCut	FOM
1200.394288384197	-1.1	-1.0	0.699128256513026	27333.021009708977	165.32701234132605	0.5	0.8
 ======= BEST CUTS ========
1200.394288384197	-1.1	-1.0	0.699128256513026	27333.021009708977	165.32701234132605	0.5	0.8

Sample: newVertex/00a_newVertex/bdm_m05_b10_00a
SigStrength	NegCosCut	PosCosCut	bestEff	BkgExpect	BkgError	CVNCut	BDTCut	FOM
717.7955963353406	-1.1	0.8291919191919193	0.3658105263157895	2495.293935951983	49.95291719161137	0.4	0.8
 ======= BEST CUTS ========
717.7955963353406	-1.1	0.8291919191919193	0.3658105263157895	2495.293935951983	49.95291719161137	0.4	0.8

Sample: newVertex/00a_newVertex/bdm_m10_b10_00a
SigStrength	NegCosCut	PosCosCut	bestEff	BkgExpect	BkgError	CVNCut	BDTCut	FOM
695.8183053724666	-1.1	0.8291919191919193	0.37736458333333334	2495.293935951983	49.95291719161137	0.4	0.8
 ======= BEST CUTS ========
695.8183053724666	-1.1	0.8291919191919193	0.37736458333333334	2495.293935951983	49.95291719161137	0.4	0.8

Sample: newVertex/00a_newVertex/bdm_m20_b10_00a
SigStrength	NegCosCut	PosCosCut	bestEff	BkgExpect	BkgError	CVNCut	BDTCut	FOM
531.8538557251187	-1.1	0.9095959595959597	0.36354938271604936	1302.0932802352202	36.08452965240395	0.4	0.8
 ======= BEST CUTS ========
531.8538557251187	-1.1	0.9095959595959597	0.36354938271604936	1302.0932802352202	36.08452965240395	0.4	0.8

Sample: newVertex/00a_newVertex/bdm_m40_b10_00a
SigStrength	NegCosCut	PosCosCut	bestEff	BkgExpect	BkgError	CVNCut	BDTCut	FOM
674.583537093544	-1.1	0.8492929292929294	0.3668080808080808	2201.6727519825695	46.92198580604373	0.4	0.8
 ======= BEST CUTS ========
674.583537093544	-1.1	0.8492929292929294	0.3668080808080808	2201.6727519825695	46.92198580604373	0.4	0.8

