4.580400844887987377e-01
4.067677032552562966e-01
4.411947892706769708e-02
2.975855302011909953e-01
5.530747032209573089e-01
3.988362997396811549e-01
2.554902410161662418e-01
1.523212891468041508e-01
3.020680257661158274e-02
3.841885988306116828e-01
4.836529835805599142e-01
3.842350663663319787e-01
7.070149404858043496e-02
2.933925764644146894e-01
3.708880980477604616e-01
4.072098353163886575e-01
3.679578679667493968e-01
3.897726659691637674e-01
-8.739470444508541658e-02
1.326931516945879519e-01
4.639255062033847965e-02
8.569705390670279144e-02
3.649728884228409798e-01
3.568079429588956186e-01
4.518024453257182271e-01
3.054372230825145862e-01
4.069506495254091583e-01
3.348827871420353430e-01
3.870897870441082911e-01
-4.501786582648012978e-03
1.064682705808003560e-01
1.442564145422873534e-01
2.302130280147219599e-01
2.103309306577413607e-01
4.325139601622384755e-01
3.830411528030679413e-01
2.656111993292332718e-01
4.504390611647938747e-01
6.825479794703669112e-02
3.053818474607459255e-01
3.308124737423396855e-01
2.615864716729092709e-01
1.833236674573744118e-01
3.135954300048461874e-01
2.055092982280351255e-01
2.291577696180311929e-01
3.661046138006282535e-01
4.066891863932455276e-01
9.260797190023839498e-02
1.327085095365006517e-01
3.867369954394422327e-01
3.994275531272390989e-01
1.493377389523190824e-01
8.764197331681125580e-02
3.319029131310137770e-01
2.497481050060529340e-01
2.233718690404244700e-01
2.157685054160003446e-01
1.328320206290032890e-01
3.233112655613016861e-01
1.199847051247910357e-01
3.126275455830402339e-01
4.172574177761673164e-01
4.404368280672928959e-01
4.084199534115082186e-01
2.695266514537962843e-01
2.107463219208983163e-01
2.190992012255434940e-01
9.991483258293089309e-02
1.445633239884530630e-01
1.198079580131416466e-01
4.199814049169820485e-01
3.994849803311024128e-01
4.592230070987968760e-01
4.638969225057683610e-01
4.089619132292378612e-01
1.717703197685995498e-01
4.156612586502890228e-01
3.499347917515822082e-01
3.302613784197840907e-01
4.312849392141634430e-01
4.401433239072798376e-01
4.032368058691632173e-01
3.117726159520683993e-01
1.188550885209170710e-01
1.832572170214062934e-01
2.865378906162432404e-01
2.517973597199816838e-01
3.149479669415040650e-01
2.821062193593671941e-01
3.960006149596168035e-01
3.447456241881439176e-01
3.354662101413412034e-01
4.021080539057974579e-01
1.543594251114744353e-01
6.546785240093683234e-02
4.001215513394009160e-01
2.090199307121065608e-01
3.742412370171229741e-01
4.224626153967375175e-01
3.257702552224068238e-01
2.252941831651075755e-01
2.944569068206189244e-01
9.719477794886487165e-02
-2.437736628695671287e-02
3.040739768001886612e-01
3.089818705290542922e-01
4.096276018905639638e-01
1.755404476844195927e-01
4.229712331570260608e-01
2.642135360509015873e-01
3.599201289741016940e-01
1.359187529396312377e-01
-5.945636053614903119e-03
-5.211156244350604455e-02
2.211068948777835108e-01
3.794737757189633465e-01
4.026068706262857511e-01
4.386840395589344799e-01
4.541019406090543442e-01
4.146415652974345112e-01
2.353625688623399714e-01
3.447538125089056327e-01
4.815664460040002259e-01
2.054123784111592521e-01
2.439429910478257690e-01
1.879370238703131635e-01
4.230451564999642700e-01
1.971737242849462557e-01
2.841940148966093926e-01
3.100474538461303053e-01
3.101477400915969573e-01
4.021518606708637256e-01
1.402039807822030304e-01
3.500295491606827958e-01
3.911299127690380240e-01
4.828800932923740796e-01
3.222500465811018455e-01
2.175467012354648233e-01
3.026183868348253370e-01
2.085259616348890954e-01
4.112195799298910548e-01
2.787611504579810551e-01
3.682713370142066123e-01
2.422618609888830543e-01
4.534416578841820034e-01
5.666992238137248394e-01
4.201332582561782547e-01
4.145677009564123217e-01
4.376275889252144724e-01
3.662456719467835353e-01
1.605240808960372023e-01
3.557567632459930906e-01
2.079036685664336082e-01
3.767495996641375133e-01
3.220629977898887275e-01
1.085435224849593400e-01
2.230978303676716956e-01
4.042574825043007136e-01
4.145959341615901295e-01
3.232946458584392002e-01
4.369880429257906873e-01
3.222457417440481864e-01
1.329663382004267758e-01
4.096871708468640544e-02
3.989603507702523255e-01
3.867791541341110695e-01
1.976340972894412851e-01
5.022184535000415347e-03
3.764197735594778105e-01
3.103458173242835683e-01
5.719297172843711488e-03
3.929326906092706073e-01
4.250034539928982391e-01
1.805086587982061008e-01
1.845468461940157068e-01
2.458073591501095667e-01
4.548429606098158273e-01
1.301301368424054861e-01
1.365011055645150573e-01
4.013406693428193117e-01
4.274050668216773374e-01
3.577575037796792423e-01
3.919491306812276088e-01
3.589154702907452199e-01
4.326571433731841720e-01
1.843027427626378612e-01
3.763033412031807634e-01
5.499696036257945703e-02
4.792703789726409647e-01
3.208183793409228324e-01
2.736109965215364759e-01
4.517409361186902061e-01
1.466136300889333555e-01
4.477475511763992500e-01
4.265635667238656947e-01
2.041522201095352651e-01
3.089580252075791456e-01
3.130242022493210929e-01
3.084848760010032720e-01
6.862030828707912922e-02
2.370233103984216716e-01
2.406937367769331759e-01
3.426315563258576224e-01
2.358741302456465183e-01
3.477444456147494867e-01
3.867461165464729511e-01
1.931458510371080739e-01
4.080214006136800853e-01
3.000886815101950211e-01
3.875654691423611742e-01
2.466644065432436472e-01
3.574559570195297575e-01
1.496733047307999553e-01
2.117142612576380922e-01
1.022394799432581741e-01
2.157904707827017765e-01
4.836910806032446719e-01
3.707432314980427246e-01
1.941373688174580225e-01
2.740581249080711324e-01
4.175332668783171552e-01
9.454068305875969191e-02
2.092023364218077996e-01
3.504379330386678260e-01
3.693496700561499368e-01
7.734337276518876703e-02
4.641972489386656520e-01
3.177667851608300120e-01
8.975976211709105201e-02
3.453128522610398043e-01
4.376772753639893709e-01
3.769244700781513302e-01
3.884888387346161487e-01
1.275949062497387376e-01
4.355979031982590288e-02
2.415445824960988641e-01
4.088240669947005856e-01
4.123907987090427718e-01
2.815562478946863068e-01
4.162193386462206823e-01
4.044942232527520276e-01
1.512178078451525409e-01
2.179070066013636953e-01
2.819140185847433533e-01
4.109806412978289081e-01
8.276860234758284807e-02
2.197035782086717848e-01
3.831442825093688831e-01
4.304237783252807814e-01
3.902221349310035503e-01
1.192594836702150773e-01
3.753371868196239691e-01
3.425472606784356056e-01
1.894659766759718977e-01
1.764189970852381439e-01
2.410940070201261498e-01
3.058196175293117491e-01
1.940061116281185383e-01
3.736899966378173787e-01
2.488607212508349986e-01
3.813758462115665604e-01
4.110396417201512276e-01
2.232409787251648792e-01
2.919704024126180686e-01
1.578575044866802612e-01
4.638909772536291554e-01
2.939470747287018515e-01
3.135897907992137856e-01
3.204848362815212459e-01
1.750885430471399440e-01
4.006713388276431642e-01
3.773784802581388043e-01
3.968754220124638410e-01
3.981446372897286534e-01
2.044255472739502921e-01
1.576074285583438372e-01
1.938292930098396982e-01
1.833208166679793638e-01
1.613382285022222917e-01
9.470113383186262723e-02
2.251973229569712576e-01
6.075585349773948707e-02
5.023366384015159891e-01
1.049829643958547359e-01
3.349667348358231211e-01
2.635030807023379107e-01
3.317210934572212278e-01
3.837357126537216945e-01
3.330522640657062605e-01
4.653703930806232791e-01
4.075728836697464774e-01
2.793056677722655090e-01
4.796504441715050970e-01
4.166890096234583951e-01
3.639727623791186861e-01
1.471994081650701280e-01
4.127234402258059265e-01
4.068188961722777885e-01
1.762956556958554521e-01
4.016244169426763655e-01
4.091976194110403808e-01
3.382564053362198675e-01
4.678203860698216254e-01
2.324850100656278562e-01
3.660059213537543710e-01
3.086238830837164104e-01
3.757770992967220391e-01
4.238987354766667881e-01
1.399249062575358138e-01
1.396383209227688438e-01
3.000275773500758469e-01
3.286013340357370471e-01
5.251308716203629406e-02
4.612953050068864247e-01
4.359915310191253002e-01
4.137976674895508800e-01
3.183693993009342749e-01
3.574848110310844262e-01
2.550780445024138365e-01
4.745748026843306100e-01
2.518602879604334710e-01
4.146799764576061809e-01
4.012089142055231261e-01
4.069730369767562972e-01
2.160359245623439672e-01
3.032676236707518846e-01
4.147952979845809240e-01
4.901513541685420527e-02
2.111643215189347444e-01
2.626109839304959226e-01
3.947544291840850983e-01
2.689719317041168178e-01
3.542452056895670776e-01
3.000230493886877903e-01
1.764519749241005020e-01
2.075619108802121415e-01
4.296744306314397299e-01
2.297720697940122681e-01
3.143206307703712010e-01
-5.588349587708336258e-02
7.362990804169493309e-02
3.533384780192506125e-01
4.120199636172329205e-01
8.717662528797485988e-02
2.576488384792286479e-01
3.679643385102085995e-01
4.012432548558709788e-01
2.907524638251374194e-01
2.513445527932039458e-01
1.281325925440634714e-02
4.183674957160902763e-01
1.498289798340487755e-01
2.079359229472030612e-01
1.646440547396410548e-01
3.263893083875653023e-01
2.102399711702348239e-01
3.300907543388143517e-01
1.516585675930843535e-01
1.823347161099630187e-01
2.145555685634682741e-01
3.707481556270076917e-01
5.235496566098378768e-01
1.546332540826212409e-01
3.940371709394970834e-01
3.956829257399509525e-01
4.653517908801880210e-01
2.353056198146513678e-01
3.942988859293473647e-01
1.852118791955124910e-01
3.092805896368998053e-01
3.273659242008630232e-01
4.110035967774676169e-01
3.807760772957153317e-01
4.509730400398042627e-01
1.341373271542528889e-01
2.205366078179790967e-01
3.175850244682074108e-01
3.698864062541762365e-01
3.938336577300001196e-01
3.498267631435771907e-01
3.989440371553888420e-01
3.978325944953389204e-01
2.400880258712673743e-01
3.981229648735566951e-01
2.141485218962780324e-01
3.202167143142704009e-01
2.051085864818443516e-01
2.539942771433483237e-01
2.210077035078861496e-01
3.611180013086804363e-01
1.634088463079318709e-01
9.956633257930500025e-02
3.100757729401732998e-01
4.258953245699825807e-01
3.229958584959158330e-01
2.995604798438920580e-01
3.856092135223458950e-01
4.395645362719355909e-01
2.323979543567043504e-01
2.243470396802089983e-01
2.263684729576060373e-01
1.698241100338883647e-01
3.931156151997461379e-01
3.302191558686111694e-01
4.301267954172769969e-01
3.274169835959676034e-01
4.108927559937511909e-01
2.905062620655090022e-01
3.494688956936972124e-01
2.160391397103539612e-01
2.170375341391232449e-01
1.678791571810623884e-01
5.791951402383621605e-01
4.143387438967359171e-01
3.265941551565429979e-01
4.081412620517980705e-01
6.783598544408563080e-02
3.774030563403349969e-01
3.787657922477887240e-01
2.117504340792986384e-01
1.346339811609609249e-01
2.348314643183646577e-01
1.385259375773713053e-01
1.962171281288038194e-01
5.852014218102242760e-01
2.953121652980644218e-01
3.567431772776210042e-01
2.575775852426905876e-01
5.099905239569488824e-01
3.674286640147334526e-01
1.755732081871101968e-01
4.233431105330348609e-01
5.272768334128508094e-01
1.090658170149002293e-01
2.810848137969454777e-02
5.223095501970329013e-02
4.013244403305626373e-01
3.852686360404141142e-01
3.450624742694482494e-01
2.788133375282433324e-01
2.277281536072631452e-01
1.513106163653667180e-01
2.669786970273984039e-01
1.906954878959455923e-01
9.215259901249595043e-02
4.076520621457180860e-01
2.222956872863453837e-01
2.562004977415427986e-01
1.513181891907539045e-01
2.205622451826177999e-01
3.012549130507373718e-01
4.436135233419443713e-01
3.813380057351876129e-01
2.672056227946684737e-01
4.004621893999525950e-01
2.319236425385339251e-01
1.764109573895560612e-01
2.531114363126449884e-01
3.181126610314192749e-01
3.786182815450452321e-01
5.960268868251347024e-02
1.137420095555948807e-01
4.210879561439248575e-01
1.460849735850751063e-01
3.147197985656673969e-01
4.208925415490415434e-01
4.223199014211423963e-01
1.277124122842746567e-01
1.366183785528929939e-01
3.461832302699164310e-01
3.429271279594800492e-01
2.008631152568148004e-01
2.267750419665279793e-01
3.152993394090157775e-01
-5.135150283666674309e-02
1.498465256429352410e-01
3.920665644726474830e-01
4.263105883509318156e-02
4.331180122354660322e-01
4.426709791020426721e-01
4.178693061087939697e-01
3.680980655645652022e-01
2.464627563337679350e-01
1.812985885918288187e-01
4.494941380937736986e-01
3.978952679943958404e-01
2.437929590504766542e-01
1.623321991772773143e-01
3.138713233169408423e-01
2.261463941437988900e-01
4.143942876864128988e-01
4.140513522024497073e-01
4.218026482615792605e-01
4.034124190558915357e-01
4.011196628120756724e-01
3.798922870974204558e-01
2.016529714328921252e-01
3.039857320076435609e-01
5.407491234192908225e-01
2.353739633869481734e-02
3.284439770044512152e-01
4.012318332135133003e-01
4.186577114528586274e-01
3.230698105514602236e-01
2.087345298138341965e-01
8.833386239718951649e-02
4.880399537493750328e-01
1.910242582729317906e-01
1.345776155922238648e-01
2.588731780277401251e-01
3.431945983331377570e-01
3.417521345929133147e-01
9.086578440139975177e-02
3.905658286435277349e-01
4.394745703075069593e-02
4.232465729423549039e-01
3.969072390653886617e-01
2.644357748586526613e-01
4.073713156770757404e-01
3.438788800043756089e-01
4.337204300966927550e-01
3.061917439415372533e-01
4.314884109314550686e-01
1.291357300012875575e-01
4.216516214471141000e-01
3.946615365176783796e-01
4.056425914860524173e-01
4.007062379215831638e-01
1.489222284561234344e-01
3.027328557799641162e-01
4.467604287068567270e-01
8.928988289047459781e-02
6.019725671638990333e-02
2.353407428420237479e-01
1.649184541456273634e-01
4.358341443624048073e-01
2.588740879518039439e-01
1.460260412099696203e-01
1.468306378083840957e-01
4.303938536903508805e-01
3.097981451916556606e-01
3.587398643340337090e-01
4.102268502452065535e-01
8.503690777417054203e-02
2.192136031607705704e-01
3.623631272073181142e-01
2.603038356017801092e-01
4.379785077584448238e-01
3.365262080059369110e-01
2.520868558159400363e-01
3.117838328511386425e-01
4.655594113201105833e-01
4.250783617799011593e-01
3.658569306447913005e-01
3.928050694856185521e-01
3.325530714465833593e-01
9.429894078282084757e-02
2.481907308436245851e-01
4.307299648268196335e-01
2.217044888344673614e-01
4.415357536077788581e-01
4.155377037005252849e-01
2.792708622017564535e-01
2.697235763649551976e-01
3.638130942527396106e-01
1.071908381939205984e-01
3.920283665616653423e-01
4.322761166339527117e-01
4.520383534915765056e-01
3.154726701510187081e-01
2.161602638651985153e-01
3.892587858561981640e-01
3.628104545904697331e-01
1.179806484251343379e-01
3.080432634845205464e-01
4.385140835024712302e-01
1.982067889159045970e-01
3.698972547439549619e-01
4.103655179424258170e-01
1.992761053437498986e-01
3.533378546403570519e-01
2.932067204185103138e-01
1.860083430727204612e-01
2.016586797230464356e-01
2.080448883662210369e-01
2.667047498864506538e-01
4.229644839519154931e-01
2.038651215161878250e-01
8.409870984278176864e-02
3.076645001450922234e-01
4.588164262231041457e-01
2.876327242784196270e-01
1.676649409742047570e-01
4.303443746503645695e-01
2.040159656819649503e-01
8.517316842557166867e-02
4.242193328850072387e-01
4.313557640851731767e-01
4.808019337804313453e-01
8.627873805585238587e-02
3.161961199454769722e-01
3.881852067214472957e-01
4.086442989444949436e-01
2.747860216711325299e-01
3.201523378298822275e-01
1.814661047147146100e-01
2.182581209043736037e-01
3.621315113478674741e-01
4.031059675021447797e-01
1.890632824581409688e-01
4.203314397172847050e-01
4.385242560634783349e-01
3.747002597459650475e-01
1.896116022011103130e-01
1.395226949259910365e-01
1.997996940726281812e-01
4.352450776140701083e-01
3.971123972748599185e-01
2.032343048388320361e-01
3.036193733024104557e-01
1.903402617568753508e-01
2.040188954465863846e-01
2.013058645300616623e-01
-7.769399028202371438e-02
2.285934191955468209e-01
1.828560228090379547e-01
3.829947958855671741e-01
2.956505519085680933e-01
4.109381817016867222e-01
4.048343478887543867e-01
4.265265729374295711e-01
4.148994130477751119e-01
2.010448229794506991e-01
7.037139818753397613e-02
7.827016681288376243e-02
3.864848741113496855e-01
2.072254384088728918e-01
1.479511887543732973e-01
2.013980797947234058e-01
3.054497731883817901e-01
4.643494096521192938e-01
3.002318220671535975e-01
2.098441315477160840e-01
7.836352809225793914e-02
4.314312343405122263e-01
4.200541873902413070e-01
2.514749169872994017e-01
2.198906639642533301e-01
3.910298892522158232e-01
1.860658943382778596e-01
4.047621348545216158e-01
4.186519891798310966e-01
3.490730864227267194e-01
6.191101054564696060e-02
3.459719967717342914e-01
1.753252540041877749e-01
3.593469573087548219e-01
2.838318544557004164e-01
3.302095244904387772e-01
2.471698608548100473e-01
5.050248226236809801e-01
1.887911849567244227e-01
2.344972083398904061e-01
3.832242688593251456e-01
7.689301587015397177e-02
5.441248259510729490e-02
4.226649755378472095e-01
4.312168455260802502e-01
4.122616742190595152e-01
3.377174104685018441e-01
2.340847305089855390e-01
7.329789245040939372e-02
9.008660111490150724e-02
1.827967550939286201e-01
1.762239709403815302e-01
4.274840075265660122e-01
3.025299792268663635e-01
4.270553974510071793e-02
1.430566441882659967e-01
3.970372389579209238e-01
-3.252760499689631626e-03
3.113458092651980591e-01
4.232973450454295405e-01
5.700423187649324985e-01
5.326801883538438004e-02
3.360487079059594762e-01
3.673189726480902695e-01
3.550092464372063272e-01
4.300828016468410953e-01
3.286659687676115049e-01
1.317039265867920583e-01
1.333999516628426307e-01
3.291249274947267711e-01
1.145809007065170526e-01
3.961897497092167764e-01
2.066149087177650834e-01
3.240972846056509038e-01
-6.128896687127838999e-02
2.779875173348424489e-01
3.761120634849037248e-01
1.827598886315112692e-01
4.082249322457162655e-01
2.954535567511054617e-01
1.858761094058196950e-01
1.031869835804993946e-01
5.388070313295487690e-01
1.562609394425568399e-01
4.048008785332271597e-01
2.350191435214001312e-01
4.120381817658152479e-01
4.295412313579354824e-01
2.113712168981279893e-01
3.219479326847431433e-01
2.475910150377962082e-01
1.933714978071475188e-01
2.742092473205774983e-01
3.966630305498141662e-01
3.960118986196454749e-01
4.005703729398524815e-01
4.018001048983587675e-01
3.286504972370560829e-01
4.194652828764295904e-01
3.284114974869754011e-01
4.815748240686171244e-01
3.060307906978272374e-01
4.379108007777157141e-01
4.210577362919536992e-01
4.046516571276022045e-01
4.424912456563362961e-01
4.374285660021829947e-01
4.300186680578231835e-01
3.116588049695763751e-01
3.737484443839640957e-01
4.655594113201105833e-01
4.468804634164243450e-01
1.310553060553380500e-01
4.097767720948074510e-01
1.341540893413486757e-01
2.807463639445410553e-01
4.292806517607931083e-01
1.766644046425635273e-01
4.650666649922528539e-01
4.250352087452766714e-01
2.941385672313799882e-01
1.842522207901368392e-01
3.880703377914487273e-01
2.559103222937058608e-01
2.373584955533430962e-01
1.962413541568228392e-01
5.385549870524816152e-01
2.071842478310859659e-01
2.028984281488832309e-01
1.979589494744896094e-01
1.948879352618475280e-01
3.489569164838825510e-01
3.943863234495447179e-01
2.783989442511695667e-01
1.037777054529064880e-01
5.022982206440835817e-01
3.620500174201211063e-01
3.522078348411639137e-01
4.051137541591631197e-01
4.052688173353670709e-01
2.824553251491915828e-01
2.183031331009903930e-01
3.256971442968498165e-01
1.050512960832279685e-01
2.048755243078448640e-01
3.950277710367408046e-01
1.848819649873411630e-01
2.411221067033871013e-01
5.017349699932488472e-01
1.963197370482822751e-02
-3.276125118146620829e-02
2.620275955564354553e-01
3.238627081736162872e-01
3.204272240224219637e-01
4.039218551254544209e-01
4.486003953261445409e-01
3.601576623896444729e-01
1.171921084803554530e-01
1.827541378688982143e-01
3.545706046588978366e-01
4.500304863396797361e-01
2.111643215189347444e-01
4.122345041271677224e-01
3.243863364860585241e-01
8.955103740361466946e-02
4.358373729538893571e-01
2.398249815541413643e-01
7.587684869088093254e-02
2.265364900833121142e-01
8.902577313649898128e-02
4.444087269349062952e-01
2.444530046059030515e-01
1.102830072645243353e-01
4.106290047324299697e-01
1.112868044555936770e-01
3.368678788904647670e-01
1.295391651869220451e-01
2.365402032077787986e-01
4.542610984020534204e-01
3.459454742901840185e-01
3.245555091696842864e-01
4.432014779428039009e-01
3.531316893528230749e-01
6.281503995191535517e-02
2.806794748581642462e-01
4.536098819937546267e-01
4.011253209796458719e-01
4.164268303358300005e-01
3.793153932493139036e-01
3.139978067243215931e-01
3.266058498176120373e-01
3.931080487641585575e-01
3.820717559696300003e-01
3.923617079689487586e-01
2.358868409056024684e-01
3.330971656855957197e-01
2.580016563277145458e-01
5.005541689834419605e-01
9.137429386703223300e-02
1.419463276681620922e-01
3.822589729494975663e-01
3.365734022361421274e-01
9.902694331261531480e-02
4.177474810105644698e-01
2.083072985994645354e-01
3.694287176864518574e-01
4.067049135987704234e-01
3.955980911087811358e-01
4.001421699780329799e-01
3.882342465249475350e-01
4.462892348412052512e-01
2.347782404408745305e-01
-6.945144205528459846e-02
4.117539526074226464e-01
3.045094343421801408e-01
4.005915395245486788e-01
1.849831327502705625e-01
3.772660099095485053e-01
1.655005733561098757e-01
2.159027434624256891e-01
1.385179149764778628e-01
4.605724759358205689e-01
3.516065458583688130e-01
1.268302960215807185e-01
3.762881332311138749e-01
3.014126783653240937e-01
1.178088240576475459e-01
1.941845456209369825e-01
4.737696262945843562e-01
3.349949250550761648e-01
6.451841273739286620e-02
3.978455324288497907e-01
1.300101346679134184e-01
3.020565010493401759e-01
2.069773480277863342e-01
4.187460365743133628e-01
1.792805815488501264e-01
1.433155874573050770e-01
3.077082140298567636e-01
2.306511389261953482e-01
3.309311564698874109e-01
4.403479561615557536e-01
4.033201937086238753e-01
1.850321434262426346e-01
4.832942147540104094e-01
3.412669091422017020e-01
4.082438578364002146e-01
-2.056308443300824181e-03
3.386630013980597154e-01
2.377200694189446628e-01
3.615227762776264675e-01
4.276616630841194588e-01
2.907088798732140322e-01
2.387062485217057717e-01
2.891690236576561768e-01
1.825545830157938865e-01
6.484634107156321547e-02
3.669297147681411797e-01
1.746742703049228018e-01
6.916112092831458447e-02
4.070563991532878956e-01
2.691011183494237957e-01
4.301536041120599396e-01
2.427780528193249077e-01
2.365952728245327708e-01
3.328906540003851444e-01
1.795844048203396881e-01
3.116934164395486762e-01
3.647556251943895322e-01
1.947281116278692659e-01
2.899988236796660068e-01
4.499927324160412079e-01
1.774732232388436248e-01
3.843294168198822525e-01
1.006097045379534954e-01
4.588461592885218487e-01
4.629855687449981327e-01
3.944411565607280901e-01
3.468704194452075784e-01
4.404340118253453618e-01
4.034082906644412270e-01
1.342207582700837565e-01
2.983997281789134148e-01
2.282577787310962614e-01
3.911596362912485025e-01
1.483875760614826109e-02
3.922088535058212422e-01
4.009648161007071665e-01
2.717712709719619091e-01
1.320387404902058914e-01
3.479755680903859894e-01
-3.229232279022811042e-02
2.025431539618391397e-01
3.093692098924113454e-01
1.807024176881261712e-01
2.028455282425326300e-01
9.829182200973858585e-02
4.908629636565106091e-01
1.327186027644110811e-01
-3.757288017239443501e-02
3.893270449944503109e-01
3.723211885328221449e-01
4.571376144166600652e-01
3.049449778560211488e-01
1.992605338169795293e-01
2.250581793182237222e-01
-1.559555020490736160e-02
4.189719803870510795e-01
3.382296844389434676e-01
4.507295693386257351e-01
2.289092715552807356e-01
4.181645927739499058e-01
4.563022921762909245e-01
1.637777074495632701e-01
6.657508086365576672e-02
3.016498048253165587e-01
2.224996927023151494e-01
3.154364383274420591e-01
3.350011146133206608e-01
3.799163155654901036e-01
2.975137678552930431e-01
3.156649767307662668e-01
5.499074068436514695e-01
3.573990415805274878e-01
9.325355161318325814e-02
1.657540672541359464e-02
9.493759511475115265e-02
2.067168790488634611e-01
5.672883322202336709e-01
4.215179168815328392e-01
4.043773130722178588e-01
1.560169523293902238e-01
7.316175721438554491e-02
2.777888290049551623e-01
1.146213987586501976e-01
2.860023208652472462e-02
3.412290958432172561e-01
4.423837839978255193e-01
1.440284405574329130e-01
3.653685775323847196e-01
4.098036087553368345e-01
3.887065228392528327e-01
3.793630783323086453e-01
1.049608102966706202e-01
2.964537950312433057e-01
4.655594113201105833e-01
4.292005303122160553e-01
4.250761078403208493e-01
3.857037913946738672e-01
3.087029366888959236e-01
4.413836575391811845e-01
3.269368576202808518e-01
3.476066823646229431e-01
2.959033380247751421e-01
1.587068888763052965e-01
9.651188156492150616e-03
4.315368803831002298e-01
3.556536081464624632e-01
1.227503137762512020e-01
4.156677764118780205e-01
3.651191544424076119e-01
-2.046710970743354646e-02
1.153839281267760725e-01
1.177825912746751774e-01
1.441809211757899833e-01
3.255770951479947661e-01
2.390979884653803289e-01
3.607421216775256734e-01
3.431388652560198316e-01
1.333714509989089303e-01
4.125280298631275877e-01
1.996313708252106175e-02
3.013759091347034680e-01
4.309154377648187206e-01
3.354600807260484374e-01
1.612728653331902962e-01
5.511617427334036118e-02
3.537266540314367713e-01
9.797365662552390275e-02
1.955790861958922044e-01
4.735868399146448970e-01
8.361878925351159952e-02
3.854321042096762184e-01
3.177324071052590182e-01
8.093296834438019893e-02
-5.174429959977849304e-03
7.933600572194487999e-02
1.923501977101320926e-01
7.117232836871280333e-02
1.365243173000141585e-01
3.292491946581957429e-01
3.998162656336407550e-01
4.282035168477721365e-01
3.816533059996368715e-01
4.255686237204698852e-01
1.150019834191794849e-01
4.173858108830464375e-01
5.286837388309763019e-01
2.274312133947386516e-01
2.956842823330514958e-01
3.043084135772397211e-02
2.615959052992308798e-01
1.508162281079579448e-01
3.133308410158984758e-01
4.100285161757687424e-01
2.634697678554093203e-01
3.407840638503591424e-01
1.265658936645727983e-01
1.510137522495468843e-01
4.302769565383692263e-01
3.666593420562097583e-01
2.022617198013849371e-01
7.987802888271254564e-02
1.877556311513139120e-01
2.926168354542586503e-01
1.782097004240075500e-01
2.367502120220270623e-01
4.040542561719116521e-01
4.048026295042939093e-01
3.707964999796536376e-01
1.581950863351145875e-01
4.036831570237068290e-01
1.766256954023884551e-01
3.634662048727958505e-01
4.030286118409935892e-01
3.596504212577458226e-01
2.979517055523685509e-01
3.887953830441880365e-01
4.075757837052028099e-01
3.410960600075099713e-01
3.126120161086199944e-01
4.010059063295953741e-01
1.336098516274766279e-01
1.940641402459391818e-01
1.292668042929857597e-01
4.140758364209032316e-01
4.529080944291318245e-01
4.039829005741029655e-01
3.901175490142628210e-01
2.464360078026827661e-01
4.880207024448788844e-01
1.767886815152085456e-01
3.693567479002731191e-01
2.088536141029455062e-01
2.730166473175511532e-01
4.990905505667842523e-01
3.829077366498062074e-01
1.014088397741076328e-02
3.120881031596489108e-01
2.834498556370815270e-01
1.578316676223315562e-01
2.862193712205323148e-01
9.976297932671908397e-02
1.262290530588278947e-01
1.925548162719802614e-01
3.749428131997055158e-01
3.024558803796791734e-02
3.694984687806787127e-01
4.236126667198567008e-01
2.655855514203878109e-01
3.999589072883218965e-01
4.729605845324776348e-01
5.329337889127703232e-01
4.027532966605424924e-01
2.854985269706026840e-01
4.158509665732140204e-01
2.738013466608162361e-01
4.030626044132305519e-01
6.497254616997638621e-02
3.983368296025358891e-03
3.040749677170374032e-01
-1.488140340374859497e-02
3.361087521684384405e-01
3.144746243605050506e-01
1.781847914913398390e-01
3.930656663850105592e-01
1.160393738563147426e-01
2.595697604574370154e-01
1.116756708980772700e-01
4.245240546287119554e-01
2.602487300527762670e-01
9.826677297345291773e-02
3.797321050278394949e-01
1.078507823164644580e-01
3.354758776384784147e-01
4.201538520824714684e-01
2.328747592132885680e-01
2.768905051244228699e-01
5.235361367274005140e-01
1.848460221154827887e-01
2.268217638494672284e-01
1.914188401837212394e-01
9.544707638488526824e-02
3.873767432154607837e-01
4.071788265316245159e-01
4.009202304024693797e-01
2.601132999664096390e-01
4.541200998387050491e-01
4.174972666019926559e-01
1.779487179375509598e-01
3.404296014998053899e-01
1.296876580153532577e-01
-6.640483777189555743e-03
1.127817089079318214e-01
4.373327083857647124e-01
3.886944358278897615e-01
3.881449963347740062e-01
2.414477800451124145e-01
1.614913627472906177e-01
3.173417889655950619e-01
3.013243299252499896e-01
1.776445882876169224e-01
3.579717152771715871e-01
4.016031495319211109e-01
1.462786286874299402e-01
3.940663760580936370e-01
1.631966920147281119e-01
3.953236348584734938e-01
3.816014550162381003e-01
3.996019649486530212e-01
2.906824685285358534e-01
2.814552651610602307e-01
1.573345876255240194e-01
1.701438924523308860e-01
3.132304483844172149e-01
5.254407652144650331e-01
1.772800368583732911e-01
1.418587686587874097e-01
2.035959376181787073e-01
4.245493769067296141e-01
1.112079621546565589e-01
4.393653945567201902e-01
3.207526658532008912e-01
4.276553724508627141e-01
5.396910728461317142e-01
3.224459853677617005e-01
7.740891252504680797e-02
1.718864354563851837e-01
4.325859751126827080e-01
2.756640667756870000e-01
3.343381553922484262e-01
2.189540261397866228e-01
3.934650528027368588e-01
1.054942547780084033e-01
3.294231322237022308e-01
3.573132415917074090e-01
2.836517967069168700e-01
1.242381823538318969e-01
2.428917406322053107e-01
3.885072701323880051e-01
3.656511878101463275e-01
4.189017417179188296e-01
5.746588253490876319e-01
4.452080341899641303e-01
1.819079877655629118e-01
2.568231405218647789e-01
3.993820693717082260e-01
4.453953339052892368e-01
4.091976623969651450e-01
3.945245221188744544e-01
4.056773554813716820e-01
3.078870051875791103e-01
4.301992533385058382e-01
4.591194238826911689e-01
3.070717741161811953e-01
2.430960261464939764e-01
3.170965203864115622e-01
2.342970876160891669e-01
1.480033661154595004e-01
4.071795130616546188e-01
1.573823134279318525e-01
3.966768035969425732e-01
4.579698407576174302e-01
4.145124345836204149e-01
1.365523900133416291e-01
4.119514563348465330e-01
4.218123580185276222e-01
8.991071723302533625e-02
6.464337539320832993e-02
2.677020303947283963e-01
2.787971165032361309e-01
3.255965014673701807e-01
4.686005211875111653e-01
2.097426314892734123e-01
2.794868899583006772e-01
4.534820251113915734e-01
3.165112051973179019e-01
4.185776261025003220e-01
2.972213911214843796e-01
1.786081040988495849e-01
1.688320520665166635e-01
3.143022697226335871e-01
1.690822346298208878e-01
2.671538861637877682e-01
2.393092963253742531e-02
3.262873403800304328e-01
2.751271032003752559e-01
4.194212638787328529e-01
3.570630569952851219e-01
4.268058280932263693e-01
4.655594113201105833e-01
1.733537225723498498e-01
3.019378490260244408e-01
2.719000545204935948e-01
4.149955514834393622e-01
3.771633210164374583e-01
3.874096647908926161e-01
2.141746526914095894e-01
4.300309787951576146e-01
3.043183069709092803e-01
4.010073477688100851e-01
4.169547706842234858e-01
2.161861238562651499e-01
3.253941303723182910e-01
3.845862225349770958e-01
1.230750190970453586e-02
9.673105575060386707e-02
2.229010690187863686e-01
4.084911021706731371e-01
9.440642930234809105e-02
1.968418886868476547e-01
1.696729061566232821e-01
1.314180600655842418e-03
4.318886851578997987e-01
4.088098106878561566e-01
4.346120607450995044e-01
2.719359811274074668e-01
3.580612582570922853e-01
3.464959741995925491e-01
5.155170504597279130e-02
3.085131949083313452e-01
2.576400821716675615e-01
4.605699525458585297e-01
1.858513549071403870e-01
3.816381893104218159e-01
4.488409039817658486e-01
4.160747049922517427e-01
4.461863828837270840e-01
4.187921885203195749e-01
4.215765881046976693e-01
3.000175832262979569e-01
2.997925117249398697e-01
2.804189999951279752e-02
3.339668972459126084e-01
3.876713122314325299e-01
3.632757815412657743e-01
3.318294808068339430e-01
4.030569867835450126e-01
4.064864252714631143e-01
3.220744764425366169e-01
3.606940241620094634e-01
5.435813082488475390e-01
1.242107540403865201e-01
2.749395127984390758e-02
1.569806960573069954e-01
-3.756547322506453238e-03
4.150155214329325770e-01
3.659290148872185733e-01
4.264161752074821510e-01
4.243126929196152641e-01
4.144536107521242241e-01
1.462888691867368363e-01
3.153302649396698132e-01
5.024993805479482240e-02
2.503808713450874635e-01
2.990078338746371966e-01
2.187008397067821408e-01
5.600808847455146511e-01
4.650093304819763462e-01
-9.462344451373518994e-04
2.768169071218669619e-01
3.922699379986350765e-01
4.296501361153491905e-01
3.925360786300949312e-01
3.190563729657107106e-01
3.159877397002895938e-01
9.987632402499364848e-02
4.599578870907868738e-02
1.657893631717483607e-01
-5.123263805428816819e-03
4.110467728195200121e-01
2.011808988868074022e-01
2.456211466135496679e-01
4.219068839841066398e-01
1.760275826894069362e-01
1.483083913331543213e-01
4.108927559937511909e-01
7.514904213446724256e-04
2.406953197045682002e-01
1.419311391144473522e-01
3.944928468033231939e-01
3.644973889110377785e-01
4.077873386849921178e-01
2.354120515536403668e-01
3.618293788837468883e-01
3.069479307540978752e-01
4.210810247050483235e-01
2.549432292164273139e-01
3.626188901403074594e-01
3.871904938338225355e-01
3.670449092667291691e-01
3.052692063302382963e-01
9.118659856502110694e-02
5.567421713711944165e-01
3.314705711557394130e-01
4.168701359624991110e-01
1.671791515043859200e-01
-3.721470335663123324e-02
2.862596788234427758e-01
4.555426620915751235e-01
1.452465653463717032e-01
3.772502092628200465e-01
3.872009941832520452e-01
1.060452944102446317e-02
2.006974416679200013e-01
1.427074610154785983e-01
3.980678774566466238e-01
2.359522366667617388e-01
4.626538749931901062e-01
1.157158949802798709e-01
1.971706652876646648e-01
3.288793574539251030e-01
3.841825457817228950e-01
3.810360180788638362e-01
3.365549414411427853e-01
4.527861382155333736e-01
3.377414807607145297e-01
4.276347245187336887e-01
3.789574499101903138e-01
3.180389950023926326e-01
4.006736443005425308e-01
8.990737908655901944e-02
3.660397979137851587e-01
3.999004425303709920e-01
5.358349783502869279e-01
1.940285988267273776e-01
1.439795735274758404e-01
3.949461444999060600e-01
3.838678119040298681e-02
3.981272832578154341e-01
1.078515091769181866e-01
2.082943285509867015e-01
3.889394712001329468e-01
4.194049069874991598e-01
2.785144392985472450e-01
8.788805752902187352e-02
3.917984950967668967e-01
4.457582478109353707e-02
3.984024203122288332e-01
4.352290992147338500e-01
3.039349532658160991e-01
2.734884330280201170e-01
3.332727529811878586e-01
3.878965227316786279e-01
3.688601177982618884e-01
1.869714389828347201e-01
2.905859778033018648e-01
4.593938271059603839e-01
2.499670894141677036e-01
2.725585405913810710e-01
4.073314103825885768e-01
1.196344475683972786e-01
4.027947703189005968e-01
3.363887752204801074e-01
1.806036317178214001e-01
3.347052594219666610e-01
3.815827714080958777e-01
4.141961490452624184e-01
4.401950145647969825e-01
3.968786588194050391e-01
9.762804640359304398e-02
3.739976689103990948e-02
4.639814134570011128e-01
4.010041230775928112e-01
1.248993626380908856e-01
3.556887287257947117e-01
7.696481807450172852e-02
2.592260488202801083e-01
5.237171003132656821e-01
2.347187723443458773e-01
3.647755807045952592e-01
2.126739632090832999e-01
4.123082114616847815e-01
3.115667692831795010e-01
1.875291939703216670e-01
3.403329255948588372e-01
1.094225986137655343e-01
2.307831485092544654e-01
1.607938424692756108e-01
2.771352206540009244e-01
4.126388177857743811e-01
4.767171683966507367e-01
2.638913770419196725e-01
3.774582247915221900e-01
4.404279499878888116e-02
2.521836693297857535e-01
2.864957709657396934e-01
1.784240996114908606e-01
5.139035143904593372e-01
3.179861748440607760e-01
1.272103396704306610e-01
3.172859806008704875e-01
8.004426173467052430e-02
3.795180782743916570e-01
2.402147095148447209e-01
4.013065386015384761e-01
4.560438789286833106e-01
3.617640372076773025e-01
2.743198477814404179e-01
5.646210643017820496e-01
2.991143618755426892e-01
1.912231190651707269e-01
