3.399259135944061594e-01
4.300672948479111191e-01
4.030757446004964994e-01
1.279844590562836393e-01
4.192465525743603594e-02
4.219621380752057171e-01
2.668246396222527239e-01
2.546466598353018806e-01
4.479911868090941107e-01
1.256670329423278387e-01
1.779927692161835107e-01
4.045169328495816785e-01
1.754764029717055807e-01
4.216962169375123026e-01
2.677264236207754777e-01
1.878280330321328850e-01
2.986608365734672033e-01
1.172498974132652333e-01
3.382484341026766317e-01
8.159747680141662962e-02
3.911912815664430609e-01
4.132595430038250028e-01
4.371377828387600917e-01
5.016950168789949815e-01
3.279565116385246837e-01
1.859211400664678715e-01
4.260777305078909394e-01
1.215519758161437425e-01
3.354986132094286422e-01
7.355938407215854846e-02
2.390590474497460427e-01
5.448965311207361051e-01
1.135102749817581413e-01
5.031168102890792165e-02
1.126241896421229655e-01
2.960708701895848338e-01
4.147822650339197947e-01
3.457679017585335579e-01
2.142263865215664476e-01
3.691507495566274666e-01
3.954854246680282182e-01
3.822755711593976979e-01
3.286774150563391839e-01
3.506082031081412809e-01
2.214542025665823255e-01
1.993184014191106967e-01
4.356327840174758492e-01
1.837610660617850777e-01
2.028006823103692957e-01
2.039211023847562199e-01
1.474068535286321147e-01
3.812104611854005842e-01
4.244778323949098264e-01
2.196223646593166989e-01
5.020488725305216615e-01
4.027723332428758130e-01
1.751538425671288757e-01
3.185021522635314017e-01
2.636192135678965265e-01
3.198914827244961345e-01
4.273704229877848260e-01
3.906634312561352296e-01
4.110640696751742262e-01
3.240123005195573169e-01
3.412094078332595370e-01
2.841497636670391458e-01
2.728469451933848156e-01
1.755057397865619484e-01
3.017087206865242677e-01
3.985967069830012588e-01
4.057142315959133549e-01
1.583010944179406299e-01
4.294900745391326824e-01
3.013591581297570543e-01
1.364986210112572873e-01
3.470842361651118035e-01
5.774731958322046887e-01
3.152581718801489297e-01
4.639298320069684678e-01
3.893921989597828315e-01
1.037462744434604761e-01
1.055304197732017252e-01
2.420230008445138636e-01
5.356938985037082990e-01
2.299989001032773928e-01
1.691887002264494677e-01
1.702631734974800748e-01
3.177060370660713118e-01
3.649595179330890615e-01
2.127021892568557171e-01
4.379936205473926036e-01
2.041869402890856833e-01
4.251064257798655155e-01
1.682534890699723118e-01
7.069069205081779383e-02
3.434162091978527065e-01
3.226995146923514191e-01
2.305503623828973614e-01
2.140194538356940679e-01
4.398890647347976079e-01
3.517026399388655244e-01
5.666992238137248394e-01
2.149228273591125282e-01
2.898454958734596465e-01
4.205697165071789478e-01
3.896921527511836292e-01
3.094488251360827391e-01
4.109201410152667489e-01
6.685528220770391161e-02
3.983086062699096597e-01
3.865996666541981486e-01
4.002185203037940675e-01
5.038738769775672477e-01
4.312783677616607303e-01
1.162748349851523144e-01
1.515617262794610454e-01
9.619337236851330242e-02
2.714220061840065257e-01
9.316282923807087113e-02
2.148737874155761118e-01
1.077160113182206586e-01
3.110677657647825667e-01
2.385917725228920983e-01
1.825488518634344193e-01
1.533136066064282599e-01
4.066361533799001116e-01
1.602122037385313447e-01
4.258500906597663671e-01
3.391827824702352556e-01
4.216382846075407698e-01
2.690403616450324220e-01
3.842908967011792742e-01
3.320939090549779871e-01
3.160844729682100729e-01
1.977228289515242377e-01
2.721574966015422592e-01
1.276354073982277071e-01
2.113628122370074525e-01
2.880403827066859157e-01
4.071079245266049917e-01
3.780768181608067935e-01
3.707344710827533141e-01
2.953545672615333628e-01
3.419344140833258106e-01
4.152934309965091164e-01
4.463008738197346559e-01
3.376492011208961364e-01
1.471180489210224263e-01
2.733365692327881513e-01
1.949020882531005694e-01
4.093672193813970850e-01
3.829514678160743091e-01
2.143317447534719145e-01
1.814303300522568108e-01
4.157782263390198407e-01
3.554652296752898177e-01
3.698656778271687817e-01
1.275245495767744208e-01
4.095298504039235898e-01
3.953845949576555996e-01
3.725338165010424474e-01
1.623837902949938072e-01
2.155450366703649534e-01
2.485461565187104538e-01
2.505295944293258747e-01
4.521884709628687382e-01
4.359096854864306092e-01
3.812427100062145136e-01
5.577519414144993526e-02
3.871117730791145406e-01
2.145723179709647654e-01
3.266521107221496134e-01
2.883807410267889559e-01
2.520412640976907870e-01
3.898415722405970119e-01
3.434327535508702178e-01
2.549730116938750957e-01
3.911595070845209632e-01
3.158998884198202517e-01
1.400689765977650436e-01
3.842594591359648204e-01
1.482489916728319257e-01
2.231070256212734360e-01
4.790347741148039962e-01
3.094727182565785162e-01
4.569812080625635514e-02
4.108552523588752253e-02
2.330372866712704660e-01
9.682176563656244572e-02
2.223386885891613651e-01
2.566119703615341585e-01
3.848734485093950330e-01
6.498387282111639518e-02
2.226933772952549850e-01
3.885516726010468380e-01
1.216812145756606262e-01
4.119761866850623067e-01
3.879582704151570138e-01
4.073275977468211462e-01
2.836373471293798243e-01
2.323082531047662158e-01
4.019993727083863155e-01
3.751556722795097443e-01
6.047097805675598348e-02
2.602008189772983537e-01
1.795568678803006191e-01
1.760922157615931460e-01
4.216642924197755993e-01
1.135521696615241632e-01
2.850882937928039471e-02
3.295143276929403120e-01
2.595344271890600019e-01
1.795501648715742693e-01
5.924600417540874103e-02
4.092312022062570831e-01
2.714263791512613877e-01
4.176046035141879886e-01
