4.424233878099484429e-01
3.843021609221097812e-01
4.327556464496326583e-01
3.875033319093126316e-01
5.189433642033717264e-01
3.720430825451453427e-01
2.523624304471513424e-01
4.584627918910008648e-01
1.173946045758625517e-01
4.360034994872575842e-01
2.966944544280467055e-01
5.564976735304718591e-01
4.147253139116208742e-01
3.098865936279447397e-01
2.322213010693043589e-01
4.367104836394118950e-01
1.248552620096665677e-01
3.909689947937026178e-01
3.774922054140040228e-01
3.157410282919025368e-01
3.493589994800361254e-01
4.216420623068712348e-01
1.870736726286549301e-01
2.287057780130890838e-01
1.703790420576904996e-01
3.467338071058737037e-01
1.580123875867128769e-01
4.039149117368227571e-01
1.977548646113196085e-01
4.337216402583546904e-01
4.680865010590985476e-01
4.308550403829258801e-01
2.786896172320411647e-01
4.626684056464964723e-01
4.279762391851082981e-01
3.783390317002506831e-01
4.147846410435683251e-01
5.727527421038104416e-01
1.190531048689787569e-01
3.337116829643548832e-01
4.006696807161320151e-01
3.968754220124638410e-01
3.750684944382797203e-01
4.205995543819074367e-01
3.344603517938508075e-01
4.467604287068567270e-01
4.655594113201105833e-01
4.190785065622995020e-01
4.497929446671881104e-01
4.253102192277176119e-01
4.525061137112645349e-01
3.942302364116809787e-01
4.988501836485365049e-01
4.728950696679428134e-01
3.213498095157258927e-01
2.942979711561413136e-01
4.481451852538159697e-01
3.075528687688945939e-01
3.444443941794902431e-01
4.688301558149012838e-01
3.216080667941335069e-01
4.301849810986545508e-01
1.946102582257764613e-01
4.018161416357357574e-01
3.872649260786596437e-01
3.955749065921687624e-01
4.646991527622181817e-01
4.467968707299457831e-01
4.280564894254907382e-01
4.253751692173684540e-01
4.239299340467782562e-01
4.520180107761102017e-01
3.950203364633819159e-01
3.175335175381756581e-01
4.684723787350446589e-01
4.268116216498627491e-01
4.949519356860408448e-01
3.992809513734926208e-01
3.599034235483428712e-01
2.704960443869669495e-01
2.498370774059114896e-01
2.329269181518355825e-01
3.976452936182320874e-01
4.127787930683537998e-01
3.280245581914625896e-01
4.377027679882561362e-01
3.309381017671605418e-01
3.958527463658558232e-01
5.163369230696462919e-01
3.999114537318331219e-01
6.641591893958899602e-03
4.320975752178145557e-01
2.536968040049379924e-01
4.521052197572403841e-01
3.220865312559482718e-01
4.399304896398144038e-01
4.246721580683552877e-01
5.475574066255511907e-01
4.843827676165827767e-01
4.110229162951494208e-01
4.179904591162807992e-01
2.640526358342300539e-01
4.406042709408766189e-01
4.073263821081881120e-01
4.509369788321761496e-01
3.864474405075366548e-01
4.308024795508776372e-01
3.236331505557593635e-01
2.989279873534130272e-01
2.159493388771229205e-01
4.435463141017109145e-01
2.406107187574990092e-01
3.824838599557643937e-01
4.263035104679096521e-01
3.766126155546434817e-01
3.756742411983974850e-01
4.972004334806427450e-01
5.848776222824262350e-01
4.048610987434030362e-01
4.611835804391955507e-01
3.427965885023091519e-01
4.328684991903877233e-01
9.437515812087718392e-02
3.468978803974590019e-01
3.516131251114061329e-01
3.556850218329127289e-01
5.587791285838022981e-01
9.867453803668699286e-02
2.715839283536964355e-01
3.028969398595228180e-01
3.176553247947568326e-01
4.222520266874269512e-01
4.322909975644568248e-01
4.024222953721499074e-01
2.861906104834553433e-01
4.048073658395373586e-01
3.968685604879533813e-01
3.903618273197267396e-01
3.350936517745116694e-01
3.678507256322511298e-01
3.664285016238392756e-01
3.801639225001457456e-01
5.346645127583933288e-01
4.828800932923740796e-01
3.121783155125728570e-01
4.236941635520574678e-01
4.191488258922789756e-01
4.050368684802221897e-01
4.640022657797338024e-01
4.531381071334973365e-01
2.865940526397803279e-01
3.600419259406159589e-01
4.718934676634909953e-01
3.463846441397903098e-01
4.469431246960268167e-01
3.111074558806926627e-01
4.206017898159641888e-01
4.502594265535207474e-01
3.641443520666918787e-01
4.198568903769845928e-01
5.794105309650772195e-01
3.850452444962133569e-01
1.560330181942954086e-01
3.654288935688088658e-01
5.692362823869915323e-01
4.020120457556580762e-01
4.115382939655374273e-01
4.406092255251203293e-01
4.296725819047370609e-01
4.511422975334977714e-01
5.438476740585059810e-01
2.797071285098151061e-01
4.443559266928330254e-01
4.521785421270759775e-01
1.481597059653305959e-01
4.331664490742377360e-01
3.873139104070812966e-01
4.096811288271221541e-01
3.958659370698818791e-01
2.649892710861800338e-01
4.637450177162374954e-01
2.108336535114953558e-01
4.697691567034484872e-01
3.132037009321294030e-01
3.782608578957939449e-01
4.050587705972431007e-01
4.801102467670932405e-01
4.725973405226253643e-01
4.344169414087496461e-01
4.374052433995112010e-01
4.173957954013787774e-01
3.500083340301062829e-01
4.141939203329429442e-01
4.481482989118916738e-01
3.264224613235343075e-01
3.117432607769111130e-01
2.729526445119646039e-01
5.239940293745369848e-01
3.101884425343338081e-01
3.940371709394970834e-01
3.476061902670671833e-01
3.945211421223324688e-01
4.158450024006292156e-01
3.480585651770025657e-01
-4.754118774128252706e-03
4.139559841940548268e-01
3.671078296029158805e-01
4.878918908476163607e-01
3.261003355083166855e-01
3.861132504601767490e-01
4.015462818919394161e-01
4.247802452633543391e-01
5.333045309998017958e-01
4.242148002012875729e-02
3.344461111399408271e-01
3.708944855238245353e-01
3.654444431876948118e-01
4.129608425259797544e-01
4.095280242904728585e-01
3.969736164698887682e-01
4.299631900747838964e-01
4.758406035680152191e-01
4.868981477573077754e-01
4.322889474345892880e-01
2.319135081296096468e-01
3.531939627425435546e-01
4.261694335097851449e-01
3.943472645130627341e-01
4.316260741023822400e-01
3.220519021932808923e-01
2.402469099557471843e-01
2.956916257272891313e-01
3.986621703142170237e-01
2.072037950164986320e-01
5.736015739158039084e-01
1.468854659405028074e-01
3.850780430057640369e-01
4.332380296842762157e-01
4.285433378438155971e-01
3.384662763133619023e-01
2.830911224108442203e-01
2.774860996339680863e-01
1.218081283609415838e-01
5.561595717432119557e-01
4.052671135409378067e-01
4.020739439936036885e-01
4.163942331464597357e-01
2.962631678900004006e-01
2.953545672615333628e-01
4.625099276617902211e-01
4.331044238701436955e-01
2.255136283856552237e-01
4.294830109060898127e-01
4.815758864765357083e-01
5.198319805260425142e-01
4.197045070163569203e-01
4.569749257199680614e-01
4.460090333311882982e-01
3.427357217605891404e-01
4.310783914307342313e-01
3.707118923523394227e-01
4.138265258577871197e-01
4.550463802128975055e-01
4.207847980339796679e-01
2.884864320469275878e-01
5.541101153564190751e-01
4.014427759343201507e-01
4.235159141165684704e-01
4.142539106348088751e-01
4.004596802003247968e-01
4.909075218869084489e-01
4.453746907862560223e-01
1.960945407928289808e-01
2.851253427560933584e-01
4.054246564158115462e-01
3.958458331835496558e-01
3.818056528471238109e-01
1.809323770594481740e-01
2.012083503788360261e-01
3.876656833158670934e-01
2.092487118448321526e-01
4.476877238144238436e-01
1.880306271892808745e-01
4.437053047641066894e-01
3.391223060871834116e-01
5.014877357623279686e-01
2.323656500193196361e-01
4.471919044078673244e-01
5.757638358044760984e-01
4.337870356253379911e-01
4.225800528602175477e-01
3.735134437719274669e-01
3.296440366421284907e-01
3.793522869565505995e-01
3.740544045040304355e-01
3.078835874538763395e-01
4.303938536903508805e-01
4.161059372540339973e-01
4.428281133201856234e-01
1.808261744404172644e-01
4.105487424593079471e-01
4.047758730896897639e-01
1.949986181262303442e-01
3.701411765276442223e-01
4.691905057434287429e-01
4.459872843618974403e-01
4.109591680027505634e-01
2.696931098003308991e-01
4.553167779861209130e-01
4.261448382581900507e-01
2.505241307357222169e-01
3.989185947989288827e-01
4.530606189462421662e-01
3.722780947283207964e-01
4.085120602985295446e-01
3.164998641328230500e-01
4.595669821284735224e-01
4.440340035255464501e-01
4.010513320375309609e-01
4.512441100282469364e-01
4.315461533516026238e-01
4.078905618317396065e-01
4.114850306393330048e-01
5.200380716255132985e-01
4.191423362624052684e-01
2.594595230533711105e-01
3.901779310440396387e-01
4.153056962583864253e-01
4.241803244030470377e-01
3.960351357276281625e-01
4.176086013711601819e-01
3.149268707275881818e-01
3.776489990641253014e-01
4.190956336318493181e-01
4.133764387450716837e-01
5.867980855228120962e-01
5.645998640254150658e-01
3.873275839144090793e-01
4.475812517450112327e-01
4.508820090041760764e-01
4.343102440366618522e-01
3.953358530474438415e-01
4.061096861707662042e-01
4.495944432596860052e-01
4.588408243037392920e-01
4.016352542917979718e-01
3.206258287610750379e-01
3.314195137522606416e-01
4.872419212178507042e-01
4.429203928562734927e-01
4.231307407293163902e-01
3.762157103293063409e-01
3.257497113527288990e-01
3.135585592842912162e-01
5.324198882404169719e-01
4.324321808511035203e-01
4.100820819490311742e-01
4.511222566323333516e-01
4.434879590491510037e-01
3.886710232701166556e-01
1.414781995785812652e-01
4.564274389745138216e-01
4.758406035680152191e-01
4.092453120456165383e-01
3.872276046282777662e-01
4.566759660818080491e-01
2.765082368969144500e-01
4.263408671866661392e-01
3.725579452972647143e-01
4.189028243325414458e-01
4.052274494406404859e-01
1.072303633368221348e-01
3.444832643264377214e-01
4.436053770112944883e-01
4.282496697480990822e-01
4.556632448301913274e-01
4.251170960813682731e-01
4.007588971731425587e-01
4.572394074515648832e-01
4.619936994426842580e-01
4.507510155807861185e-01
3.633122439785198554e-01
3.304673553534517860e-01
4.302499320011339279e-01
4.475995591018351316e-01
3.365649916831284227e-01
5.536075583625694740e-01
4.396320074939538136e-01
3.941664092011075149e-01
4.035497427375943080e-01
4.205250118922805869e-01
4.531167863637659554e-01
4.501723723383166398e-01
4.671468524772254827e-01
2.703812013481045051e-01
4.078835705611029150e-01
3.257622684707788263e-01
3.668415800336707888e-01
4.932816304040815170e-01
3.665999213593392758e-01
2.138732591619745271e-01
4.988501836485365049e-01
4.066398877613681684e-01
3.601959111493242549e-01
3.959377471318160091e-01
1.863281016175853122e-01
4.301992533385058382e-01
1.805561813977246410e-01
4.608279586304548370e-01
4.248797747739793684e-01
4.163319115220504574e-01
4.066234568480400768e-01
3.331772902045959106e-01
2.837976342572247623e-01
4.148661899069945869e-01
3.306954453920046832e-01
3.654649405861027378e-01
1.676158707413584192e-01
4.209080123327372802e-01
4.618199627409440011e-01
4.471853156116227801e-01
3.094131512996840527e-01
5.110329198114659244e-01
4.437243130902481791e-01
4.400790619413784688e-01
2.187212112178389678e-01
4.205258586652078634e-01
4.704645714595017680e-01
3.188479174121706117e-01
4.262181943196964307e-01
1.012307526742789454e-01
3.173927280955423647e-01
3.851923780970482603e-01
4.936167841494034647e-01
4.047729911240888767e-01
4.504815972310705630e-01
3.158062122975917041e-01
4.405982434511863666e-01
2.948485995254176983e-01
3.417591133329039854e-01
4.294625382370362843e-01
4.410597709607363415e-01
4.426185269795724908e-01
4.778556174618421859e-01
3.141734335619854601e-01
3.020936103500760361e-01
4.312641780083137366e-01
3.568827591311091174e-01
3.962196775597925935e-01
4.216596885276516771e-01
4.297767466755932908e-01
4.633010719893160267e-01
4.225040450318657270e-01
2.695852154611024787e-01
4.107812356506951312e-01
4.461663907773961713e-01
4.244838991362263614e-01
1.794852461048079550e-01
4.820842410932577593e-01
4.619660935581594852e-01
4.161528475115856551e-01
4.979027692195368004e-01
4.017229153097595651e-01
4.315580668840550138e-01
4.364699705856168177e-01
3.925163901637229724e-01
4.262584839149897720e-01
3.268817095832586839e-01
4.355373443935344757e-01
5.478998829152775807e-01
4.562335330362179420e-01
4.183246245587629586e-01
3.024327539443745216e-01
3.539515658707885759e-01
1.329201163815467157e-01
2.573007047687917437e-01
4.179358043593422445e-01
1.990498255271330452e-01
4.855813089714809960e-01
5.687411544480375225e-01
3.379638441280661265e-01
3.065571384923940768e-01
4.442577924820902968e-01
3.125664409872528915e-01
4.124720019838905016e-01
4.024160637408092378e-01
4.266049000555852122e-01
2.104438660250368687e-01
3.475632371211420657e-01
2.646499100156735618e-01
4.044390166287358812e-01
2.745125889764796767e-01
4.366241313893383102e-01
1.233875070016614839e-01
5.768427429325729827e-01
3.073943612676707793e-01
2.115764642743485913e-01
4.230629608052902113e-01
3.902356756632741064e-01
4.899856529224991264e-01
3.503517659683068053e-01
4.314860655430541314e-01
2.389262669155784724e-01
3.335187320521500465e-01
2.589366419325632718e-01
3.948521401743330106e-01
3.077656754025512309e-01
4.482774990836575491e-01
3.992358414627321661e-01
1.295443420034177173e-01
1.479167254375067797e-01
5.534771842933291497e-01
4.431507201130479578e-01
5.541858012052571780e-01
3.618358862722844682e-01
3.495095141562103991e-01
3.722855683873371180e-01
2.243170087837411397e-01
4.522037415051812781e-01
4.616115880557121187e-01
4.090362885882614652e-01
3.523305366696929397e-01
4.069366926263187079e-01
4.570256618078084032e-01
4.406092255251203293e-01
3.760575520212964262e-01
4.053997405954377631e-01
4.371553039805304297e-01
4.705505382469874487e-01
4.160768616741026826e-01
5.078041163432346350e-01
2.154226663645568418e-01
3.889625914453191946e-01
3.264596346052508480e-01
4.600577776588033463e-01
4.931885109205341733e-01
4.413016448758832477e-01
4.299450852829065917e-01
3.906352085069931257e-01
3.860221231211398707e-01
4.068553968238530216e-01
5.598756333860422929e-01
4.112129785615082911e-01
4.189719803870510795e-01
3.718986589869582859e-01
3.652334806958520974e-01
3.893127219059013822e-01
3.889112176015361300e-01
4.152341826167674776e-01
4.998280868819825473e-01
3.844415625334576814e-01
1.878418468090474192e-01
4.038210713884453074e-01
3.991753698927761329e-01
3.950780104628828227e-01
4.505236472576535367e-01
5.545079339081808723e-01
4.352825133754777975e-01
4.016597023290484070e-01
4.175823096277639368e-01
4.022470945764508587e-01
4.324131382524004086e-01
4.320086111578892996e-01
2.480306446210380489e-01
4.764413976317846133e-01
3.566800664714655511e-01
4.545259680027860516e-01
4.471795249594407995e-01
4.747832666815345326e-01
3.939108285848685331e-01
3.791209074159556658e-01
4.342649180344957949e-01
3.293195092580638028e-01
4.165910820438983864e-01
3.170054416762393967e-01
-6.738867465003636238e-03
3.169548115594916227e-01
4.334298510956663408e-01
2.219599221793098764e-01
4.282794270034725459e-01
3.192396870642641993e-01
3.358618937324216458e-01
3.230402680182495878e-01
4.816328907918419056e-01
5.666992238137248394e-01
3.208016656167229086e-01
4.846358808158447440e-01
4.424760669777664246e-01
4.154960846534795915e-01
5.590027244356222669e-01
4.050368684802221897e-01
5.368485917258114526e-01
2.091854744874503125e-01
4.556650646783190206e-01
1.776135501263713945e-01
3.027554391575050241e-01
4.028555418775014441e-01
3.994969590478094634e-01
4.069001162514687131e-01
4.011139771766654705e-01
3.505929068406614113e-01
4.348380965875487392e-01
3.253898365099529566e-01
5.332408953794867124e-01
4.795053676297359457e-01
2.930366814709938206e-01
3.313253434578660728e-01
3.735070527119741524e-01
4.065077693598139197e-01
2.763658901947617097e-01
5.726819509659637486e-01
4.737538385726778878e-01
3.636927642224002666e-01
2.877615433857713678e-01
2.427047825636992617e-01
4.448682058912925563e-01
2.450232262584322585e-01
2.372321208607269805e-01
1.450741531173191656e-01
3.115506476527502566e-01
4.803631462400053675e-01
4.098326986915712400e-01
3.481027341690217658e-01
4.383814618834502297e-01
4.526263703211464429e-01
4.700601470996911835e-01
4.529240936990474031e-01
3.941917405451720313e-01
4.744683419837822380e-01
3.832824012232188271e-01
4.808019337804313453e-01
3.856510200726677162e-01
4.955584436829045258e-01
4.035493922944277667e-01
4.017777249156085917e-01
4.464028527812117786e-01
4.494520224265218244e-01
2.653386852460747347e-01
4.376669238678465579e-01
3.458847249714052108e-01
4.345051969892681498e-01
3.666656925627188590e-01
4.445724528537481901e-01
4.309344592024971221e-01
4.395390491038937975e-01
4.617761150230710321e-01
4.286885575751854804e-01
4.460351881088145398e-01
3.404616062634673312e-01
3.223975851251151270e-01
4.091429981590576359e-01
4.770322428605182630e-01
3.927968947328079885e-01
1.604277173495992082e-01
2.164072017121098646e-01
2.894352828530928901e-01
4.630738088074318193e-01
4.559699308978828469e-01
4.532441734921258125e-01
3.471450333658956389e-01
4.141369646465014598e-01
3.439729000762406508e-01
5.697809247587829473e-01
3.283096469853661326e-01
4.108641036343146369e-01
3.864291989573505059e-01
3.833831299000713955e-01
4.121392899718703817e-01
3.833858671408599261e-01
3.072772323972817188e-01
2.572535435923146707e-01
3.255045471056958184e-01
2.986941763695831753e-01
4.076692919499684264e-01
3.907366741269053811e-01
1.883794286182192412e-01
4.449514629058296533e-01
3.746143589933242368e-01
4.280396867834947439e-01
5.652890664025109757e-01
2.073478839607954538e-01
3.836397036737381749e-01
3.333517172951414032e-01
3.055491685547068736e-01
3.205240465400762129e-01
3.481468739505283461e-01
4.511222566323333516e-01
4.179358043593422445e-01
3.021877700224659957e-01
3.240321859909203739e-01
4.107082528738143501e-01
3.087037306007535675e-01
4.345248648755062337e-01
3.326309270888092584e-01
3.639442770673009808e-01
4.541571985589284988e-01
5.337633147335408834e-01
4.076431706150596690e-01
4.601008381865559493e-01
4.072411595248980332e-01
4.529353085857457106e-01
3.900568021020319187e-01
2.218921953393739321e-01
4.100425241932562082e-01
3.552759124637167587e-01
4.091528756275001344e-01
3.538160936750200380e-01
5.632109068905681859e-01
4.307046561997375789e-01
3.224988906680990031e-01
3.061246673933765705e-01
4.490272112035383900e-01
4.077629760387003754e-01
3.276089394006109212e-01
4.063748286242414021e-01
5.488955531525568921e-01
4.185239947715533870e-01
4.313405600963580167e-01
3.135681556015501026e-01
3.862221660055638051e-01
4.102528603810048913e-01
3.555580327600251223e-01
2.778237659397864157e-01
5.594319992240910366e-01
4.099666720436589418e-01
4.131860991448120246e-01
4.375433321974810941e-01
3.133861235706504322e-01
4.546443391653635646e-01
4.155928366758769310e-01
4.173274754977918666e-01
4.015738099785791659e-01
2.152415763726880094e-01
4.208496779432956414e-01
3.593312468660808667e-01
2.932470350024843353e-01
2.825295631690153408e-01
4.080220632441999284e-01
4.037243217725958733e-01
4.289002881499879294e-01
4.936167841494034647e-01
4.117259052043404921e-01
5.789004630522108785e-01
3.793441694214912396e-01
4.250523880742591576e-01
4.373473425206312881e-01
4.453289120211449403e-01
2.875604204592415725e-01
3.552759124637167587e-01
4.288868070005243394e-01
2.543395078931283693e-01
3.607953893085463770e-01
4.250007045534013317e-01
3.177707511310424171e-01
4.008921822525274847e-01
3.482391622414715560e-01
4.693711584074529708e-01
3.691216570271301789e-01
3.106742308683035358e-01
5.591863570698364372e-01
3.696267812267106656e-01
4.178134448207614371e-01
5.589595373151510227e-01
5.787614343728049171e-01
4.863202712078091849e-01
3.065370767621425352e-01
3.875007653259648355e-01
3.114210586990200369e-01
5.636107485192796140e-01
3.835223562483438542e-01
4.657381309452708340e-01
4.761802106302477355e-01
1.541312765377927940e-01
4.379695112525068268e-01
3.844516259699646832e-01
4.238885217553919338e-01
4.424105275498460554e-01
2.666839926275469952e-01
3.817454635901331161e-01
4.107746725381256625e-01
1.853581734090327116e-01
5.308469957442255582e-01
1.891900225051849904e-01
3.206792799069335675e-01
3.278654930090659225e-01
1.531060334676198342e-01
1.982300481184866292e-01
2.407615496457704285e-01
4.735868399146448970e-01
3.992093015959478630e-01
3.687752542885171514e-01
1.079941253553852593e-01
1.751772259143893895e-01
4.109799058069964484e-01
4.467604287068567270e-01
3.274606192886711509e-01
5.420214812332062593e-01
3.288896838680297474e-01
4.182439727568169063e-01
4.167008534075135606e-01
4.065137468099044860e-01
4.224302927197980395e-01
4.120017906951544129e-01
4.412875197673922223e-01
2.060784302693185743e-01
4.404474009450974337e-01
4.116459956149641219e-01
4.296753710937667448e-01
3.908742089209490955e-01
2.107956977075315652e-01
5.588271924906320631e-01
4.414223517591779333e-01
3.952682198606019548e-01
3.939716991438714788e-01
3.117307641544966312e-01
4.771019039581517185e-01
4.311479159360275260e-01
4.794680127366364730e-01
2.780632388669772026e-01
4.743930585263518296e-01
3.919353265149451704e-01
2.832283772154861046e-01
4.591194238826911689e-01
3.470254846960217909e-01
5.709154854234400611e-01
4.573877783084718818e-01
4.309248095262621092e-01
4.017777249156085917e-01
3.699585468430183766e-01
4.171449907039471716e-01
4.541580936702750426e-01
2.322634317567345563e-01
3.046641670744604791e-01
4.155280529869851969e-01
2.963839184645873370e-01
3.811456124367308407e-01
2.919438249953879017e-01
4.239413099647256211e-01
3.149595428933735231e-01
4.341677030005787197e-01
4.522837159053824663e-01
4.435945851376299487e-01
4.605724759358205689e-01
4.051845114808625414e-01
1.776145657155227542e-01
4.244844053411319651e-01
5.746588253490876319e-01
4.828800932923740796e-01
4.828800932923740796e-01
3.764434129966298670e-01
8.027047236303490318e-02
3.589799942695504620e-01
1.564825711363588834e-01
4.128355245309174304e-01
3.748126431891312116e-01
4.566994139909401063e-01
3.318564849506502878e-01
3.993016300513458350e-01
3.828300338233726618e-01
3.954411561362083383e-01
3.427426894636531607e-01
3.380770915426786760e-01
3.645023819170636892e-01
4.055392733221546697e-01
3.583627935239009354e-01
3.206587306121497782e-01
3.041567356593080640e-01
3.722348314696526939e-01
3.115921008554511373e-01
2.215594061103596246e-01
3.219566209035952253e-01
4.272137707430994635e-01
2.878402129390979503e-01
3.517778286280988653e-01
3.955189446440460221e-01
1.401652171042545303e-01
4.523900974388029850e-01
4.363785025955738694e-01
2.487880741251496386e-01
4.486366541196546431e-01
3.602948952034175090e-01
2.323782935241411607e-01
4.015858602278482570e-01
3.078760767838127910e-01
1.311923888332964527e-01
3.197121499275248913e-01
4.313476231070177969e-01
2.207088708358745655e-01
2.834157164313907407e-01
4.656683304338273266e-01
5.839131832696240476e-01
3.707811533198903109e-01
4.240018104132566301e-01
3.451876078731498376e-01
3.954227914371566399e-01
4.389731203179170205e-01
5.388445236863246279e-01
4.335706103734662809e-01
4.611021119046788685e-01
4.875717866571211423e-01
3.769067068293626144e-01
3.286118384099105394e-01
3.266106143675551743e-01
4.971892034492894630e-01
4.615027641251145396e-01
4.236273074104917047e-01
4.599913113779993123e-01
4.407835073929469716e-01
4.775824156453796210e-01
4.771120516238355758e-01
3.971755463783209206e-01
4.130986308788905381e-01
4.409746936831494546e-01
4.295287693400202667e-01
4.201081407007019597e-01
1.944507259189451609e-01
3.553093616125399534e-01
4.591194238826911689e-01
4.143718448014794276e-01
4.641092669577493446e-01
3.200739988034636552e-01
4.333828653637931128e-01
2.135728538368352747e-01
4.358051375350577850e-01
3.174394586088603032e-01
4.468581503191092485e-01
2.596019695287182238e-01
4.657691639614828794e-01
2.687778275160636610e-01
4.776795082357986333e-01
3.731465157988231307e-01
3.757653354266544121e-01
2.242870061849573105e-01
4.586413929314381299e-01
2.595388809831309374e-01
2.687778275160636610e-01
4.102810410570507105e-01
4.128064841363762727e-01
1.939563498602447922e-01
2.919190176356389332e-01
4.516371732413352880e-01
3.359993349200500745e-01
4.002817004849169025e-01
4.138867837428854557e-01
3.099982126809573968e-01
1.975602841757331252e-01
4.026590708080849401e-01
4.041758830411300019e-01
1.411466887244145207e-01
4.064434343676311401e-01
4.432762778500728973e-01
3.634114053288066137e-01
5.475672572070446886e-01
3.974971649513278638e-01
4.013328179387652406e-01
4.013021356146729834e-01
1.800733301310044887e-01
4.053604572691091312e-01
2.987355081660910683e-01
4.814784282568029261e-01
3.660571102045397374e-01
3.575583447622142086e-01
2.369259653953577627e-01
4.329798916544668197e-01
3.622242126314768607e-01
4.204107855105744807e-01
2.116704479782955672e-01
2.633889859546533208e-01
4.488108138344287235e-01
4.430158426458051801e-01
3.851116158843436721e-01
5.412981735288052709e-01
3.821398228537485342e-01
3.943762410925920614e-01
4.680865010590985476e-01
4.611835804391955507e-01
2.336171125245775637e-01
2.290448400337118107e-01
4.191552505453590705e-01
4.009299644738500978e-01
4.316457838957478144e-01
5.685143724512590202e-01
3.775475722394250888e-01
4.234639166656847808e-01
3.392581535592034125e-01
3.195514687067133042e-01
3.597005431779622397e-01
4.909079319128819008e-01
3.528062750936146741e-01
4.219868664337956821e-01
4.426873850370630636e-01
2.356020147625454697e-01
3.940586170156887280e-01
4.008863946707686976e-01
4.578524348282134726e-01
4.414773865224794203e-01
2.779321764420497054e-01
2.033320414712628810e-01
3.809035229280847701e-01
3.107364520815757425e-01
5.696778374575158788e-01
3.286129370820166651e-01
2.089225373031985411e-01
4.184233940151699804e-01
4.082549272099342819e-01
2.096985613991122488e-01
3.926877563742779964e-01
3.055334835467548582e-01
4.496538211780927718e-01
4.435094603099757338e-01
4.316141650095958182e-01
5.387056654154060986e-01
4.371689245852963257e-01
4.152811576021595008e-01
3.610096033370631674e-01
4.210482583104645515e-01
2.087989463226409825e-01
3.921438482900450606e-01
4.496279968443901431e-01
4.280452646636475622e-01
3.367264421694276533e-01
3.131812158911152499e-01
4.446597474747902567e-01
4.144332085368354068e-01
5.148901734543060993e-01
4.645854228762415494e-01
2.974434254556473922e-01
2.801569741378952538e-01
3.302713861737514578e-01
3.943137667768670807e-01
4.467604287068567270e-01
1.688423492130569081e-01
4.895426280735837299e-01
1.469435920650060956e-01
4.516726027716287950e-01
4.172904786409326050e-01
3.937862705610398750e-01
4.335723260761584763e-01
3.674993252612313022e-01
4.152686420178071103e-01
4.344640561398893652e-01
3.177346536177345637e-01
2.313779534895561985e-01
1.277124122842746567e-01
1.867071732181668775e-01
3.017677118975770068e-01
5.729756725451329302e-01
2.250476490114218797e-01
4.512690295414270025e-01
5.818339034681362376e-01
4.211416008353618956e-01
2.851657021412761783e-01
5.379756212647477387e-01
1.406093242929066511e-01
2.101041655223578331e-01
4.567755265456183156e-01
2.226747730202094377e-01
5.178856974953506276e-01
3.309746133311857741e-01
5.621058964351797194e-01
4.249519254869196794e-01
4.038406011056395184e-01
4.029314871356075578e-01
5.542168519178948261e-01
4.285741193342786914e-01
3.034629250748989149e-01
3.694367409719667150e-01
4.127175843478771422e-01
4.801179854783175216e-01
4.716229669481060705e-01
4.984585726626362123e-01
4.446822691949139927e-01
4.682738932190572134e-01
1.985607923419207832e-01
4.424962186631192229e-01
4.770083184548996602e-01
4.013146480871099819e-01
4.166458959026984599e-01
3.152813493430863812e-01
2.005175145625315847e-01
4.523900974388029850e-01
3.924609617223768776e-01
3.663240584402849831e-01
4.526263703211464429e-01
4.567210502259089755e-01
3.942479713835317368e-01
3.775367791209944257e-01
3.022424086181905722e-01
5.368367089390831959e-01
4.311071940749386378e-01
4.646143807842784690e-01
1.841850021311727537e-01
4.092929207829534288e-01
2.684283716979947720e-01
4.452497285453625997e-01
4.291757787179911743e-01
4.714713566702489200e-01
4.684269794576439438e-01
4.205636027966859203e-01
3.330250626886916421e-01
4.619869920202245295e-01
3.845014960324944497e-01
3.568407501818094407e-01
2.832260338187110316e-01
1.817771878203266467e-01
5.413738320550262051e-01
1.800935278727052169e-01
5.369351006089603251e-01
3.968783837260834169e-01
3.788713757823693462e-01
2.441771046758016150e-01
5.023917235363547507e-01
4.078083611257669050e-01
4.283176032347773554e-01
4.526259280142371777e-01
3.007625033906340950e-01
3.756753926900809892e-01
4.207422970286164854e-01
4.446032209837211813e-01
2.575947100716613480e-01
4.495448415272483844e-01
4.774459204385415045e-01
4.527096977894483065e-01
4.262143493200088451e-01
2.719349095082193024e-01
4.197314434241480319e-01
3.403509092087502741e-01
1.167770914924505382e-01
3.477960498854950622e-01
3.611007543474031856e-01
4.343216570486407857e-01
5.643095025680213705e-01
2.163590229807881848e-01
4.559572320839515580e-01
4.074165699392186535e-01
3.999959412392127822e-01
4.005774742478178108e-01
4.842351215870114300e-01
3.299219111862836673e-01
3.290581342553443589e-01
4.958075598342923107e-01
3.303570802744633661e-01
4.094852328396720864e-01
4.431743437831620058e-01
3.803991743837916162e-01
2.693130967156767697e-01
5.204628658989308709e-01
4.629311709700335564e-01
4.266976824772021892e-01
4.335057262734375860e-01
3.380864153391326399e-01
3.873298101060770326e-01
5.771739932156899622e-01
2.916204925038535789e-01
5.710610517392014085e-01
4.516726027716287950e-01
4.495944432596860052e-01
2.264647338782605490e-01
7.754532332117961002e-02
3.998677334780150749e-01
2.699378278401873832e-01
4.127232662904810057e-01
4.383459705297707010e-01
4.088059514148499329e-01
2.323823406738533270e-01
5.665690094894751949e-01
2.761322260103544757e-01
4.434767936626536899e-01
4.235159141165684704e-01
5.560058057585707258e-01
3.396881181970786701e-01
4.687925083602617615e-01
5.891814344785984980e-01
3.794562827711465136e-01
4.025468714865801378e-01
4.784562936047639381e-01
5.751384770688670045e-01
4.116382846205329793e-01
3.808481863919736532e-01
1.751319943484827557e-01
3.559801065762512318e-01
3.324537638985109456e-01
3.206596900779068449e-01
3.221522447021780144e-01
3.720793942827095302e-01
4.163106875121420081e-01
2.293718558713015720e-01
3.655204914294546970e-01
4.289504743001382181e-01
2.559683271520524217e-01
4.768587549875336618e-01
4.125826801181618486e-01
4.166383691336592032e-01
2.013488202744361244e-01
4.327040771153240484e-01
4.566994139909401063e-01
3.055390332951923860e-01
3.050841367379676372e-01
4.714494678722259691e-01
3.459565873135181380e-01
3.156748126240189745e-01
2.574620282889425460e-01
4.841600363793382988e-01
4.368584258403451770e-01
3.589549397822263122e-01
4.031985634577908151e-01
2.000226531850645417e-01
3.466948323363303053e-01
1.659400779907617418e-01
2.128224817574952965e-01
4.488050346340953789e-01
3.255301897865233718e-01
4.971892034492894630e-01
3.969944301218860661e-01
1.705521184939666757e-01
3.264508595017207582e-01
3.679943749666320096e-01
2.235531657464604749e-01
1.031834474487886150e-01
5.745465806351101046e-01
4.083156671514747149e-01
1.836010111243213949e-01
4.646175974260078889e-01
5.852014218102242760e-01
3.338918075570813104e-01
3.299427152120892881e-01
1.633805420680984333e-01
4.457736988365614828e-01
3.790229329502036171e-01
4.622525203927018711e-01
4.594129460503213469e-01
2.235214928374571475e-01
2.048852734408961318e-01
2.385387248627982015e-01
4.728303915352215503e-01
3.791497685019313280e-01
4.006696807161320151e-01
1.316233056031815007e-01
3.163724000779144507e-01
4.537137540578479733e-01
4.031059675021447797e-01
4.447044483553901362e-01
4.187240554146412497e-01
4.108909727417486279e-01
3.910333414866873358e-01
4.151737112957646914e-01
4.139686747510372689e-01
4.293137658600578721e-01
4.267906911558150829e-01
4.069148165249106275e-01
3.293063164794275410e-01
3.627283085712236788e-01
4.872503357541161373e-01
4.458783571986928429e-01
4.084154106788950855e-01
4.140827232141667813e-01
3.401926870649824020e-01
4.517722262620990081e-01
4.475498373324473533e-01
3.813700682559994504e-01
4.920992307203477245e-01
3.359522968665059062e-01
3.771384819566435675e-01
2.447602512332892055e-01
4.239287240095929721e-01
1.942441513574838796e-01
1.794829262548593984e-01
4.813863801227444283e-01
4.282754526310885712e-01
4.592224450453828433e-01
2.882527568255937589e-01
4.430905889451448032e-01
5.466175205837867646e-01
4.666962838889588960e-01
4.181423148620249663e-01
3.344361778229898996e-01
5.646210643017820496e-01
3.942673924326400292e-01
4.789425784759553939e-01
4.585005427442161996e-01
5.324198882404169719e-01
4.027414169857296833e-01
4.893073266067524130e-01
4.566994139909401063e-01
3.749331553080138546e-01
5.526890445823633424e-01
3.443303919386775380e-01
2.473938551977704903e-01
5.023863141560479528e-01
3.386084997266128882e-01
4.062756737467386192e-01
4.059165252665100088e-01
4.556690990069396929e-01
3.683087190847005865e-01
2.225175097613077135e-01
3.177987799456165607e-01
3.199637874565027240e-01
4.051324280788753951e-01
5.711558681917102698e-01
4.195050485911379079e-01
4.511117713860665623e-01
4.397209389824978665e-01
4.468220755020377855e-01
2.394074678713220550e-01
4.275910320646932328e-01
2.919438249953879017e-01
3.225771414405967374e-01
4.551913887489420496e-01
2.870142535808402617e-01
4.300171975325725038e-01
4.810797973706442687e-01
4.093672193813970850e-01
4.042617897271561511e-01
2.128079978659044025e-01
3.743365484716419389e-01
4.388367963494104740e-01
4.192555304840105412e-01
3.975833093254525497e-01
3.856133502952217018e-01
3.520256186056184844e-01
3.326359284555145401e-01
4.358773090355929081e-01
5.203767966671901668e-01
3.893386056356960001e-01
1.646620863652006606e-01
4.053148497215834922e-01
4.144177472133624973e-01
1.955850044780979013e-01
4.258108970395857451e-01
3.638443000217487788e-01
3.835420356694150268e-01
3.086728677855679059e-01
3.884077831097812461e-01
3.499381961870331459e-01
4.445835577861022569e-01
4.327487428105337708e-01
2.457263596434824393e-01
3.481652410561280053e-01
4.099844579264456668e-01
2.811590106072295869e-01
5.576704349483271317e-01
2.434931137456333161e-01
3.061729658141511545e-01
4.571800414829132464e-01
2.310876643686361198e-01
2.647406051459666454e-01
4.920293429922885098e-01
4.532119299823141878e-01
4.225450726075238306e-01
4.223340626693443123e-01
4.024509161145259917e-01
1.567929113395932772e-01
3.902739133030428409e-01
2.708306683183184793e-01
4.321375739942404648e-01
4.271730481351508346e-01
4.136266586513607235e-01
4.527096977894483065e-01
2.971369217047062916e-01
9.493759511475115265e-02
2.971052600815827782e-01
3.475581697610841680e-01
1.834495956368089042e-01
2.005342134065893345e-01
1.987456906751137731e-01
4.382405000821958385e-01
2.704447389430844617e-01
4.192156817848914918e-01
5.643095025680213705e-01
3.620525144002944007e-01
4.007103725576103281e-01
2.368493645344741105e-01
2.828927887563284505e-01
4.218244912522075007e-01
3.659722932075571977e-01
3.899977492335620077e-01
4.363790776360481627e-01
5.376746004805396106e-01
4.293299303934274280e-01
2.602754681848774565e-01
2.422213569048205506e-01
4.072983553682242297e-01
3.581939302476506715e-01
4.859158239028089632e-01
4.661591116078541153e-01
5.069044757905493137e-01
3.293554960286754762e-01
4.099069399062948982e-01
2.385513481816618209e-01
4.282925088319516349e-01
4.050886150277400177e-01
3.721165239146260184e-01
4.177044260427673628e-01
2.080448883662210369e-01
2.027391990307831071e-01
3.881086240600822301e-01
5.652166530024184121e-01
3.608406557071593967e-01
4.444583660518209300e-01
4.506735756904580170e-01
4.413083682313498346e-01
4.374371314041071712e-01
4.671468524772254827e-01
4.477217306599794444e-01
2.284466485685244796e-01
4.414088067947024574e-01
3.328196897985497560e-01
4.309597711282094901e-01
2.406612350196352668e-01
3.842198727505681255e-01
3.333209246847672613e-01
3.229890589192679906e-01
4.212987004490055809e-01
3.011674547844373495e-01
2.812106184099991135e-01
3.222901654567161822e-01
3.235882864863157127e-01
2.714323003171754123e-01
4.196289999159395490e-01
3.918055684389858406e-01
3.326801805771671949e-01
4.828800932923740796e-01
3.213200332984145757e-01
4.383180893859554561e-01
4.050824908612112307e-01
4.030081239857928876e-01
3.681807457752093171e-01
2.215461015517220800e-01
4.661741162266224703e-01
4.500433420356395597e-01
5.757638358044760984e-01
4.053253267316475617e-01
8.348550268040726141e-02
3.280239722592844243e-01
3.912822817733626612e-01
4.642692888674175289e-01
4.894059134974558245e-01
4.548871577750424611e-01
5.786329927615376789e-01
1.131253613201521069e-01
3.638727511439892592e-01
2.273720918981610717e-01
4.287056518658930448e-01
4.388619552726155670e-01
3.803232176115984853e-01
5.125832653187806232e-01
3.627811225057247513e-01
3.028230542744914655e-01
3.165606551927604984e-01
4.282314969504972257e-01
4.814784282568029261e-01
4.226628674018765297e-01
2.051413308025748505e-01
2.867021912851139831e-01
4.463955177061613711e-01
4.060358889641322855e-01
4.869039519774409075e-01
4.572710027701442081e-01
5.295031639552395530e-01
2.096901086640852729e-01
3.913201990310676281e-01
3.253244445038382393e-01
3.135453297435609743e-01
4.355245863287339203e-01
3.016827496363834182e-01
4.212829699241042447e-01
3.588662379115468148e-01
4.132933167461708135e-01
3.415454367736694419e-01
4.054251211285117007e-01
4.711793141146623509e-01
2.831158136183507534e-01
4.479262280645879279e-01
3.345804529428122454e-01
2.948532795142462248e-01
4.775509653835502966e-01
4.360921087473347280e-01
3.998327329356329285e-01
4.063509509803382436e-01
4.556317334088512694e-01
3.064691745190949446e-01
4.492643467918160383e-01
3.873894964256733298e-01
4.032822315770987487e-01
4.850558706860559344e-01
4.437768998134326015e-01
3.730850073801470490e-01
4.081442088697159187e-01
4.314491248251486888e-01
4.504182560601908691e-01
1.980121633108660462e-01
4.745949520461199000e-01
4.135250951305899370e-01
1.904460395994537758e-01
3.065312880186020217e-01
5.575331424065245178e-01
3.023078454773793222e-01
3.155981493847910269e-01
4.050218913500399642e-01
3.918820841319314296e-01
3.707187192516044894e-01
3.073875916224625970e-01
4.312216323158454268e-01
3.549819997921956904e-01
4.154668965466872810e-01
3.895060442355826047e-01
3.911316894652721587e-01
3.537635152917689152e-01
4.258320097673993776e-01
4.267798302391208609e-01
4.079569641315629602e-01
4.482558855449250146e-01
4.815934918682290844e-01
5.188704306155005330e-01
4.338995916138402298e-01
3.388200151228383250e-01
3.985731696996588358e-01
4.070583586434328160e-01
3.310339851917305509e-01
4.316146991802478072e-01
4.796291248954930864e-01
3.478986662502310812e-01
4.518271312792742633e-01
3.754065048597033383e-01
3.979213803669882088e-01
5.675476346458024901e-01
3.298419430928977159e-01
5.747266524082591532e-01
3.350447985199668244e-01
4.600454978746540968e-01
4.423960826194359708e-01
4.229890274212382839e-01
4.437803938720471519e-01
4.096259653549995661e-01
4.405485900609530381e-01
3.946975803815646611e-01
4.758361811627976334e-01
2.222580033185651005e-01
4.564517275987111655e-01
5.196395689295231213e-01
4.611477319206122027e-01
4.431247087324834966e-01
3.730322425309249290e-01
4.001170315104851105e-01
3.961772657004326570e-01
4.376531995740594594e-01
3.990439268598487965e-01
4.467604287068567270e-01
4.051049504260113010e-01
4.003230655374274138e-01
4.808019337804313453e-01
4.587221721144547626e-01
4.009131332437245732e-01
3.943384125659682993e-01
4.482022113110377681e-01
4.759340705695286888e-01
4.505841069608388372e-01
4.893073266067524130e-01
4.650093304819763462e-01
4.617431797137191429e-01
3.693048754861503191e-01
3.999706075923308846e-01
2.529123588429230129e-01
3.917226456856551797e-01
2.122738332769693037e-01
3.282198940341400917e-01
4.138731753368279920e-01
4.064548053065138444e-01
4.496906221087582645e-01
4.198038597701870822e-01
3.010413052025949776e-01
5.690538457241051118e-01
4.104952881341091264e-01
4.031343315737383470e-01
4.258448944249185741e-01
3.233949258800750681e-01
5.718814127201568009e-01
4.921615340466943822e-01
1.855966454612454353e-01
4.023535916241711141e-01
4.179679560676495265e-01
3.452840570854323610e-01
3.818119681474966276e-01
2.932521956370199301e-01
2.806628502592214969e-01
4.545278514584645824e-01
4.410869176510242573e-01
4.654072483660778303e-01
3.722709863666805452e-01
3.540928092174025488e-01
3.222834192390444108e-01
4.095015342973193917e-01
4.504871966041857911e-01
3.018021627927145456e-01
1.010000243953395604e-01
5.660784750281014910e-01
4.383114144104003351e-01
4.020700068397279336e-01
2.721563883447367105e-01
4.595111520840716168e-01
4.308581362408454574e-01
4.559245675527319741e-01
3.832277782908017905e-01
4.196440911289405218e-01
2.214545201219896287e-01
2.138302368485430482e-01
1.597272412654173745e-01
3.869511312758980304e-01
9.076756405283865903e-02
2.755998659900424363e-01
4.084527882682308375e-01
3.965956003220948989e-01
4.446037144920119144e-01
3.889112176015361300e-01
3.027763607722206984e-01
4.133443627185470204e-01
4.622402784494439865e-01
4.044942232527520276e-01
3.081088665926031145e-01
4.135928045801052777e-01
3.304352052840865972e-01
3.279154736898152178e-01
4.747465935883537491e-01
3.782269503825779755e-01
4.116656462819369700e-01
5.612879107999975137e-01
4.278766156946380295e-01
4.711793141146623509e-01
3.177184393352107672e-01
4.334928690837583365e-01
3.359589769870944820e-01
4.400928239100880823e-01
3.281612501128464143e-01
3.659771295805077651e-01
5.861788892095450842e-01
3.717261315547975564e-01
3.689332175209235065e-01
4.591045544040357473e-01
5.420189912029773627e-01
1.473587327567348060e-01
3.117234511532994690e-01
4.015479643178829217e-01
3.638246649973373437e-01
3.475495752316318243e-01
3.774030563403349969e-01
3.867467808366810145e-01
4.141710710733499945e-01
4.109054169252989719e-01
2.753214662168055327e-01
2.502750821543908710e-01
4.431794588592560813e-01
4.106042045093403758e-01
2.302335965567025577e-01
2.456209396089370500e-01
2.908018371014922665e-01
5.561020845208736185e-01
4.560418694611770296e-01
4.315685542879165171e-01
3.800671325953648982e-01
1.038136692627689983e-01
3.753110086403938506e-01
3.432570612799984988e-01
2.186257283590196110e-01
4.102512162108747362e-01
1.820087495895010565e-01
5.524398320238362858e-01
1.145944956846595975e-01
4.130088861016289470e-01
4.306816836253102299e-01
4.484590423363778999e-01
3.896590327600256143e-01
4.587382617958857822e-01
4.709424122934697809e-01
3.032472397950178311e-01
5.205852403539594775e-01
3.142364623847295757e-01
4.446822691949139927e-01
3.842369273747273661e-01
2.129493004011493440e-01
4.377991052545685546e-01
3.352293853296818282e-01
3.929343994035106036e-01
4.527096977894483065e-01
4.535026746202244219e-01
3.950589526780325378e-01
1.770244181522898086e-01
3.981229648735566951e-01
2.818654144493994984e-01
1.812487896210064342e-01
4.111935326585689499e-01
2.262689495878273671e-01
4.208033724968756051e-01
2.952501228332129468e-01
3.619207334133542342e-01
3.876827165300483768e-01
3.130138437202494850e-01
4.352665585437142104e-01
4.767448517471229441e-01
3.869022852409969015e-01
4.459719601286711299e-01
4.105185387270585684e-01
3.929876584663908878e-01
4.383488837804944138e-01
5.657583294698775855e-01
4.011930121933369731e-01
4.477177462464818070e-01
1.378105954168948599e-01
4.338376964463178109e-01
5.496300087544906399e-01
5.660368962699872109e-01
4.029825521736521421e-01
4.687972811256614913e-01
1.930874256811926926e-01
2.833567093962481853e-01
3.863079678200408984e-01
3.963543929584811831e-01
4.242090126947334339e-01
4.155617875606891776e-01
1.576248441906224762e-01
2.621218480053966182e-01
4.865586487407780325e-01
4.127178196916659880e-01
4.226279877262886786e-01
4.702433746040120544e-01
4.383789471238669355e-01
4.371293606471827742e-01
4.240524250949040397e-01
3.778388920422862673e-01
4.038840184663583521e-01
3.929620693934927078e-01
1.797865223150323100e-01
4.265393974312509662e-01
4.687353303170916918e-01
4.198662977387402351e-01
1.383531843394423810e-01
3.235062840715924870e-01
3.747149006648071712e-01
4.254998531285482111e-01
2.945396592691926219e-01
3.975580253032482414e-01
4.564819328454260416e-01
5.500980520754958913e-01
3.108395935716630198e-01
2.939230064281150301e-01
3.919404627728100832e-01
1.205287227069539863e-01
3.902179116053873797e-01
3.996970185291155442e-01
3.398840581662664340e-01
4.084094097442162452e-01
4.216324600562270097e-01
2.434124867560260308e-01
4.135866676339772785e-01
3.976653092091512187e-01
4.317832118888548787e-01
2.488683685962230496e-01
5.606088587440867244e-01
3.408442913631631321e-01
4.223618995409764154e-01
3.827297781161691503e-01
4.015201818010398771e-01
3.699493026286143071e-01
5.784723222457150982e-01
4.758406035680152191e-01
4.321537549585233173e-01
4.242062239206257912e-01
3.520656149962425596e-01
3.970943116523815153e-01
4.293048954074398238e-01
2.931006730166331731e-01
3.156636043553274207e-01
4.191189575622717434e-01
4.092305685372966129e-01
4.214791600083059864e-01
4.398448525079004523e-01
4.841341054521600684e-01
4.529848045545518120e-01
4.340824428668427770e-01
4.498428025725016988e-01
2.578741356774378324e-01
5.043743677633196754e-01
4.823466514094856827e-01
1.188355315018517211e-01
3.600593219626410102e-01
4.331499605697286537e-01
2.534589094412396659e-01
4.861083109321577278e-01
3.831361627544765391e-01
2.958701291988054538e-01
3.944411565607280901e-01
3.598586857396802174e-01
4.179790685100927550e-01
5.276055600570526138e-01
4.077296729009479148e-01
3.673704973782781491e-01
4.280697612467782576e-01
4.979837186865642695e-01
2.131703130312471994e-01
3.340627259007715177e-01
4.500643533979954425e-01
4.127549445104866654e-01
2.384305420282657739e-01
4.424206196159747306e-01
4.651787368497027342e-01
2.505739185607009367e-01
4.063055200028926062e-01
3.094222204169814194e-01
3.857325817156932457e-01
2.128597983117969938e-01
3.129677109436421745e-01
3.793193348428555711e-01
4.895426280735837299e-01
4.378789873346127792e-01
3.871774279798424478e-01
3.991927800221510281e-01
2.455608617844504404e-01
4.852542018095472032e-01
3.544566101356353416e-01
2.869937492117418110e-01
5.064831837082185428e-01
4.888320113203411532e-01
4.602797808738122720e-01
4.481554315879642258e-01
4.299920308918172007e-01
4.172108431490649250e-01
5.800415613532233783e-01
4.464800010643205086e-01
4.517108120307291030e-01
3.971442676037764130e-01
2.776021118401935106e-01
4.111851918954446683e-01
2.818525917812351733e-01
4.065741865968311997e-01
4.509604320523105114e-01
2.890214581852016407e-01
1.527309672496591775e-01
3.163968623884835241e-01
2.186262569956487212e-01
3.534770946395650593e-01
4.251866069772182732e-01
4.278780097497542068e-01
5.505052964115525471e-01
4.173176925485932443e-01
4.287920029541849032e-01
2.144005565471535368e-01
4.122686226282480382e-01
4.519928403595642186e-01
1.409738937142078485e-01
4.313977475582587151e-01
5.614553476987036440e-01
3.098310972223662918e-01
2.498368127686255991e-01
3.917374583199892402e-01
4.262138497538561777e-01
3.650214159635736255e-01
3.144201683304841399e-01
2.832392647701762467e-01
4.088927372584696407e-01
3.015057044706632716e-01
9.777443727839221776e-02
3.977530564271694602e-01
4.510306804306187800e-01
3.621684527503942763e-01
3.299101833314503351e-01
4.878918908476163607e-01
4.904717257062827795e-01
3.422595533736892404e-01
3.940126340259427762e-01
4.056947982236199790e-01
4.472983931571465344e-01
3.967109236747267120e-01
3.804569685447192762e-01
5.449037777758968248e-01
5.486111382750530341e-01
3.541224848576079998e-01
4.513017612900193098e-01
4.527096977894483065e-01
4.265393974312509662e-01
4.614152488485243064e-01
3.876714111073579772e-01
4.767133041445798525e-01
4.086831248607515343e-01
3.671162633085801597e-01
1.729735944142506143e-01
3.397422665209045567e-01
5.274585580280009012e-01
1.418634247481056487e-01
4.957473140441718273e-01
4.613458330528090179e-01
4.391668182142952070e-01
2.988415288832936834e-01
3.517287238892972123e-01
1.702259735829542153e-01
2.088005961097784136e-01
3.834179217988988309e-01
4.194536800791032749e-01
2.495281460549509667e-01
2.377940436728188944e-01
3.688461298630018592e-01
4.422694021863180502e-01
4.043984508613235329e-01
2.804864037430404577e-01
3.816718209834564224e-01
4.202444662459122737e-01
4.256946510870213696e-01
4.017233209168131758e-01
4.296281568643185445e-01
4.500045108083806644e-01
2.053599578798169512e-01
4.237072834703810575e-01
3.211510711462389200e-01
4.221195149397657387e-01
5.757462202057002099e-01
2.949726210083521427e-01
5.107663010030852879e-01
4.421055238251135888e-01
4.423333320486075859e-01
4.319573482850095347e-01
3.850580511483864266e-01
4.049280191978871235e-01
3.858859108496502377e-01
4.220772282416433430e-01
2.655807725971260913e-01
4.485792873284423221e-01
4.838162629187953701e-01
3.594061007132168251e-01
2.944232472025840042e-01
4.485761628823932701e-01
3.881378566465186752e-01
4.179776714260456383e-01
2.987071354641187559e-01
3.845840918272467324e-01
3.762053143742655203e-01
3.730043666773658617e-01
3.898322642111810565e-01
3.975817973494887303e-01
3.010361480948968160e-01
2.994670376962096370e-01
3.699493026286143071e-01
2.400667932050475906e-01
5.382800355719566943e-01
5.534356459486229340e-01
4.661591116078541153e-01
2.782595985920606196e-01
2.869597153962527014e-01
4.710493967086343825e-01
3.255511972901041773e-01
3.270305530778770953e-01
3.933186277228009065e-01
4.878868492127257928e-01
2.672853694441543748e-01
5.421917000183139601e-01
5.294088634997966558e-01
3.099595815706050472e-01
4.357990062733618775e-01
4.542926675805433190e-01
2.966106806280916497e-01
5.308979134019565782e-01
4.642670702791962256e-01
4.348380965875487392e-01
4.467604287068567270e-01
4.433143772378133618e-01
2.132406329421175362e-01
4.040455341784044418e-01
4.270886011241635805e-01
4.129883103659372501e-01
2.180055547383472625e-01
4.166148137597152079e-01
4.808473594883668767e-01
4.032503952302984862e-01
3.905848606617184915e-01
4.796291248954930864e-01
3.174212936117930539e-01
4.552689408341934474e-01
2.267990174905435974e-01
1.799758731819705027e-01
3.427122270482493849e-01
4.541163012273030652e-01
1.253587566599327352e-01
2.510365375642054642e-01
4.618653884488795325e-01
4.130332814437785438e-01
4.289280396306613952e-01
4.611625648861268911e-01
3.825593739646339642e-01
3.254021043443470207e-01
4.046925055814097338e-01
2.824793784296000254e-01
3.805386252048951201e-01
4.053250691480366208e-01
3.980122679433162891e-01
3.115857050809459627e-01
2.728212851688154306e-01
2.522093910377049553e-01
3.772319777537475605e-01
4.034257997942181651e-01
3.928047487093787593e-01
4.538500897271564027e-01
4.104296215740714793e-01
4.180455527985139086e-01
4.533917167040122376e-01
4.895058568513372399e-01
3.655015907340939396e-01
5.326367430610909892e-01
4.783520480070916903e-01
4.281374793474184148e-01
5.278517957158127549e-01
4.430377543475255142e-01
4.672793173386945997e-01
4.294351027195067450e-01
4.989343462719481037e-01
3.132239228222936656e-01
2.256706048089411887e-01
2.762693533250088485e-01
5.748560029477772781e-01
3.181367802636881903e-01
4.092122353723209871e-01
3.749490564488636712e-01
4.337366737142057116e-01
2.378968711965746274e-01
4.728950696679428134e-01
3.903687360623669389e-01
2.979830052182384503e-01
2.863704558958778956e-01
3.404230783442297459e-01
3.413385994576311200e-01
3.937204959552994543e-01
4.340811834954252380e-01
4.235408528406396367e-01
4.753104301091284900e-01
4.234645145683642586e-01
3.808337316279108986e-01
4.835214323359608990e-01
2.666033440153142142e-01
4.164028378829945920e-01
4.652313351907046979e-01
2.939761942903709180e-01
2.395239414708712489e-01
4.427490318322441221e-01
2.703108838437821015e-01
3.984289423788570650e-01
4.276724313902113273e-01
3.935919809858131058e-01
3.531348458516008204e-01
4.419042198265994981e-01
3.283298096246611286e-01
4.791873918234076379e-01
2.527586561338949767e-01
3.527128144819008382e-01
1.469435920650060956e-01
4.027146304477843830e-01
3.597224191134015259e-01
1.659400779907617418e-01
4.607235618351862017e-01
4.051067265413545448e-01
3.032420959233332325e-01
4.290927077545029222e-01
4.446822691949139927e-01
4.564517275987111655e-01
2.743367854805648931e-01
4.158392214991154523e-01
4.505743307541235643e-01
4.435748005130720206e-01
3.855536661643392260e-01
4.872419212178507042e-01
3.397479999968275322e-01
4.026573522009383455e-01
3.485718185294598426e-01
3.129320201991697137e-01
3.449913385388358456e-01
3.962450546282674235e-01
4.488108138344287235e-01
4.072851177987522053e-01
4.082019278882596525e-01
3.250956250115688007e-01
2.628162877776080708e-01
4.092499152738651169e-01
3.306068487455579574e-01
4.591194238826911689e-01
2.102683614078504348e-01
2.842172873352049600e-01
4.236244051966946422e-01
2.853655276065439339e-01
4.080376579236208445e-01
2.956584366101169814e-01
4.009797552032832169e-01
4.355330589125946394e-01
1.026557491088694873e-01
4.734321748561515220e-01
2.992145918575788710e-01
3.002373268795327510e-01
4.274814212759128762e-01
3.105756654705625341e-01
4.416622150450368323e-01
3.508245476991657674e-01
4.864397584692190524e-01
4.309164880155211264e-01
4.006203488075059660e-01
4.163190032969586452e-01
5.019949939890151480e-01
2.039825622160598428e-01
4.010798488626786118e-01
5.892612606686421506e-01
3.980151502408548203e-01
4.541580936702750426e-01
4.088783112485052662e-01
5.441435456392810233e-01
1.047774800835818698e-01
4.053253267316475617e-01
4.198505811552198930e-01
4.388817039441775258e-01
4.484944341087644948e-01
5.670422629452169794e-01
4.006660213733173603e-01
4.759610824101491167e-01
4.466408003719485875e-01
5.646210643017820496e-01
4.519688257913833662e-01
3.471390129298803084e-01
2.547963230499296072e-01
5.335866881619346636e-01
4.100306852222968534e-01
3.105417079177468787e-01
4.891964517994275563e-01
4.173549750377942846e-01
3.545670929246038106e-01
4.439247179526717990e-01
3.590885874412478862e-01
5.049516216600383745e-01
3.768341940554382763e-01
4.316731202883986596e-01
3.884447766472641228e-01
4.365009224845673996e-01
3.088445673445009421e-01
4.011757596513580992e-01
2.962134681944659231e-01
1.965349448695763168e-01
3.914569059518836491e-01
2.535020134528235269e-01
3.242249306453722779e-01
4.517108120307291030e-01
3.346757221375200042e-01
5.088630946406138555e-01
4.118683715959461367e-01
4.204699330642570065e-01
4.005089961759439876e-01
4.434667603494877874e-01
3.280743750609850795e-01
4.337226930815738513e-01
3.980656463377792442e-01
4.441887641405888321e-01
3.133839633204698605e-01
3.813876870081829296e-01
4.398664907344951303e-01
3.817529966867336810e-01
2.647527709354681180e-01
4.379159392554136110e-01
4.213298635847737006e-01
3.073090903615209868e-01
2.497655665857624885e-01
4.024723577095594140e-01
4.308911547835612699e-01
4.107006268761659862e-01
3.780333102848419391e-01
2.787174957618475113e-01
3.415661369029928118e-01
2.909122158280096904e-01
4.045443644253516879e-01
1.299836629105842190e-01
4.498462957182877142e-01
2.340559868666971799e-01
4.979876345549386629e-01
2.332546272671253695e-01
4.137184574172649287e-01
4.202677370663118195e-01
4.416802075590063326e-01
5.697809247587829473e-01
4.158121858004769078e-01
4.426873850370630636e-01
3.028043451901351046e-01
1.601473770637148464e-01
2.545333640407778653e-01
3.508208582122639418e-01
3.179932868570151117e-01
4.226990544968557417e-01
4.525079835160074615e-01
2.057170619561024261e-01
3.226380835736539221e-01
5.767815088188665840e-01
4.100498664879503319e-01
3.298825850399990656e-01
2.368045107965896234e-01
1.431245482414110759e-01
1.194522927465023476e-01
3.951032870164901123e-01
4.037274380861727296e-01
4.342642889296779440e-01
4.276254878144187810e-01
3.339795884667703385e-01
4.105301560259106974e-01
3.933454839261590341e-01
4.675352016778769326e-01
4.602836632164847286e-01
4.747847592598923305e-01
2.164273090422950963e-01
4.972134929033309447e-01
4.729098131762627388e-01
3.607678121573737462e-01
2.658625188619491153e-01
2.727434335357738493e-01
4.365972873017041622e-01
2.413931931227431271e-01
2.251123975149234291e-01
5.765549770615786551e-01
3.493554695514100583e-01
3.915550419882834476e-01
4.427133714393199360e-01
2.443466131973376920e-01
1.767413569164940634e-01
4.416618604526497127e-01
3.622969225141228211e-01
3.542321480095514952e-01
4.438280762995407969e-01
3.828166769015718951e-01
4.258755828068728211e-01
4.957349291187742035e-01
4.109745920662230545e-01
3.770816920730548083e-01
2.664080912452183592e-01
1.866745750329837084e-01
4.808019337804313453e-01
4.243809421204842169e-01
3.588100878170187857e-01
3.471428965588110871e-01
4.748383401778097368e-01
4.653593205536816213e-01
4.398556050884464552e-01
4.033540438381197912e-01
3.587968805368567105e-01
4.248959250340302862e-01
4.476433490833043316e-01
4.491504426385768411e-01
4.928190785764574589e-01
5.499657799660668811e-01
4.848626602401064911e-01
5.281095132221207411e-01
4.223486223671943929e-01
4.468220755020377855e-01
3.957552450357216811e-01
4.218734899784243875e-01
4.897751326753273515e-01
4.161931440775694657e-01
3.858962702085659280e-01
5.819876773985347418e-01
3.193217541653355918e-01
2.898171056617766528e-01
2.977085687182205453e-01
4.215692969698927595e-01
3.675773628260317061e-01
3.560583526601296955e-01
5.641840559471225092e-01
3.489203692365607234e-01
2.923170388353318327e-01
3.997800985379045269e-01
3.135884920931856223e-01
5.051325550810702447e-01
1.910645039124200806e-01
3.276675133660464367e-01
5.125903452375141223e-01
4.956364392368469707e-01
3.124559507711796580e-01
5.108040628309888920e-01
3.918799259563611193e-01
4.211744148629974482e-01
3.895320771506016744e-01
1.539943656516682136e-01
5.470798641620320257e-01
4.653450946191315385e-01
4.183826885020099917e-01
3.505464433711772410e-01
4.377991052545685546e-01
3.794019366124854464e-01
3.029622712455254385e-01
4.354756809184868738e-01
3.909025451097806747e-01
4.510362474398137977e-01
4.042328047662013257e-01
4.256359684742461180e-01
4.611835804391955507e-01
1.463446864930316726e-01
4.121892203640667440e-01
2.301045504610547965e-01
2.133462711011865631e-01
3.953190033532869019e-01
3.985799300246803956e-01
3.778539396054871324e-01
3.268590474535119639e-01
3.084117898255467893e-01
5.083027881314495788e-01
4.133276184353378291e-01
4.315999312745111283e-01
3.477187646781085828e-01
4.031889540289950724e-01
2.153022125007305609e-01
3.474365063994712122e-01
3.173135063639467290e-01
3.524870359741092973e-01
3.707164460596408806e-01
3.916019678469042642e-01
4.428774231549584273e-01
3.990398680508269180e-01
4.016801244605957555e-01
3.364002258036510318e-01
2.634942663731141277e-01
4.496279968443901431e-01
4.896287775097574735e-01
4.336780907864539181e-01
4.392914525837817163e-01
4.027754106367639753e-01
4.331008367860047503e-01
4.575157547091324717e-01
2.527487446210979760e-01
3.881412346099425981e-01
4.036654625067562785e-01
4.937755000504153169e-01
3.557266045535326660e-01
3.417335787807636582e-01
5.409510054872102014e-01
2.563879326799652358e-01
1.649873669728290637e-01
1.294621916689823460e-01
4.201629341453369526e-01
3.333501185174839176e-01
4.105677475490573936e-01
4.457328134131989805e-01
4.739867350683013014e-01
5.415559316352361874e-01
4.009903302386824131e-01
4.090558907508462516e-01
4.277976748652727590e-01
3.635890546002909507e-01
4.359749308175993043e-01
4.208740774346657609e-01
4.155767518490338652e-01
4.407342379715822323e-01
4.365656147661307052e-01
2.824820372138147073e-01
4.143933112918360417e-01
4.349498331879791957e-01
4.386677313795498967e-01
4.413076530302058043e-01
5.593183420324582267e-01
4.829778149046266011e-01
3.465822340880169716e-01
4.687495294891693143e-01
4.354773478678377607e-01
4.846483308425126313e-01
4.549540168210625679e-01
3.992105210518637759e-01
4.837675913171256559e-01
2.793570115549457999e-01
4.618536557394581910e-01
2.761491099926325909e-01
2.206352105794510132e-01
3.141611809552307122e-01
4.265766162714090259e-01
3.439795439948800104e-01
4.011551117192290739e-01
3.622433708274641617e-01
4.310447304642026078e-01
3.328070355887392529e-01
2.342067387538095680e-01
2.956077847618266419e-01
3.107580074482363397e-01
3.596355886241687783e-01
2.684327427773542940e-01
4.400563764100279274e-01
4.429193539329431828e-01
4.228329024594987828e-01
4.412981587007877571e-01
3.313146142374316927e-01
4.183287769327079797e-01
3.298975440588337027e-01
3.697322325048866820e-01
4.483150191572266019e-01
2.138783752961198326e-01
4.165064836900920775e-01
3.789283020923294165e-01
4.815748240686171244e-01
4.254757508043529590e-01
4.815748240686171244e-01
4.668243577133177058e-01
1.228065016079400301e-01
2.910062847154543109e-01
3.412554650421878444e-01
4.167663915076833536e-01
4.859617942374322985e-01
3.201624969681609034e-01
4.499806691382196022e-01
2.665429580852700653e-01
3.985589903193631489e-01
3.236875455092539378e-01
4.407395375220213851e-01
1.875216476428941403e-01
4.380118449198057151e-01
4.306381798778198267e-01
4.381852412609853475e-01
3.850379614523884442e-01
3.133167191437994936e-01
3.737298735516360604e-01
3.652152767790962096e-01
5.725118656197885070e-01
2.676170223261400971e-01
4.460584291378106303e-01
3.835737246773940901e-01
4.356478953127042031e-01
2.619820571971623324e-01
4.076394298437919783e-01
3.815129064177652518e-01
4.902305379892283321e-01
5.558972873765735123e-01
4.000599501026613769e-01
3.856463607677035887e-01
3.843663641350483218e-01
4.531269946910541080e-01
4.010819970593735295e-01
1.637257285042031663e-01
2.827873811279524863e-01
4.247217022511040607e-01
2.478848608238822249e-01
4.361583960722569819e-01
4.090616375872593302e-01
4.333725891552570042e-01
5.560861147934083037e-01
2.853430933519891521e-01
4.360381450223305699e-01
4.919706084520182876e-01
3.873038725297728302e-01
5.278029535811790129e-01
4.547910772624969011e-01
4.350162565658429181e-01
5.019280003422808001e-01
3.487829388576517697e-01
3.841411542364392417e-01
3.535643975175559728e-01
3.229489388611258005e-01
3.988278077374682873e-01
4.799566374777655686e-01
3.841940168827893687e-01
4.003547199409071555e-01
4.043380780013240972e-01
2.539005471849832829e-01
2.145857600347709504e-01
3.784996773000040005e-01
4.047756979095986640e-01
3.376184600230949795e-01
5.561830792973893045e-01
4.798644622530820469e-01
3.647385792835933782e-01
3.537169100019267876e-01
4.637057828113125280e-01
3.538911918904995568e-01
1.423467220560335478e-01
4.539234643771707933e-01
4.028676820818717919e-01
4.509919787420251236e-01
4.078948550302295972e-01
4.571440953331706303e-01
3.886557573749310768e-01
3.982734917484393455e-01
2.236319637596548837e-01
4.099430959236122773e-01
4.028444730848582678e-01
3.180376070051385007e-01
3.642813570260191036e-01
3.313716028686842230e-01
4.400537471319578287e-01
3.065417087859816925e-01
4.710588383429515913e-01
4.184813075906647084e-01
4.794680127366364730e-01
1.830492494369474754e-01
4.257288271170444061e-01
2.655971034312548107e-01
3.642126562032407810e-01
3.870871614795905469e-01
4.050671028129730344e-01
3.022880648983113927e-01
2.157288588669058760e-01
4.298561510558769894e-01
4.202823088798858797e-01
1.803953287570530806e-01
4.711747669008909956e-01
4.432035837552110724e-01
4.665469683375199628e-01
4.748043952386244992e-01
3.972958780476024132e-01
2.298853873045192675e-01
4.230858833401178742e-01
3.375969098844522898e-01
4.164501957584577641e-01
2.963414163804268808e-01
3.534056636089270009e-01
4.426873850370630636e-01
3.993314626565642178e-01
4.136041311223282446e-01
4.240522755569958724e-01
2.528985877459282716e-01
3.822784117987619856e-01
4.285749492613705747e-01
2.070559579153215812e-01
2.807324221486133808e-01
2.946901864345206623e-01
3.068245292840018346e-01
3.916875887968581660e-01
3.886274641720242617e-01
5.738001041603887353e-01
4.322453829425101923e-01
4.196893850991240127e-01
3.449403799697902673e-01
4.105535686666682005e-01
5.613207147035349509e-01
4.749520605205791446e-01
4.462168342207120109e-01
3.942357011840819103e-01
2.960665357478426407e-01
2.781968245988822863e-01
3.337026940514905005e-01
2.425552672532240717e-01
2.830911224108442203e-01
4.723971320843019517e-01
3.676706993760514575e-01
3.862858100695427677e-01
3.445312315564290628e-01
4.516726027716287950e-01
5.192152464432268077e-01
5.396910728461317142e-01
5.634560002689145142e-01
4.366066871948628414e-01
4.012432548558709788e-01
1.629707575792288254e-01
4.260361497996429936e-01
4.597130778432832465e-01
5.008553409859924921e-01
3.532468978757765110e-01
4.497466165037856678e-01
3.372881122784292529e-01
2.049418270678675380e-01
4.137003493889956363e-01
3.300894266712267600e-01
4.613458330528090179e-01
2.849936241941762316e-01
4.320953570445152936e-01
3.067007653794918132e-01
3.771244018257031705e-01
4.437695585145514099e-01
4.506246577080728066e-01
3.781171131293407095e-01
3.717907312672506515e-01
3.782179522169518138e-01
4.218315309027556581e-01
3.819321289726224644e-01
4.116316695182302143e-01
4.492138922700814052e-01
4.010423241212364709e-01
3.465172691611721478e-01
4.023718167019517677e-01
4.244079435050689408e-01
2.452802165567892212e-01
4.751730967182496435e-01
3.995988073918240735e-01
3.318461273136610878e-01
3.191895163492142751e-01
4.189258509298201538e-01
4.682513110862824846e-01
2.381414260009086514e-01
1.565753716900696313e-01
4.496116395382344089e-01
2.896740371767788091e-01
4.025654091251438249e-01
4.439385443587763325e-01
3.856918614728003236e-01
4.888293623749656591e-01
4.154206364927399697e-01
4.762758859921539245e-01
4.071354358089015468e-01
4.498875553598504773e-01
4.447731074992481992e-01
5.252228583796699768e-01
1.832004482210443375e-01
3.930131409043212676e-01
4.121319596269313879e-01
4.370535344717060844e-01
4.032646673041809238e-01
4.371550692176324193e-01
4.183586894934060996e-01
4.429349989424092304e-01
2.971120691806917735e-01
2.179585449046892442e-01
3.475209344900128117e-01
4.330545984532269133e-01
7.814014263185178888e-02
3.911841858184332832e-01
4.614152488485243064e-01
4.149322265775041707e-01
3.990849775466652760e-01
4.636093071270029897e-01
4.624689602498299190e-01
4.730400091609576196e-01
2.637788196426824605e-01
4.175332668783171552e-01
5.368512466668106109e-01
4.128192080530918018e-01
4.041162751521749086e-01
3.368787585616358493e-01
3.277998636675364952e-01
2.884709864075083452e-01
4.830882130909883165e-01
3.034375096261340832e-01
3.830824509908895004e-01
4.888855205812198124e-01
4.313278268853885100e-01
6.739987453989569610e-02
4.244589262225779702e-01
3.796548130157313405e-01
4.863930317731839925e-01
4.783328845415942832e-01
5.323499378591276532e-01
4.312131202728973767e-01
1.364576342068774539e-01
4.653593205536816213e-01
4.640022657797338024e-01
3.234716771657627499e-01
4.085108712978923196e-01
3.181840627063220461e-01
4.373714635993033450e-01
3.097947877253812154e-01
5.707340057782706033e-01
3.076584262671163694e-01
3.996019649486530212e-01
3.999685558027751831e-01
4.444551063411823488e-01
3.376902979677911532e-01
3.462896832529145374e-01
3.937108373167481079e-01
4.422883842064013193e-01
4.455731593734236773e-01
4.828800932923740796e-01
3.852589057033318776e-01
2.022552479301751305e-01
4.374054433919410956e-01
2.573852901977761176e-01
3.132239228222936656e-01
1.205287227069539863e-01
4.361241553766318502e-01
4.223563519501335461e-01
4.233651887014831527e-01
3.833986309108387558e-01
4.396606884830120410e-01
4.300642087406598146e-01
2.011680899370034692e-01
1.263591939366874861e-01
3.671813148711497998e-01
4.235564658596153720e-01
4.713256889890298229e-01
4.737538385726778878e-01
4.553662287699153932e-01
4.629311709700335564e-01
4.233183644987654759e-01
3.895372412704825038e-01
3.918546306482769692e-01
3.805960090079116287e-01
2.027692511557005750e-01
4.245753157589191029e-01
3.731904826823099763e-01
4.416770645244492699e-01
2.811978244492543966e-01
1.223507819283450732e-01
4.212288202725277819e-01
3.430622258540638736e-01
3.956170629217818924e-01
2.974715521918262495e-01
3.164429494406805210e-01
4.602797808738122720e-01
4.204008830638243377e-01
4.117935047202576637e-01
3.754077080506748043e-01
4.655594113201105833e-01
3.637245357583758221e-01
2.597041985429709987e-01
4.027683426885317886e-01
1.992460190966800493e-01
4.536929212364518293e-01
4.688580477881821307e-01
2.923418820443462462e-01
4.167578374746234715e-01
4.096200547073596820e-01
4.216656336138220884e-01
4.322409054356439184e-01
3.689540007176420611e-01
1.361360370594080771e-01
5.757638358044760984e-01
4.143087276470165392e-01
3.575639267915875497e-01
3.517361686489925421e-01
5.580218418128771729e-01
4.037618937114216822e-01
3.713550956407136727e-01
4.479664677862504329e-01
3.872963719008229999e-01
4.114785086766582500e-01
4.475943542366085937e-01
3.541734124319761423e-01
3.104958373926236526e-01
4.143583193383404417e-01
3.065090949997292813e-01
3.977978057706652582e-01
4.270387426794513552e-01
5.026751806492819608e-01
4.088403810659783089e-01
3.995706185418137490e-01
3.928643620545588799e-01
3.775925212849053358e-01
3.696925389036312959e-01
2.514795186388442128e-01
4.473947533271562804e-01
4.509217455498639726e-01
4.122945609410388346e-01
2.292585511352072947e-01
4.872944736892196316e-01
3.382510393152676764e-01
2.936461947482926771e-01
4.141961490452624184e-01
3.325332627150540676e-01
4.591194238826911689e-01
4.028866107429789900e-01
3.625040189282376368e-01
4.568696647665381194e-01
4.351121190783414083e-01
4.526258139106724143e-01
4.892939659091610216e-01
3.669424342244446136e-01
3.602889750955547421e-01
4.159275631759601355e-01
5.629081558606499058e-01
2.501393843032634345e-01
3.616277038411862543e-01
8.836756396903062971e-02
2.323559998451781849e-01
2.311275445188468447e-01
3.725300232006427126e-01
3.962045004371804180e-01
4.233752942940707809e-01
2.165945008465440802e-01
4.194870003116443757e-01
4.163205681754843512e-01
4.421672281284912964e-01
4.216098293360797666e-01
4.135989042662329140e-01
4.283576468642772417e-01
5.657726755658544215e-01
4.218971431909886438e-01
1.779969820857639495e-01
5.582678503018129179e-01
2.840052322913564353e-01
2.132385726051674868e-01
1.443775381577332428e-01
4.114785086766582500e-01
4.554935020436637338e-01
4.808019337804313453e-01
3.999374792197474271e-01
4.744327956944228708e-01
2.501935586841942949e-01
3.943645566386055901e-01
4.671424938040353858e-01
4.518367041119449312e-01
3.863396641306481305e-01
2.506234264792622235e-01
3.845548024794732678e-01
4.808019337804313453e-01
4.284592504872645202e-01
4.508889733463714578e-01
4.220974903377546217e-01
3.994124901289378138e-01
3.266116999696165313e-01
4.269799845716084064e-01
5.195372468352874029e-02
2.893179447219525469e-01
2.635218656551917560e-01
3.289577658553110573e-01
2.532951324040007002e-01
3.122770316929882051e-01
4.300223691625424949e-01
4.177991461918675320e-01
4.257496438394648974e-01
4.692544584264312646e-01
4.073305954756750169e-01
4.983444458414769129e-01
5.635619092061158186e-01
3.989662749028590194e-01
4.221606651663829535e-01
4.925545543983345653e-01
4.512341011124978429e-01
2.393489464350185836e-01
1.131789295414546564e-01
2.629802569237578713e-01
5.387988260384750649e-01
5.535679291572168648e-01
1.799122314208089768e-01
-1.957752072448439712e-02
3.370484779465596215e-01
4.929124219311989408e-01
2.147698388761616894e-01
4.246804994953548573e-01
4.143422963763755962e-01
4.028199283707693534e-01
5.726819509659637486e-01
4.313762631432693784e-01
3.963356047692352946e-01
4.142562374761940003e-01
4.366297672755942716e-01
3.333895354487138585e-01
2.723101400353132306e-01
4.502823945638054770e-01
4.268826487538814884e-01
4.891964517994275563e-01
2.748069324148904036e-01
2.839277568837005328e-01
3.126121395064387909e-01
1.918082779790593606e-01
4.202538502060640391e-01
5.646210643017820496e-01
3.440941821244861698e-01
4.047304789988147022e-01
4.253070119632266222e-01
3.634522746946856619e-01
4.417655449097365183e-01
4.303657536751522850e-01
3.589671191552385454e-01
2.758828644688775533e-01
1.467594078334137075e-01
4.461863828837270840e-01
4.035141237123989200e-01
3.083581227698110050e-01
3.862913767675462129e-01
5.774000342861570489e-01
4.739287004185512853e-01
1.800830471075965944e-01
3.592519298683816698e-01
3.844630886066212616e-01
2.340127839376957286e-01
5.421472404563805192e-01
4.956364392368469707e-01
4.350939321318975095e-01
4.493341170969339937e-01
4.677825710281645621e-01
4.013264143637254588e-01
3.219849259732727731e-01
4.407727809109981409e-01
4.536370792008025954e-01
3.869169143138144196e-01
4.059373886261693487e-01
4.000690703798480130e-01
5.631693281324539058e-01
4.067263788443609140e-01
2.175234262087929471e-01
1.739936559689356232e-01
3.329430903765633887e-01
3.876213870672540751e-01
4.085640101993458506e-01
5.444786266487670057e-01
4.490121635573530723e-01
2.340026613333038852e-01
4.522460736787607960e-01
4.775509653835502966e-01
3.900730320271171281e-01
4.886593440801943466e-01
3.258150365978851326e-01
4.152606121557777530e-01
4.174667416785814433e-01
2.898211134768781116e-01
4.828800932923740796e-01
4.518321745738530515e-01
2.198197299116916581e-01
3.665765537791167983e-01
4.508889733463714578e-01
5.268162075911619890e-01
4.778852094952538709e-01
2.953882991174978656e-01
4.044942232527520276e-01
3.507371013826208750e-01
4.890307862029688590e-01
4.624702522341208599e-01
4.346731580175126064e-01
3.971365103040441213e-01
4.828242056152989292e-01
2.999542161435360121e-01
4.092888071627282520e-01
2.065164249766842652e-01
4.506623430865880353e-01
1.234315291786984847e-01
5.520058668734877383e-01
4.864397584692190524e-01
4.291373020001350014e-01
5.672316751117021383e-01
4.546151513905088981e-01
4.480403717938210018e-01
5.569526958090789126e-01
3.232602182819210856e-01
4.211651474959427488e-01
3.345669739716893853e-01
4.457749533118987584e-01
4.732419063320397190e-01
4.030983363387168339e-01
3.573358662125004637e-01
2.524794129900916340e-01
4.256509269951742613e-01
3.095738551752397205e-01
4.080043335418592210e-01
4.615441840510666749e-01
4.508946576955232821e-01
3.853319307400237537e-01
3.848704516933696973e-01
4.053549103421414945e-01
4.309721424441637638e-01
5.768225720778212828e-01
4.260256951331315434e-01
3.920954212849259712e-01
4.249318533006323784e-01
4.519202891638576802e-01
4.100429353810114419e-01
3.759051026673161378e-01
4.467604287068567270e-01
3.899901929428186698e-01
4.224986150299328558e-01
4.287202184514492531e-01
2.960006158363989726e-01
4.647871539125333351e-01
4.527505174891575113e-01
2.765033496960123127e-01
4.461363131607050669e-01
4.496538211780927718e-01
1.912317273492891434e-01
2.047951115424939406e-01
4.517174080051251650e-01
3.877030126082758321e-01
5.897976644311189176e-01
3.680439151246368557e-01
4.828800932923740796e-01
3.079485431694515274e-01
5.741375325499015192e-01
3.585379251935858491e-01
2.107753952187583768e-01
4.366959173857933307e-01
4.137365354881619162e-01
4.892063464456430921e-01
3.560574663243846194e-01
2.792976762075417008e-01
4.066384526704608926e-01
4.891730048861084312e-01
4.775509653835502966e-01
3.220488304423326231e-01
4.366214789586175815e-01
3.851519867628673821e-01
4.507842873919235549e-01
2.450822230294404658e-01
5.020488725305216615e-01
1.624008080325824721e-01
3.346936771632819663e-01
4.346573937179560310e-01
2.730483120110978601e-01
3.787120341789004807e-01
3.937634214674157751e-01
4.578042193088652234e-01
2.400925986442372373e-01
4.812303431244803753e-01
2.094736752797413115e-01
4.162552296113301575e-01
2.827997513910420757e-01
2.084317161306857846e-01
3.318155231608837519e-01
4.420927766727630326e-01
3.778680771616397815e-01
4.668849375779297595e-01
5.071885172382047946e-01
3.511976822475052495e-01
4.162032723249012300e-01
3.932962857884030883e-01
3.300318823763598863e-01
4.301424312777117898e-01
4.355061441844808590e-01
4.530754100046294752e-01
4.333828653637931128e-01
4.039949222352425817e-01
1.490640497839717526e-01
4.882587140165963735e-01
4.317085426820328475e-01
4.346970106416158663e-01
2.375277416366801397e-01
3.889000411573661498e-01
4.594053886600345527e-01
4.457213889493713554e-01
3.945866501406534166e-01
4.674374800656244111e-01
2.790989382789094142e-01
4.049574765890923134e-01
4.001221506528153116e-01
4.113438307039389286e-01
4.198662977387402351e-01
4.549205137738646099e-01
4.590623833861819381e-01
4.343216570486407857e-01
3.390620518533991046e-01
1.888265879734986608e-01
3.687058591559201348e-01
4.753066857695311120e-01
4.315874610411392642e-01
4.255734431231085191e-01
2.458500171204856533e-01
5.444356698515278037e-01
3.439615485142178408e-01
3.947622556098315250e-01
3.145634711219656987e-01
4.782568071308140878e-01
3.991951806366773603e-01
4.728550989817399963e-01
3.001225710365399424e-01
4.254119678244704938e-01
4.808019337804313453e-01
4.344169414087496461e-01
3.804621598834868612e-01
3.131704500330634855e-01
4.363981504825689695e-01
3.628623257805724811e-01
4.815748240686171244e-01
5.545079339081808723e-01
4.713256889890298229e-01
2.193770274727716296e-01
3.933040449137923944e-01
4.796067023417401876e-01
3.182220851675137685e-01
4.614863676503169199e-01
5.590027244356222669e-01
4.301792431415734086e-01
4.283522263225671978e-01
3.166755003477253472e-01
3.494829900564641045e-01
3.105259173121321381e-01
4.259497874669634920e-01
3.942154412040731470e-01
2.286596029196187874e-01
4.452497045836140144e-01
3.820823548423011862e-01
4.166662221872514671e-01
4.655286407835896867e-01
3.641312812751394401e-01
3.956295137368016634e-01
3.881086240600822301e-01
4.937755000504153169e-01
3.956740049157955741e-01
4.261710814142137815e-01
2.972052923947525738e-01
2.622867991268249543e-01
4.095590141962835440e-01
4.247615338554345255e-01
3.099160301900628633e-01
3.789332056619065803e-01
2.835852601383169191e-01
3.491761144108861958e-01
4.993745497961207813e-01
4.249673107136878736e-01
3.301353884584557474e-01
5.337420528827411248e-01
4.346275496193967580e-01
3.490856314043065955e-01
4.197504393856122951e-01
4.570247666964619149e-01
4.041794884440776392e-01
3.555139035590308971e-01
4.227039744766001861e-01
3.808717747522208930e-01
3.877601927468022902e-01
4.403662104913411701e-01
5.150380402846482797e-01
5.021981254079843637e-01
3.910625384728115828e-01
4.342549165873436645e-01
2.433013132670608092e-01
3.333192669259398833e-01
4.064340124836036128e-01
4.129285581048535714e-01
4.768565092634100000e-01
3.949590794459781340e-01
3.106878847083259232e-01
4.231233931236199619e-01
4.013743396036049682e-01
5.005482161382291961e-01
4.316357712871923824e-01
4.798644622530820469e-01
3.690911802554233678e-01
2.449532006932668149e-01
4.420573448189060173e-01
3.639133091938513420e-01
4.333383130252884685e-01
3.336008493795361018e-01
4.319728537561889348e-01
1.660567074609669569e-01
4.514938144561225219e-01
5.012765888998705899e-01
9.555373909542201616e-02
3.554217611754278972e-01
3.074600069726887153e-01
4.072182718850151373e-01
4.375201722442542684e-01
5.207878214825549801e-01
4.101519640341503847e-01
7.647413745164814702e-02
3.300567869523460263e-01
4.224979011980316002e-01
5.272734855312758429e-01
3.001829269884657148e-01
4.860072199453678299e-01
4.125122301292276639e-01
5.697501968347570278e-01
4.074034862435903515e-01
2.155862059263448649e-01
3.592635509430244789e-01
3.939535926923060094e-01
3.378014752532931819e-01
5.696405839713664099e-01
4.021262845020414090e-01
3.282995399820435312e-01
4.088367244409031320e-01
4.552129449454466736e-01
5.603522816925357031e-01
3.229500920954819776e-01
4.475498373324473533e-01
4.538659883369817738e-01
4.287074742865374932e-01
3.717295684371531017e-01
4.536777693618466167e-01
4.024160637408092378e-01
2.701596638416086660e-01
4.033360402042392434e-01
4.425971382456087011e-01
2.223901649861164953e-01
3.984999483425971656e-01
2.560930725131883579e-01
3.404735230738039631e-01
4.146649196831356798e-01
3.997297869153251804e-01
2.304511144383779575e-01
4.372509559615788688e-01
3.283979391205175680e-01
3.846762339826426125e-01
4.009544752473150342e-01
4.836910806032446719e-01
5.379629683826877562e-01
4.233391530064863351e-01
3.275935116028400040e-01
4.534559823212276353e-01
4.221982559426699644e-01
3.742687495856779067e-01
4.798644622530820469e-01
4.125338797661788348e-01
4.155827199633782554e-01
3.973129140002692461e-01
1.766756173379547407e-02
2.210364729583262633e-01
2.668150340107398044e-01
2.191635642923897564e-01
1.731448647518786244e-01
5.411174191881318318e-01
2.166279503947297624e-01
3.327520574208058801e-01
4.320166171619005957e-01
3.672215747580240830e-01
3.725015174746599822e-01
5.442493103495764650e-01
2.743839889220396899e-01
4.342328208262002942e-01
4.124010199818989864e-01
2.115309149455736337e-01
4.505975282785422698e-01
2.427726428166350203e-01
3.138290647297876101e-01
4.042879571184128662e-01
2.170113180982557732e-01
4.255116475991173042e-01
3.900495814624839186e-01
2.846538976136461230e-01
4.728303915352215503e-01
4.340226720172510877e-01
4.042288982958114896e-01
4.205322291294677495e-01
4.327487428105337708e-01
2.991245144373068099e-01
4.794362856388129090e-01
4.149968250451910867e-01
5.214397888790249791e-01
4.612541815012495272e-01
4.473579001163120461e-01
2.838301652250352358e-01
4.161592682643984187e-01
4.446523468420553460e-01
4.101102380616914456e-01
5.639293772884439448e-01
2.250745163761832257e-01
4.710588383429515913e-01
4.735147169184978355e-01
3.996863469828466076e-01
2.476721489221169747e-01
3.344763012005085301e-01
3.416758310911059970e-01
4.175427371422560929e-01
4.225393918267016935e-01
4.199760552439587569e-01
3.828568240126319910e-01
3.139084173277990053e-01
5.639293772884439448e-01
4.930146005531683140e-01
1.962915481075077628e-01
4.338996246416356728e-01
2.186458282880326953e-01
3.034343718247814459e-01
4.347381708263623468e-01
3.328152463152918572e-01
4.157885130035917087e-01
2.449136445141956719e-01
4.282349604708485802e-01
2.518913773230604392e-01
4.126785017608380901e-01
4.200491113998047199e-01
4.373960716304977070e-01
2.886351555668341673e-01
4.584158898074137123e-01
3.629218048984681477e-01
3.610034804982849566e-01
4.519693240712777116e-01
4.837042481546200978e-01
3.785681011208192337e-01
4.149227898807593684e-01
2.963005885067531708e-01
4.442323512044276113e-01
3.007972675934144080e-01
3.893204542895643550e-01
3.077937460412684678e-01
4.252528877048798450e-01
3.217889659218576281e-01
2.910638670171812881e-01
3.901032837865942016e-01
4.496538211780927718e-01
4.101599900374047203e-01
4.436099822311689311e-01
4.877922673571460921e-01
2.809865863869296931e-01
2.854179200632228075e-01
4.093012075232262958e-01
3.844223172038391256e-01
4.027656310069417933e-01
4.142174889014082484e-01
4.225094682290769232e-01
1.190182419562418603e-01
4.794214374041666504e-01
3.275105022137845823e-01
3.787580184549047546e-01
4.190197770840782820e-01
4.217652670209294241e-01
3.235051972662571496e-01
5.213740673418151284e-01
3.876729757369303808e-01
3.867622096095187922e-01
4.490937531661250426e-01
3.814526668722216796e-01
5.023366384015159891e-01
2.679825072470202185e-01
3.853656923251534416e-01
2.765380576820408720e-01
3.245276393532410819e-01
4.212758625582769256e-01
3.129953098989686766e-01
2.265430739004920258e-01
5.669608497198100894e-01
