4.107260944183946383e-01
4.127060305943375251e-01
4.774483576491929671e-01
4.071872607351952889e-01
3.034071104241052308e-01
4.148313796063740622e-01
1.578744284103925644e-01
5.031687249137412055e-01
4.778982459312602904e-01
2.055955214114173757e-01
4.613986257847931260e-01
4.759297196968731436e-01
3.512071781951193183e-01
3.861704109521439388e-01
3.978273502125173056e-01
2.701325256157306454e-01
4.434192642219962899e-01
5.695667919512581445e-01
4.286757745735694791e-01
2.594162994612513873e-01
3.992241862192582591e-01
4.401285831374454616e-01
4.456611811868571027e-01
4.329977209795926041e-01
3.255268328181553650e-01
4.016801244605957555e-01
3.158387671649124928e-01
4.758406035680152191e-01
4.281829104908329020e-01
4.869039519774409075e-01
4.891730048861084312e-01
4.133622713560233808e-01
4.012071160785649626e-01
5.116420811933710677e-01
4.102825005038825412e-01
2.669740454192383039e-01
3.907258027956675428e-01
5.773512769615910534e-01
2.540211796105154018e-01
4.578524235008414323e-01
3.278712950508582691e-01
1.415639067908301130e-01
3.220402676959095989e-01
4.037642731234310500e-01
4.928532210600324870e-01
3.896395423774421385e-01
4.828800932923740796e-01
4.096393097046621135e-01
4.309890577997356753e-01
4.250393224277401738e-01
3.483682898018780616e-01
4.628261260250247644e-01
4.114966521392709464e-01
4.160402598230385496e-01
4.081829485236775357e-01
3.215806629351566914e-01
1.166905418743290346e-01
4.006822462570996390e-01
3.692355505998570209e-01
3.376982654670358519e-01
2.030080637759349993e-01
4.074222522137602165e-01
2.498387717608640257e-01
5.594319992240910366e-01
4.606126973179282547e-01
4.642973884676940832e-01
1.659400779907617418e-01
3.151368662643307395e-01
1.262375352222015468e-01
4.569369041716048740e-01
4.000408188973536561e-01
4.153949378596734632e-01
3.001357280281490847e-01
3.904590376650245998e-01
4.499207235234589097e-01
4.446189237088449264e-01
4.138665659189573187e-01
5.147291152353165034e-01
3.705550696576743741e-01
4.404066131943863982e-01
5.657583294698775855e-01
4.800741719500217775e-01
4.728407437159857230e-01
4.138268662805861253e-01
5.559434865407094639e-01
3.451134152457986937e-01
4.476172776427725375e-01
4.002661319248392302e-01
4.808019337804313453e-01
1.417350222224958711e-01
3.919032089132307162e-01
5.386580733579358071e-01
4.138357814410554836e-01
4.042495422239427150e-01
4.305228505503104208e-01
3.270463880542189838e-01
4.415988566963841011e-01
4.451327055890142437e-01
4.086119532393814868e-01
4.226666824441918657e-01
2.262415383432379856e-01
4.140699994634200465e-01
5.748560029477772781e-01
4.489002350139805753e-01
3.517226941175356503e-01
1.816179442784986442e-01
4.440732245305825665e-01
4.351671843799060913e-01
2.320285351449106748e-01
3.964343979176915833e-01
2.231915017597888296e-01
3.382297520712382322e-01
5.118004400124634978e-01
2.794875313448113574e-01
3.336830489029809499e-01
2.138182664302770986e-01
2.622441171791407011e-01
3.240116226821442291e-01
3.425420223704915834e-01
1.768957090822667333e-01
4.205258586652078634e-01
2.875729811456211871e-01
4.216571271308295898e-01
2.825443947237951114e-01
3.270996939462395559e-01
2.863182626640231043e-01
3.938202311842787240e-01
2.791296031918349407e-01
1.770072643617597308e-01
4.556668830742195420e-01
3.060054778800324060e-01
4.114258665406335669e-01
4.088783112485052662e-01
5.591863570698364372e-01
4.228798263264937907e-01
2.319908500983330624e-01
4.858856244235106869e-01
4.334133505999098190e-01
1.891471159083277787e-01
4.236748377275604271e-01
4.110542870579131924e-01
2.585230454977341941e-01
3.846757381092961725e-01
4.035435002352958378e-01
2.375638491911016559e-01
2.273420802540764840e-01
2.264854699398337889e-01
3.753681304616256487e-01
4.037381529503040745e-01
4.558613989894266250e-01
5.582495766781520041e-01
3.245197216446428223e-01
2.971003329651790703e-01
4.777656764264492373e-01
3.775619680845561654e-01
4.530471277141726594e-01
3.455918853505534072e-01
4.121954799611538545e-01
4.323574549659289223e-01
5.530578828617895848e-01
2.986642055123364670e-01
4.238722020411742619e-01
2.678533343978715675e-01
4.950226865349562355e-01
4.007837150719116837e-01
2.029818629160281551e-01
2.234057387957335272e-01
4.628402300139832781e-01
4.892899973871780439e-01
3.101048383130221020e-01
4.475077566846168420e-01
2.909744757950017413e-01
3.822835460442549627e-01
5.252906120598762607e-01
5.713036672030428198e-01
3.060575159102929543e-01
4.223155491792441318e-01
4.331772339772117508e-01
2.613794065646634635e-01
3.436232411953186183e-01
1.555796847314314946e-01
4.539482631065410723e-01
3.316227226579234189e-01
4.348639513765301667e-01
4.361113648234344886e-01
4.116338675263176983e-01
4.263811963655234072e-01
5.591863570698364372e-01
1.742148225921672233e-01
5.175308341641241539e-01
2.876478448679020139e-01
2.741960996232223335e-01
4.664550822305233990e-01
4.717468693535976088e-01
4.096868970735132454e-01
3.776679403388628620e-01
4.689951484907732837e-01
4.467379386867779134e-01
3.786471651197961807e-01
3.898039246199886398e-01
3.228222922856474608e-01
2.394763071743358507e-01
2.303716157048192048e-01
4.624432345016072365e-01
3.799693635990138429e-01
3.977534381554589382e-01
2.320943838557299466e-01
4.962352977307278867e-01
4.029396363707118400e-01
4.313640423610361485e-01
4.205771573043686762e-01
4.017243767274711330e-01
4.869039519774409075e-01
4.530534518316391424e-01
4.327599370756060049e-01
4.204306213572598927e-01
2.641855362808711583e-01
4.378331457917949421e-01
4.015720463316436173e-01
4.824480902461792953e-01
2.683477844579202354e-01
4.237356214018853096e-01
3.886627637487305442e-01
5.082211195630108591e-01
4.050297650146622019e-01
3.700545867969332048e-01
3.897011212083907883e-01
5.695302677736024943e-01
4.012739117867335503e-01
2.262145943268137060e-01
4.188307861464621862e-01
4.135195822064846038e-01
5.450915866005818788e-01
4.871286244275137567e-01
4.257463496488036458e-01
2.752133401851022954e-01
2.996922196705644748e-01
4.315892458698455947e-01
2.097012534133969319e-01
4.098647012976385229e-01
2.223372675589251890e-01
3.015697379804818112e-01
4.024160637408092378e-01
4.220229940289523807e-01
4.375778568657597845e-01
4.339892964341079962e-01
4.393644047601609759e-01
3.716462273179156894e-01
4.630738088074318193e-01
1.821185754531279566e-01
3.940371709394970834e-01
3.364681828164097221e-01
4.217936216323001641e-01
2.929103869983702979e-01
5.666992238137248394e-01
4.310381440745059689e-01
3.951206807149516553e-01
3.020160169385880389e-01
4.538399627245908174e-01
3.463937502681349034e-01
4.008726929902335367e-01
3.083142343065923829e-01
3.302935204396613700e-01
4.597946132217427540e-01
4.454834441801044931e-01
3.200081934934912442e-01
2.246278171020365533e-01
4.374986423538078095e-01
2.978774832165984043e-01
4.237081988714160308e-01
1.632058924133633071e-01
3.347072871460433086e-01
4.074458937670147884e-01
4.093491854167143895e-01
5.744748290771856114e-01
2.182851438234128805e-01
1.955839390412483225e-01
5.707340057782706033e-01
3.774297809719098784e-01
4.071728461770795504e-01
4.411465274278746906e-01
5.753203845816583506e-01
2.975137678552930431e-01
4.554836199280942188e-01
4.070681575256382967e-01
3.873895528550726497e-01
3.934956493209484374e-01
4.030293343032735343e-01
4.046704469557901862e-01
3.507266092486479581e-01
5.239691600669253990e-01
3.801043442988636389e-01
3.033451426452233868e-01
2.752201513173293534e-01
4.843459963943362867e-01
4.007408310105085025e-01
4.682534673532113834e-01
4.123191444918319903e-01
4.250104416122208462e-01
4.608939002838141619e-01
3.810399503781515262e-01
4.374036828361748674e-01
3.943406764818307292e-02
4.436532027528654609e-01
3.973718694450408817e-01
4.227912797196468064e-01
3.095288396177542922e-01
2.632462184126210247e-01
4.090617205716701177e-01
4.032469096360938310e-01
4.404222912731401429e-01
4.153128817955286656e-01
2.122348719509004888e-01
4.435094603099757338e-01
4.970494863104658045e-01
4.107386424911438350e-01
3.961765682164603564e-01
3.834056434877228803e-01
4.162986208319596204e-01
3.181394950157013790e-01
3.880730521285398749e-01
4.108927559937511909e-01
4.190018727825374212e-01
4.308024795508776372e-01
4.282228762394633126e-01
3.977522465823050135e-01
4.414291020845779734e-01
4.100532198050042543e-01
4.760201685553677176e-01
2.020605279148097733e-01
1.867980528487376557e-01
2.783997887005333349e-01
4.292352078377793534e-01
2.092641756007855847e-01
3.268174553349075251e-01
4.535304628214996692e-01
4.090269280297135213e-01
4.447276949028495241e-01
4.243988079172585359e-01
3.670671133432746314e-01
4.554840534801481988e-01
3.365380960206830196e-01
3.872476837022710838e-01
3.982413423429495003e-01
5.009071745011728360e-01
3.631571663630284164e-01
4.631782471778902455e-01
3.856548001785460866e-01
3.836359590229492800e-01
4.225418570860839940e-01
3.540506756255179521e-01
4.595961392820805957e-01
4.295787866168946922e-01
4.615455726292116978e-01
3.316547903756339455e-01
4.456344109968407019e-01
3.661930432542333524e-01
4.363462133198596771e-01
4.109363538455633735e-01
4.312865948361422896e-01
3.929609107236576304e-01
1.676056295263110008e-01
3.981796001986804834e-01
2.098137076370789056e-01
4.245563912470324830e-01
4.153304874776674871e-01
2.404714733228121015e-01
2.033978450126300574e-01
4.346907556086713753e-01
4.038484809111081986e-01
3.975813537148288335e-01
3.073751577155164894e-01
4.038036291441034487e-01
4.237538502554566433e-01
4.234501587632113484e-01
4.405288379455380432e-01
4.534790185446980204e-01
3.439779379145944116e-01
2.541646732661417274e-01
4.127184736088226891e-01
3.723162463962400581e-01
4.537106264583913307e-01
3.201187968795546346e-01
3.044818103255615971e-01
4.582087219229751818e-01
4.166465752130848466e-01
3.441498124669035708e-01
3.319301230554226878e-01
4.387080681929729220e-01
4.398951606866267627e-01
3.198715262184774200e-01
4.734476363041010272e-01
4.254830693655056728e-01
3.971717465014066861e-01
3.858576668564989709e-01
3.276777280001497705e-01
2.766226661132665798e-01
4.144086827431920916e-01
3.813292380172700891e-01
4.849329266675241334e-01
4.202784308524028511e-01
4.191755448809139084e-01
5.513291622805881476e-01
3.134719254681119782e-01
4.178738245269748020e-01
2.919438249953879017e-01
3.390911173922167565e-01
3.305891853685075654e-01
4.508745702401044664e-01
5.768427429325729827e-01
2.564419433326536879e-01
2.437095110058259961e-01
4.094825985825373271e-01
1.971854491264082021e-01
2.806653820513551056e-01
5.112372978429995385e-01
4.439905821815758880e-01
3.093107473750394965e-01
3.986464777961757910e-01
2.266591375000003294e-01
3.891513878259843517e-01
4.433761446923276672e-01
4.914627817821174416e-01
4.340879000876623484e-01
2.045546379892783928e-01
3.826844358905507892e-01
4.154481303690563121e-01
4.379341540016351009e-01
4.377287937251236882e-01
4.446822691949139927e-01
3.673827756272157741e-01
4.441061660222730412e-01
3.136482125712399260e-01
2.018223108166395108e-01
3.230991053762047871e-01
4.374896972152200747e-01
4.230606158318113152e-01
4.686138004359034492e-01
5.896856187345045353e-01
3.428272657021140257e-01
4.117849599399596161e-01
4.562821170893343048e-01
4.471441720237584461e-01
3.626520132848730649e-01
4.336712337016094265e-01
3.188220495946366695e-01
4.264027121486200222e-01
4.831887900723380591e-01
3.813983692801869996e-01
3.598674688097137642e-01
4.439905821815758880e-01
3.726078627438930146e-01
2.339311078591677640e-01
4.814604519247935310e-01
4.180738109819994164e-01
1.234085600844298941e-01
3.640224391709558360e-01
2.676015141994595448e-01
3.273208920464954486e-01
3.792582779216122635e-01
3.912673373597843063e-01
4.281896094903749339e-01
3.133952732658106810e-01
4.326231161964478877e-01
4.615740934583572042e-01
3.913809201144006766e-01
3.569341507957943249e-01
3.051251888770113441e-01
1.481450387611763786e-01
3.248144455095250405e-01
3.792910275533450393e-01
4.175814513614958257e-01
3.160850038194856770e-01
3.917785836512832631e-01
4.218734899784243875e-01
4.592339554810600522e-01
3.752573460658162885e-01
4.158782284458640843e-01
3.953814924402370701e-01
3.892223272569730885e-01
3.365014974060109298e-01
4.661591116078541153e-01
4.118652847003429485e-01
2.379169870274754350e-01
4.042941375483721234e-01
4.119834065777506216e-01
3.941060627716428955e-01
4.273143973906189941e-01
5.705863597486992012e-01
2.892370016706573566e-01
3.828166769015718951e-01
3.744265713296639486e-01
4.479619862131479779e-01
2.973800619827073333e-01
2.979015072864942826e-01
4.110561581074223536e-01
4.654391075335911343e-01
4.630391318627594122e-01
3.405315940707258626e-01
5.470981316448466636e-01
2.206464935289257079e-01
3.009255969682660958e-01
2.348748071383365554e-01
4.131360626155543003e-01
4.749948399801325327e-01
4.176251793328640827e-01
2.172793572470647083e-01
4.842782064499425165e-01
1.260231601831817705e-01
5.474866405904886824e-01
2.766889449945250101e-01
4.057135478873531986e-01
3.606251929084834940e-01
4.202452127736713283e-01
1.158946941304382361e-01
4.442097329734341904e-01
3.444259275755821026e-01
5.043601055023437807e-01
4.480388441338035155e-01
4.700279952046689802e-01
3.163788043168295205e-01
4.141075352625349093e-01
5.259654057500035007e-01
3.939907552690335435e-01
5.372965177585021790e-01
4.177115110857881897e-01
5.475071243379611152e-01
3.367734456184725556e-01
3.974105978546148554e-01
4.761219592252168287e-01
4.664551654638873779e-01
5.201663994444073458e-01
3.803617066733857577e-01
3.840142745577511119e-01
4.205483075665111814e-01
3.764154532250854612e-01
3.359249297696230152e-01
3.511161925934560557e-01
2.981673284279727776e-01
4.204306213572598927e-01
3.827348063905695597e-01
4.021789942911069837e-01
2.909837979317674850e-01
3.612218509877290207e-01
4.100451892376073548e-01
2.219011058993950181e-01
6.002563301272876295e-01
3.403901015841647171e-01
1.480517048096059718e-01
4.726332096420886586e-01
4.457820033354982781e-01
3.464571305246720301e-01
1.718723414670481897e-01
4.115811888564062104e-01
1.664925905781358961e-01
5.699325881881551759e-01
4.592339554810600522e-01
4.050523373137842609e-01
2.791534834290009259e-01
1.789412874208305138e-01
4.061529428736658232e-01
5.535252262922746302e-01
3.245741706209888111e-01
2.390242262366755466e-01
4.189959701014009386e-01
3.973083335097492008e-01
4.241259048031824075e-01
5.419835567351114491e-01
2.296947344588551876e-01
4.104140571009760041e-01
3.255425284066197911e-01
3.864550434977571669e-01
3.367550303819146773e-01
4.311506004817152182e-01
3.852270674893822910e-01
4.260583397895847391e-01
3.545453949077411737e-01
4.073340828955366866e-01
1.107618568829220190e-01
3.828129612745806987e-01
4.072606645542300452e-01
1.966887657120996169e-01
2.480272418660214306e-01
3.729941286209125795e-01
4.223744044618319982e-01
1.993118365534956027e-01
2.903176984146237927e-01
3.253580819442894456e-01
4.311040183445237206e-01
2.003592121728385023e-01
3.908854058415224819e-01
4.651305985058564740e-01
3.859654631911383360e-01
4.489523925417925887e-01
3.895906275484644632e-01
5.553971940316899947e-02
2.983183053688071018e-01
3.215392026787809443e-01
1.998226885549399257e-01
4.264027121486200222e-01
5.212507774027671514e-01
2.982943109243458291e-01
4.541580936702750426e-01
3.582903857667483760e-01
2.846302297128411318e-01
4.054186235321345921e-01
3.992961800916621784e-01
4.872503357541161373e-01
3.582911526464341856e-01
2.194470850699196118e-01
5.051299499307174701e-01
5.748560029477772781e-01
5.404676346136021436e-01
4.254998531285482111e-01
3.883985788108787474e-01
4.327762521426966602e-01
4.203310106878811458e-01
2.996888666854481964e-01
4.031985634577908151e-01
4.284848155776680434e-01
3.885632560007671876e-01
3.512246832171678768e-01
3.944025243300861572e-01
3.959686342614339716e-01
2.639898136478551760e-01
3.017210217146826801e-01
4.307471174970601835e-01
2.844345846702491798e-01
2.814709106269405736e-01
4.157707138432992222e-01
5.648410875917349028e-01
5.127934447489773673e-01
3.285540087109090068e-01
2.126444072946364339e-01
4.607235618351862017e-01
4.536067232543977701e-01
2.877473406453641136e-01
1.865621084186918910e-01
4.199519840389175362e-01
2.488231145415411294e-01
4.147431768039407940e-01
4.727874476420582672e-01
4.117170591491391418e-01
4.509504761635998449e-01
1.747338620534099884e-01
4.048323930249904112e-01
4.363916259162583522e-01
2.843154734112043891e-01
3.115100752465850831e-01
5.371867992144645498e-01
3.761465636520351374e-01
3.488031029906661917e-01
4.928797459066384667e-01
4.463367678967595231e-01
4.483264842004310857e-01
4.301054991279467665e-01
4.446822691949139927e-01
3.703315388656323592e-01
4.130662359640214776e-01
4.634934083604670407e-01
3.125656604358854063e-01
3.982670295034211883e-01
3.316414495839280496e-01
1.623074405553101007e-01
3.572526759174295963e-01
2.478028720808406749e-01
4.392460612728844027e-01
3.324580414129473249e-01
2.971036854523888548e-01
4.154762760256808241e-01
2.287486454361178922e-01
4.162381462745647909e-01
3.248321769545383653e-01
4.133574199628944346e-01
5.675476346458024901e-01
2.964187472292392211e-01
4.135072893937828953e-01
4.714202582932173757e-01
4.645667166133551906e-01
4.363114617722020361e-01
4.119073799949219405e-01
2.181248854341067134e-01
4.282212635619170316e-01
4.429925885882566305e-01
4.643539357878502805e-01
3.399556159555919277e-01
4.382383968423054221e-01
4.244125914619149009e-01
4.287801096284364899e-01
3.669798018349050284e-01
4.683601264694858268e-01
3.971880050353674974e-01
3.056651290201521931e-01
4.002747377401714157e-01
3.972827841033993446e-01
4.087192414189815826e-01
4.321382252558960135e-01
4.485645109582957479e-01
4.172373927665175564e-01
4.349629251820486542e-01
3.944411565607280901e-01
4.121494642755501037e-01
5.520082709318671066e-01
-1.319260782583185632e-02
1.094247599168108320e-01
3.169978723361974726e-01
4.807527776327872315e-01
1.494932597616156766e-01
4.104161277279930187e-01
4.209466127803498381e-01
4.012549139373739471e-01
4.490550045083548936e-01
4.122766966379839415e-01
3.773891017648080548e-01
3.977384193048641436e-01
4.828680575031385480e-01
2.168280755737565235e-01
3.817636141064206790e-01
2.526463421071884485e-01
3.966976675789850026e-01
3.581440990218250908e-01
4.421034604177403460e-01
4.299056116733241395e-01
3.145746244757234300e-01
2.154521669076556456e-01
4.038118568824602961e-01
4.020699898694159446e-01
4.071474167661876531e-01
4.956231643036440593e-01
3.665800401201811387e-01
3.701367356998874758e-01
3.199884853598138901e-01
3.815825784693409051e-01
5.804237460569223739e-01
1.978070262624195275e-01
3.948449458408432311e-01
4.172762690543114217e-01
4.388965341712067203e-01
3.385198927900993082e-01
4.021886809783891681e-01
4.213488333231641958e-01
4.956364392368469707e-01
4.197082761682930929e-01
4.439905821815758880e-01
2.932861820684105059e-01
4.410134881068221713e-01
3.201990071007050354e-01
4.058968364682003505e-01
3.988250425724255699e-01
4.628517675855627345e-01
4.250369588657532116e-01
4.129415556211713523e-01
3.827097662595485006e-01
4.638431295626815332e-01
5.455552787169939410e-01
1.562722246585432628e-01
4.250220973743473185e-01
2.931124244960909286e-01
2.898581604563215119e-01
4.266175735592712126e-01
2.635218656551917560e-01
4.584917930339157954e-01
5.539803225333309565e-03
4.705191810106825745e-01
2.607408093260077386e-01
3.340760772626167330e-01
4.071426251633266657e-01
4.162603454342839182e-01
3.949590794459781340e-01
3.522338708680983754e-01
4.424443700032839599e-01
2.848557341231239826e-01
3.567280226645302421e-01
4.576775699949013343e-01
4.235202439941680996e-01
4.517273307415637373e-01
2.086530244342391371e-01
2.590897808351316778e-01
4.330015771406834357e-01
4.653593205536816213e-01
4.128757673230031289e-01
4.188168992862144058e-01
3.827079769496839479e-01
2.218091122031099760e-01
4.014494720501539105e-01
3.861868658687128142e-01
3.998620308930390110e-01
4.604449501405103451e-01
1.920110389296864062e-01
3.821071513103462269e-01
4.396423842795957881e-01
3.770693335366997467e-01
3.218959705852184605e-01
4.221328174237930497e-01
3.768495643865047429e-01
4.218972481662682794e-01
5.340954722022361878e-01
4.574671999495130703e-01
4.308600964571039360e-01
5.269257396899748036e-01
4.256131053562565714e-01
4.316373187389918042e-01
2.235912338698242130e-01
4.353059602887969781e-01
4.097503110217211586e-01
4.410705742032651200e-01
1.059597852065796153e-01
4.693775945953661544e-01
2.829155864826023437e-01
4.219515579777574632e-01
5.762859314363439900e-01
2.120656021080893350e-01
3.979912831774640170e-01
2.898563574799618014e-01
3.283009994288753619e-01
4.037680147245428230e-01
4.891964517994275563e-01
4.190586859017612076e-01
4.278369453290176705e-01
2.436555485670801879e-01
4.161844995915018885e-01
4.854142774516213565e-01
3.955088805436637323e-01
3.493596984162356534e-01
4.718687133307805093e-01
4.809568322325799561e-01
4.258448944249185741e-01
4.341045797882538415e-01
4.895426280735837299e-01
3.450339244165051000e-01
3.082911019041899570e-01
2.576645980486737542e-01
3.551531063445295122e-01
4.217899550490957217e-01
3.970968495646154395e-01
3.987947154216113232e-01
3.480013207877961090e-01
4.878868492127257928e-01
4.044977381404536443e-01
4.005613788819545884e-01
2.987620998566399289e-01
4.225829747828122041e-01
2.304701394443859908e-01
2.263238090050689322e-01
2.575077070785847799e-01
3.181512848598895826e-01
4.606104230471673167e-01
4.333451087846534322e-01
3.013243299252499896e-01
4.024523421393863543e-01
4.029396363707118400e-01
4.127946542937021013e-01
4.074294684966266455e-01
3.069121029816171964e-01
5.592851760264444527e-01
4.808019337804313453e-01
4.261811670075584257e-01
1.811909278277840096e-01
3.130009008076739541e-01
4.801102467670932405e-01
3.950753798570620923e-01
4.021024739510343782e-01
2.568553174003811446e-01
4.121448971455202170e-01
3.990141931720480040e-01
4.026866598052821211e-01
4.324477661532860617e-01
5.748560029477772781e-01
4.808019337804313453e-01
3.804661610598354393e-01
3.471680310016149740e-01
4.376026454710318925e-01
4.098723127107766762e-01
4.607010858394727792e-01
4.417135201569816760e-01
4.113213446671118434e-01
3.026058149455502777e-01
4.189946275796038178e-01
4.985040073743803313e-01
4.116619607575407458e-01
2.335055091141263472e-01
4.653593205536816213e-01
4.320953570445152936e-01
3.856510668758753591e-01
4.128064841363762727e-01
5.188608238836980302e-01
5.623717840679173241e-01
4.546347527647418008e-01
3.415454367736694419e-01
4.477988470148361877e-01
4.477450793197563228e-01
4.189876100858933583e-01
4.150508788497731527e-01
4.898481466336004342e-01
4.363065886371574886e-01
3.339271623184206783e-01
3.844013800710386342e-01
3.145789858873991318e-01
3.808260137457737393e-01
4.144137388173701475e-01
4.552800805785078286e-01
4.085782684148317467e-01
4.136451021856026311e-01
4.232962900646156656e-01
4.648369537702515819e-01
3.902613214352709248e-01
5.509436669138223497e-01
4.278369178611777235e-01
4.189131096278705946e-01
3.749589339380522968e-01
3.300919145646071251e-01
4.250104416122208462e-01
2.802556070019622259e-01
4.152805689107496590e-01
2.646620458166836221e-01
2.021699135928163860e-01
2.808683115277608167e-01
5.755476899611153829e-01
3.014022049235897116e-01
4.606913662073795490e-01
2.241401369724549952e-01
1.591788948844521656e-01
1.775747754114962440e-01
4.092090045402573262e-01
2.753584598372728065e-01
4.373582571282392806e-01
3.325956171597977962e-01
4.274677163174934735e-01
3.945765039686889297e-01
3.705695940871499561e-01
4.058166955182868629e-01
6.017088104178269781e-01
3.952120057228549199e-01
4.048259317757851306e-01
3.976855252074223412e-01
1.764719047921233241e-01
2.165945008465440802e-01
3.653674499194653480e-01
1.598936827661165960e-01
4.321930786567677596e-01
3.970372389579209238e-01
3.654220802997332762e-01
3.523924973119154092e-01
3.256749559251040926e-01
4.188307861464621862e-01
4.841600363793382988e-01
4.300039993184573417e-01
2.641877839551284857e-01
3.944788041398442080e-01
4.109806412978289081e-01
4.408278896963940263e-01
3.401720363943678271e-01
3.666599306231430044e-01
5.235991261066169633e-01
4.210732420120863462e-01
3.607475160791462909e-01
4.420531716158739299e-01
4.009537559384426797e-01
4.561077066786554113e-01
4.245998017200451891e-01
3.882691499340768515e-01
3.373528806152050197e-01
3.940371709394970834e-01
3.060114700183637071e-01
3.937961081969652555e-01
4.117843808332491973e-01
3.276760889750530703e-01
3.567395996537048863e-01
4.248769367071318359e-01
3.094010296008372629e-01
3.671797745352635700e-01
4.162375924366074620e-01
4.336780907864539181e-01
1.767518851746182618e-01
4.098405542033536908e-01
3.051922777898492534e-01
4.908227550540021911e-01
4.255863813885569780e-01
4.176507250878998545e-01
3.989410652346867536e-01
3.743905983344644750e-01
4.014810706673635488e-01
4.145660370359923741e-01
4.360993926624958661e-01
2.154387061153052729e-01
4.579139483504308661e-01
4.373958998527674447e-01
2.370419240507056213e-01
2.588135466178911326e-01
3.303661372760368087e-01
4.390823214956459108e-01
3.386473766782820971e-01
3.420627593496921581e-01
3.699673590405800905e-01
3.428610597341482658e-01
2.030795579732692091e-01
3.189677612783395899e-01
4.150417193624524326e-01
2.674495510718878921e-01
5.291075748211646612e-01
3.010084755116518851e-01
5.731445034574630393e-01
4.446822691949139927e-01
4.736932216140342100e-01
4.192578124723216892e-01
2.671283130238964465e-01
4.397914734910544077e-01
2.893693177151453466e-01
4.657774714478584155e-01
4.047758730896897639e-01
4.289032505274827933e-01
4.051105689685254307e-01
4.296782361305477860e-01
3.753387515736730240e-01
4.529517230266682515e-01
4.169415913490617243e-01
4.606998247668748769e-01
4.362695273014110531e-01
3.531089047173400219e-01
4.257364566207841317e-01
4.350014087461187007e-01
3.062764196575604725e-01
3.444834780112954187e-01
3.607577941133394694e-01
3.667804800850104630e-01
4.765514450845342864e-01
3.142425929773636772e-01
5.809804011690292702e-01
4.739231588025859532e-01
4.636670387176849428e-01
1.863674650809220845e-01
4.169441163987119836e-01
2.796972855628874766e-01
2.826085369431917127e-01
3.913044296487159790e-01
4.030358937230367200e-01
4.898370576964915513e-01
4.220322802334682821e-01
3.803439234461001295e-01
1.472163628759988463e-01
3.228351485624981754e-01
4.054518833520246446e-01
3.749249584398577917e-01
1.921202473529916854e-01
4.181947883944731048e-01
4.392948835742440661e-01
3.301582128175389319e-01
4.160119106056544558e-01
5.696778374575158788e-01
4.690420991617329505e-01
3.853918980344617773e-01
4.169698681418013142e-01
1.899392622466807290e-01
4.137093843167158336e-01
2.297745588024956154e-01
3.347679536463801786e-01
3.995421494534483475e-01
4.067041069902979644e-01
3.736204515523902092e-01
2.060037581787882432e-01
4.398571975592887040e-01
2.377453167620393881e-01
4.443559266928330254e-01
4.157229703807714949e-01
4.438631368189057680e-01
3.664613041373878111e-01
4.620216431567452098e-01
4.294290148586576983e-01
4.614937520181073283e-01
3.144531024988003187e-01
4.082681882847405963e-01
4.092925804223927488e-01
3.832831475435168889e-01
4.060931977492414635e-01
3.313009125983887304e-01
3.481372942301516060e-01
3.118709654866109182e-01
4.260218333291007631e-01
4.363635128725072421e-01
3.676944595347750866e-01
1.477158160869175840e-01
4.182490115702374722e-01
4.172240874610202988e-01
4.404796238747752390e-01
4.566994139909401063e-01
4.126161224622633683e-01
3.476643169672748446e-01
9.073301623190936638e-02
4.140159116352296054e-01
4.879091334314659134e-01
2.160906413138238835e-01
4.566759660818080491e-01
3.077783125175731493e-01
4.024160637408092378e-01
1.685839750925989533e-01
3.761558379897803062e-01
3.391280429654672246e-01
4.779974810961803988e-01
4.902826492739774666e-01
3.864704356122314888e-01
3.917675132819362638e-01
4.475498373324473533e-01
4.570225534607350593e-01
4.594266289348875043e-01
4.786866071276184020e-01
3.369191913050377241e-01
4.602797808738122720e-01
4.395881313954123626e-01
3.194641896867404518e-01
4.659738177087212052e-01
2.995197660322909683e-01
2.455730644760820980e-01
2.464046466401779711e-01
4.078777536858471109e-01
4.616407452093192476e-01
4.907439621443490108e-01
3.246830310232349803e-01
4.368919869766306752e-01
2.161207244230456959e-01
4.659919101359212834e-01
5.516738723861751570e-01
3.894456128923196592e-01
3.818800733496668376e-01
4.124053705226168320e-01
4.212353715598187165e-01
8.633533547266002139e-02
3.467308599145259573e-01
3.337650669602655884e-01
3.791051448590717632e-01
4.145124345836204149e-01
2.825795987024601885e-01
4.449023921491442324e-01
4.928532210600324870e-01
3.000525874407402593e-01
4.326234414953380458e-01
4.160160974181299487e-01
2.795574543412451263e-01
3.852332713209454251e-01
3.199786026633535396e-01
4.247251202959983485e-01
3.789669359826595141e-01
3.703987672960108446e-01
2.603063008819084811e-01
1.979922913970810772e-01
1.915611623484210213e-01
4.298037596779955005e-01
5.398384574125708601e-01
3.936681902173297942e-01
4.061152599016984999e-01
3.864177489135782184e-01
2.919190176356389332e-01
4.437623986195921022e-01
1.947084739220240335e-01
2.043271932634360966e-01
3.561620458305796433e-01
3.873895528550726497e-01
2.587385316357755927e-01
3.883961803954393277e-01
2.431083410226758945e-01
4.862729959848190453e-01
4.374267192671062454e-01
4.222446816542472225e-01
4.145850207157638634e-01
4.577539235778005366e-01
4.439905821815758880e-01
4.036610739591782737e-01
4.609714678871503768e-01
5.417198229835009649e-01
2.900652880518286292e-01
3.489757268922044076e-01
4.343179971871735656e-01
3.157825431520205894e-01
3.300173086541443590e-01
3.336289108692219729e-01
4.414767265059685308e-01
4.042410959046479624e-01
3.596735329970299766e-01
3.869792028274437468e-01
3.074600069726887153e-01
4.421863187751682300e-01
2.498183712260095279e-01
4.534086325782367144e-01
4.374961571366747237e-01
4.140858025166963552e-01
4.332489579013275582e-01
4.412875197673922223e-01
4.226365952842934814e-01
3.497963749992210047e-01
3.547609012732326761e-01
5.710507413825802736e-01
3.403285641001987383e-01
4.493473255596239224e-01
4.367837957606727772e-01
5.231944825434853286e-01
3.449460761027284272e-01
3.065688641896327504e-01
3.615980117078291256e-01
2.033572201603172924e-01
2.820293809400482021e-01
2.699436896929937602e-01
3.580987764220199265e-01
5.596977498288203678e-01
1.829297977084249349e-01
4.552873221716195462e-01
4.117901138112656789e-01
4.341523494323631938e-01
3.648853929795248807e-01
2.440101336515774211e-01
5.050368301774708080e-01
4.289137107124575965e-01
3.315262091327226268e-01
4.722649097862654521e-01
3.601061226392782144e-01
4.344230156186631442e-01
4.710588383429515913e-01
3.604293382472700258e-01
3.924588152683545772e-01
2.572936048715614432e-01
4.956364392368469707e-01
4.482662371033061532e-01
4.789895273627501893e-01
4.144332085368354068e-01
3.132446039481869837e-01
4.138066428759563653e-01
3.680630991080298120e-01
4.175475401969657718e-01
1.763116834138643285e-01
1.409663348042690112e-01
4.115826597550866772e-01
2.720287740128400286e-02
4.102554888707231062e-01
3.945338756237474764e-01
4.967226367113968810e-01
3.917348674637012862e-01
4.173461731302995359e-01
4.687972811256614913e-01
4.528905910252792322e-01
3.093216761729817299e-01
2.088795647389213306e-01
4.129871778776837976e-01
2.816899379379957380e-01
3.943384125659682993e-01
2.998974047254925890e-01
3.170978809158258027e-01
4.274944763004273063e-01
4.071930231726775817e-01
4.087738461570665782e-01
4.175064004263843165e-01
2.745213036414261287e-01
4.210204471639997781e-01
4.105957188554349435e-01
3.438345571177667259e-01
2.361834205301161504e-01
1.194384469376052749e-01
4.448072623889925969e-01
4.690603836978438634e-01
3.761613943769707702e-01
4.050297650146622019e-01
4.241439721690904441e-01
2.332601606417014084e-01
3.280199676598288816e-01
4.884905824183550238e-01
4.137058610475887188e-01
4.099756082199302876e-01
4.925617249567906808e-01
3.926874389589068981e-01
3.940126340259427762e-01
4.108422714316598001e-01
3.759428146215889055e-01
4.939866890689532664e-01
4.482908293674624511e-01
4.124247602451101558e-01
4.243717708078849626e-01
2.657931848888628878e-01
4.184722334943026811e-01
1.789929759466856451e-01
4.124630179256141282e-01
4.723967837987300689e-01
4.341356320568491856e-01
2.334605648402497402e-01
4.762543992328549525e-01
5.380936659251611687e-01
4.324932416933602863e-01
4.269443719777048507e-01
3.903139243196693253e-01
1.946081579681383233e-01
4.558285360009887710e-01
4.032646673041809238e-01
2.106163576701704787e-01
3.923239399379603864e-01
4.087192414189815826e-01
4.390178069251982618e-01
2.356710810279226409e-01
3.888661365486045240e-01
2.176901496905198907e-01
4.682484673764950034e-01
4.845365998020376708e-01
3.319828700629964824e-01
3.873956819176816446e-01
4.650166487941757576e-01
2.829386837825990098e-01
4.203616245498345561e-01
4.233543639659919644e-01
4.167916975207565100e-01
4.872419212178507042e-01
2.269075700880507085e-01
1.974951197543649006e-01
1.681336972817076003e-01
4.254119678244704938e-01
4.298209560395283013e-01
4.519140135507793143e-01
4.068435081452316249e-01
4.567964317501667648e-01
4.798644622530820469e-01
4.251433065415341495e-01
5.744492007526611488e-01
3.908858732927082413e-01
3.702937957299672345e-01
4.625348716138792948e-01
1.856368605624705570e-01
2.583099473139099378e-01
5.446759969372583221e-01
4.243191737531414320e-01
4.080005575852013733e-01
4.586761068041733669e-01
3.165775428730314145e-01
4.611835804391955507e-01
3.816767291794145311e-01
3.856471907985259961e-01
4.442816436124741863e-01
4.058362908968960459e-01
4.540946602207305838e-01
4.240018104132566301e-01
4.446822691949139927e-01
4.057039831456625834e-01
4.002660120953500655e-01
4.778725338339731565e-01
5.110375568558619408e-01
3.498722354680054436e-01
3.975817973494887303e-01
1.957035376106856517e-01
3.242768310044953917e-01
4.361180396745129584e-01
3.340171197432348360e-01
1.788665875097764923e-01
4.640315979474631813e-01
3.516766021692583899e-01
4.891964517994275563e-01
4.187023759862866235e-01
4.292138654091167682e-01
1.262629658778596231e-01
4.915958545873796992e-01
3.259405647924598637e-01
3.963237919176192392e-01
4.007577850368158057e-01
4.290713568614304418e-01
4.037274380861727296e-01
5.343965014301080840e-01
1.919827591132023670e-01
2.808194198514337714e-01
4.990445971194885089e-01
4.277084170820256159e-01
2.231288697736834026e-01
3.832546038106740549e-01
3.225263899591482297e-01
2.999177357816492084e-01
4.298693050807934624e-01
3.754400859122474232e-01
4.221228747296036921e-01
3.999959412392127822e-01
4.736932216140342100e-01
3.374564334590163805e-01
5.337840486375194926e-01
2.893503537026792527e-01
4.026145939853940647e-01
4.892939659091610216e-01
2.585701171340321070e-01
4.928532210600324870e-01
3.343459414875712965e-01
1.719092196562000963e-01
4.186547340551854401e-01
5.000567715868228236e-01
4.674374800656244111e-01
3.344550888914020192e-01
4.363503762743170533e-01
4.751312470160342083e-01
4.836695019179647059e-01
2.064502850165159109e-01
2.468989866784575549e-01
4.193655636634415762e-01
4.633149201788284155e-01
3.971072927377859996e-01
5.084398331100089541e-01
5.723899467491748716e-01
2.793788422638812108e-01
1.957035376106856517e-01
4.082940768483772076e-01
5.800415613532233783e-01
4.622703066904106928e-01
4.539898247698667677e-01
4.568690386076668108e-01
4.053786381576910403e-01
5.074552485604801044e-02
4.084194506089635079e-01
4.289137107124575965e-01
4.602062406698984587e-01
3.753246760898596435e-01
2.964772852001865133e-01
3.946042251600524464e-01
4.122459348148261871e-01
2.994691107712667000e-01
4.133389581720821049e-01
4.724204521974414983e-01
4.403250475681091403e-01
4.998280868819825473e-01
4.875500284143224339e-01
4.195050485911379079e-01
4.225049693952170338e-01
1.838126781330652604e-01
4.048361708902896705e-01
4.285059429937223552e-01
3.901113758039472801e-01
4.220065223702786361e-01
4.098788388537911165e-01
4.258374864065710974e-01
4.777656764264492373e-01
3.763510276969105339e-01
2.647477734223514512e-01
2.359853425505698821e-01
4.860072199453678299e-01
4.702517292255329329e-01
3.707368099361319502e-01
3.787236912480314577e-01
4.729696613673252115e-01
4.387787693342262707e-01
2.199946240955526211e-01
4.587552367550107313e-01
2.361054708665528135e-01
4.571779297371207362e-01
4.446822691949139927e-01
1.609360374188737175e-01
4.383055988628951627e-01
4.308714512140265906e-01
5.057573789614059345e-01
3.632823393013406843e-01
5.134875473555279290e-01
3.764625958389871685e-01
4.602216492982705298e-01
3.116608938531637008e-01
3.651278625567721536e-01
3.940502406522522483e-01
3.767804832254258440e-01
3.145952655201463832e-01
5.557005754863969527e-01
3.953987564133185084e-01
3.133899768272869202e-01
4.808019337804313453e-01
4.357103624087854676e-01
4.312194123998734918e-01
3.264200740280059354e-01
4.437447976675646943e-01
4.147680102207947361e-01
5.341317704548336209e-01
3.677358480718738720e-01
4.426195651145509169e-01
4.496077414285239437e-01
4.590300818702671704e-01
2.982006392832754482e-01
3.834457285264437076e-01
2.433035556251293141e-01
1.680168266588047687e-01
2.925860048370244049e-01
2.856833784798419318e-01
3.851060666130664556e-01
4.380093187083737294e-01
3.858309414365722056e-01
4.250515364052516731e-01
5.551894384023825513e-01
1.659400779907617418e-01
4.267323240705156451e-01
3.911110972986671097e-01
4.243075639851245917e-01
1.416935598085254377e-01
4.203517328910578166e-01
3.949932215561232640e-01
2.615464180852801190e-01
4.114801206903292430e-01
4.376659926997735761e-01
2.280211952121707075e-01
3.138805651870353319e-01
4.265141305038352981e-01
3.971647973038662793e-01
3.261427376377544762e-01
3.021935168796252014e-01
4.885350766677721834e-01
2.581792932552677833e-01
1.068983462518172112e-01
4.133612419759002399e-01
2.674351390862889088e-01
3.413761668530603810e-01
4.416435174955136156e-01
4.109745920662230545e-01
4.401151367584499319e-01
2.367076607696032009e-01
4.061760506296982487e-01
4.520165087582756480e-01
3.018571773078198017e-01
3.653700747163773355e-01
2.280992650371607700e-01
2.627634726813252719e-01
3.543553850045454978e-01
4.331772339772117508e-01
1.485100433682870757e-01
2.273500728975976493e-01
4.106810667451852304e-01
2.844143890031587407e-01
5.534532440791803953e-01
4.843827676165827767e-01
4.532620629394571998e-01
4.595961392820805957e-01
3.763043044032363116e-01
3.298317614865898251e-01
4.481521534547864838e-01
4.785533129199482927e-01
4.505778504808536367e-01
2.662954950040904434e-01
3.288974140318597361e-01
3.422713680094701116e-01
5.172385545920941269e-02
4.003265016729232739e-01
3.731904826823099763e-01
2.472592553963660622e-01
2.408685803662362068e-01
3.588197747740002885e-01
4.207082245423919287e-01
2.474467641494218217e-01
4.596152842835465879e-01
3.891889181066359171e-01
4.775460036626472671e-01
3.137622739799375005e-01
4.302699628611846294e-01
2.632583968728047230e-01
3.373710810051234743e-01
1.990014498478720195e-01
4.155251181603146771e-01
3.733177379484411418e-01
4.059689130760618658e-01
3.871362106603291608e-01
3.851851981198615715e-01
4.448831495580111706e-01
4.042879571184128662e-01
1.849215075310363388e-01
4.350417819067136649e-01
1.073969595204629923e-01
4.298882165641276232e-01
2.951373334925477265e-01
4.107574435222272613e-01
3.819664474246404762e-01
4.228354165552068444e-01
4.016848383900483155e-01
3.362414863350665639e-01
4.538138503519984490e-01
1.165645933118486383e-01
2.706423656741511752e-01
3.031070675904317113e-01
4.468846608509043916e-01
1.651031142098309812e-01
1.849268349901701525e-01
1.929521259633353858e-01
4.043797445984371741e-01
4.553275195297403211e-01
4.301727796517890723e-01
4.713624592984477779e-01
4.247229422871539040e-01
2.458125795593535112e-01
4.415521211210171049e-01
4.217225610855638851e-01
5.584654759748284292e-01
3.928176629093481642e-01
4.174118700626315293e-01
3.984734083305901398e-01
3.093159512444530468e-01
3.756560232572761504e-01
3.034558688274686111e-01
3.594417978267427927e-01
3.088212871468629661e-01
3.170203908199291654e-01
3.652640910932063445e-01
4.604817912356306553e-01
2.060456209717944354e-01
5.391053314491044413e-01
5.634827800021380284e-01
4.239635252234204565e-01
4.509687053491088227e-01
3.293192767357449036e-01
4.318509659217449337e-01
3.317419525846755923e-01
1.999152585779576108e-01
3.915843537833400001e-01
1.916482466299144483e-01
4.066868803809474686e-01
4.135915430510930801e-01
4.539898247698667677e-01
4.520099420773766030e-01
3.961143216929428057e-01
1.649064745160918055e-01
2.855914720001725415e-01
3.169297799136265303e-01
3.161199704834821156e-01
3.779153360367009662e-01
3.868779933804075144e-01
4.415756662048941905e-01
5.287930866421589604e-01
2.347812129684001548e-01
5.393357056335631450e-01
3.248914994393587441e-01
4.139507720262001755e-01
4.275383109067633636e-01
4.429987514670130078e-01
3.639913712597990236e-01
1.659774231331929417e-01
4.010999811919175873e-01
2.367577000373465024e-01
3.744559896352117057e-01
3.969490931242856124e-01
4.054993837117211175e-01
4.063455130948863681e-01
4.449985523682162825e-01
4.683017664378612555e-01
3.311347771649424399e-01
3.310922898727531316e-01
3.714122762149082990e-01
4.410266152032973341e-01
3.138324851812298033e-01
4.127946862427002150e-01
1.892286257690810047e-01
4.523553713673593712e-01
3.805400290936639673e-01
4.908227550540021911e-01
2.987227237537400937e-01
4.031059675021447797e-01
4.808019337804313453e-01
4.226392174257043166e-01
2.746221306962976505e-01
2.514306400740540237e-01
3.951161544962362715e-01
4.101076137626859519e-01
3.189371503830789045e-01
3.626550852225361998e-01
4.801179854783175216e-01
3.848635838205518023e-01
4.611286712313075187e-01
4.527096977894483065e-01
3.530014794889855256e-01
4.269066909143789390e-01
3.976866703922906088e-01
5.034845174002227086e-01
4.132816348647010418e-01
4.574086927865282370e-01
4.254153715130616908e-01
3.348325554334435350e-01
4.486262463185891614e-01
4.172527642178736063e-01
3.563143506879547506e-01
3.196805683013733690e-01
3.840988011507882605e-01
4.878918908476163607e-01
4.239312381467931767e-01
4.109369892571964611e-01
3.947791475015612894e-01
3.535615332276346168e-01
4.439594345638925854e-01
4.173879439973247063e-01
4.116860670442415993e-01
2.907315302191744166e-01
2.402987386993238328e-01
3.815539817924439858e-01
4.113351703678488902e-01
2.927199275686215296e-01
4.167616704415715301e-01
4.348475323299728079e-01
3.892592696345667513e-01
4.373365716420226645e-01
2.554500772252396024e-01
3.854009543514138048e-01
3.376464200435926322e-01
4.115499222390778811e-01
4.298997921425672386e-01
1.811842544911710096e-01
4.167780083293751159e-01
3.424410541591373924e-01
4.488108138344287235e-01
3.155411110458764545e-01
2.134766300672641393e-01
2.939851381012080767e-01
4.229926759968256067e-01
3.911729854954990593e-01
4.362609434769477157e-01
4.085563827702163864e-01
4.819023366508896067e-01
4.442323512044276113e-01
4.121652993608090343e-01
3.571737205657924408e-01
2.736126607738940120e-01
4.061828058096863536e-01
3.714982390191422512e-01
5.371040559149221627e-01
4.825760845507265362e-01
3.684062413061601760e-01
4.419042198265994981e-01
5.471940674740720656e-01
3.945183057566652995e-01
3.591389181294956656e-01
1.939536208349129376e-01
3.895896347437203810e-01
5.646249097163916764e-01
3.359840904348424528e-01
3.459544174371458891e-01
1.848503271548109228e-01
4.336528364726686680e-01
4.436467723738610203e-01
3.550577672976939492e-01
3.989506475275801933e-01
4.678203860698216254e-01
3.982842656974711626e-01
4.225717305196324824e-01
2.642353978789910296e-01
4.055685287293041008e-01
4.269219812069812714e-01
2.531385147638146593e-01
4.464506035878598733e-01
3.718396187113727769e-01
4.285082640261987930e-01
2.566380816345831262e-01
4.475498373324473533e-01
4.515129429229446933e-01
5.767252379197825851e-01
3.648019152264552201e-01
2.776485696667377323e-01
4.043797445984371741e-01
2.360403448928994063e-01
4.485081556640660438e-01
3.977714612906760316e-01
4.010317021996451792e-01
1.992373891328843294e-01
4.260757324092489529e-01
4.470656322580502939e-01
3.182268795918447024e-01
3.616752008815062869e-01
4.711395582750989020e-01
3.827210289037751845e-01
4.462855544825885534e-01
4.066212254802195059e-01
2.292125395780779673e-01
3.390133003584879234e-01
4.086817653271502260e-01
4.857476614299074957e-01
3.793087044568543842e-01
3.439323313213895061e-01
3.096976118186138272e-01
5.130132993316233181e-01
4.150717185173832258e-01
4.916210179502507049e-01
2.817867554350931281e-01
3.291142622137808171e-01
5.534922201972203304e-01
5.172503388270548452e-01
3.878243380573682120e-01
4.763980831302428998e-01
4.249227617775440669e-01
4.856966289217519717e-01
2.614824883059749805e-01
4.379159392554136110e-01
3.533950714372469659e-01
1.649200111821262082e-01
4.042567475113746922e-01
3.252269059966880760e-01
4.855813089714809960e-01
5.207878882227673367e-01
4.149641247061983118e-01
3.391226159509731497e-01
4.750387554962691161e-01
3.939535926923060094e-01
4.097321275606224944e-01
4.485179377834205838e-01
5.852014218102242760e-01
2.113896885640851597e-01
3.370190395587844834e-01
4.428636329715491815e-01
2.692654517971367900e-01
3.691448497591992561e-01
3.185052264002814493e-01
3.469410234947002958e-01
4.431057905274120579e-01
2.701512702174147518e-01
2.286005708750494803e-01
4.150155214329325770e-01
3.915193663262276913e-01
3.761507023335524114e-01
4.623901683774819249e-01
4.198517570443201508e-01
4.275146121357575879e-01
4.516984271053314237e-01
2.876431157523023363e-01
3.675425872543870986e-01
2.918748130018153364e-01
4.337366737142057116e-01
5.652890664025109757e-01
4.331608928530161218e-01
2.074866896610897959e-01
4.489362061005385818e-01
2.665372172237345239e-01
4.003510368438049638e-01
4.498462957182877142e-01
2.079775908305745158e-01
3.222315314935517150e-01
4.733867491482159351e-01
1.812648367314347864e-01
3.977365506619029434e-01
4.133321236589973524e-01
3.179255548979783574e-01
8.066919511812278842e-02
3.179982052600557330e-01
3.262144562508679790e-01
3.775261125330440226e-01
4.240325263460352212e-01
4.341558453166347586e-01
3.681287822442034785e-01
3.035832847514189914e-01
3.288706110630011392e-01
3.192058751490894353e-01
4.501475170965626993e-01
4.231326483749506817e-01
3.827720920331782462e-01
4.485702044357327556e-01
3.884108614164979434e-01
4.796291248954930864e-01
3.015667193395564771e-01
2.227734659649897309e-01
3.156207405628665419e-01
4.130588008097716979e-01
3.375603622222083655e-01
4.183723866512909506e-01
4.092246409608368829e-01
3.292540687475610239e-01
2.624470873957055472e-01
4.164874731026254051e-01
4.305168335996403250e-01
4.944199704277572605e-01
4.011670621382520396e-01
5.666141849164278987e-01
5.025468098859553479e-01
4.469757585645066089e-01
4.460749759803604997e-01
4.589831220710223203e-01
4.154769152545968458e-01
3.120659357414669044e-01
4.887330256895441316e-01
4.334167135431554185e-01
4.206253986318687077e-01
5.702257980024633133e-01
4.475245656749202716e-01
4.104607139241372438e-01
3.816436754928007602e-01
3.610464454279964097e-01
1.890930173492157140e-01
3.158351936072324451e-01
4.564376851426932835e-01
3.783870498411780470e-01
3.739426433402143757e-01
3.862518973283088908e-01
4.408080862966131663e-01
3.000690382703268821e-01
6.197181345394293661e-01
5.484562240558664703e-01
2.569982084232165787e-01
4.220654968184803235e-01
3.646752757876361994e-01
3.888128537521827743e-01
2.786505568018398105e-01
3.444834780112954187e-01
2.884069392467542015e-01
2.135117925952160489e-01
4.284579171767370354e-01
3.073943612676707793e-01
4.511294129589630275e-01
4.195611629816232147e-01
2.385089253113079066e-01
2.083925257468972059e-01
4.434523481149356128e-01
2.386172113940068507e-01
3.939667071336585003e-01
5.552626326442879900e-01
3.515193424994324523e-01
2.009775962087604617e-01
4.301672234305674580e-01
3.919915688673918375e-01
3.285377884535076176e-01
4.108284776799209226e-01
3.214108044683605114e-01
3.990680746180089167e-01
4.104678852709452430e-01
5.710610517392014085e-01
4.356091005985860409e-01
4.820330883614371564e-01
3.473664709591609556e-01
4.502594265535207474e-01
2.937868378064253938e-01
2.826939296652699607e-01
3.293913505221364169e-01
1.348423120044912604e-01
4.056192716218661176e-01
3.330762920566155416e-01
3.870863201006499721e-01
4.639418202668827429e-01
4.405389174810206976e-01
3.018969558021273314e-01
4.046333224689071528e-01
3.498248126779869849e-01
3.970972103808333431e-01
4.475449387626809217e-01
3.872674902554595899e-01
4.218270020285390665e-01
2.719694103184798761e-01
4.227390208678692418e-01
4.090833474708927553e-01
4.343484505572766108e-01
4.519202891638576802e-01
4.188440292966357781e-01
4.303235205849592071e-01
3.793529558109012267e-01
2.208730464472383193e-01
2.995151914336641186e-01
1.349944827020068128e-01
2.986142135871995285e-01
3.334125166535198970e-01
4.030840658415381639e-01
3.988035188228254979e-01
2.695392376526956624e-01
4.154438453860229696e-01
4.054311065036135253e-01
4.751360239306545163e-01
3.275227080588238304e-01
3.727023761788260114e-01
4.379695112525068268e-01
4.142812313019139103e-01
4.660804252916765922e-01
4.260456846669457009e-01
3.883671045665547661e-01
3.947103449606414460e-01
4.344169414087496461e-01
4.186579911103228691e-01
4.068383565974890148e-01
4.425272275308677616e-01
2.475870916178404824e-01
4.149687537633447443e-01
4.429586700381140107e-01
4.766730301503557254e-01
4.122313035014296134e-01
1.708913719025732247e-01
2.719751419687458371e-01
4.278646799638557985e-01
3.024141966385054947e-01
4.397209389824978665e-01
2.621805374851318704e-01
3.134578426816704289e-01
3.906605071344537161e-01
3.423012538906802238e-01
4.202677370663118195e-01
3.791716936263800908e-01
2.537271098287586790e-01
3.414618054994398855e-01
3.863284879976696118e-01
4.008353072269332795e-01
4.541587678356279745e-01
2.471723187130202004e-01
1.902016104335176316e-01
4.226629869824124475e-01
4.317943062406965904e-01
3.847091568858250210e-01
4.653628320390224005e-01
4.439673281240273384e-01
4.181252122728763010e-01
3.684595431682503031e-01
3.225482066437181938e-01
2.914028348504978383e-01
4.044572910407486788e-01
1.623353424607876239e-01
4.114113435841313393e-01
3.172508487356583418e-01
3.924738065473789006e-01
4.238273759785907702e-01
4.598039726600011701e-01
2.302843185112604385e-01
1.111397446486459828e-01
4.682943387522084389e-01
3.596818504415348339e-01
3.630910101949673674e-01
4.019079958352263504e-01
4.486366541196546431e-01
4.057253912564862675e-01
3.352047421753356349e-01
3.102101034571648208e-01
4.101267104672248753e-01
2.598027531319925254e-01
3.458756253158446481e-01
3.903572804378930283e-01
3.041541760881429357e-01
5.480760987762889336e-01
3.222444715846572993e-01
4.236126281321057063e-01
1.838712881137349875e-01
1.784986338286092544e-01
4.098036011207710771e-01
3.082256361664262867e-01
1.980459462644814927e-01
4.349784530175267450e-01
4.219287406671626273e-01
4.073957940036360692e-01
2.133769819978487414e-01
3.832925761492816386e-01
4.073578135325561789e-01
3.956933017787332418e-01
4.654591741184306297e-01
4.210322555966959368e-01
3.934855727314123253e-01
5.506854458581099676e-01
3.698152271434630989e-01
3.188782368454346483e-01
3.898203320487284573e-01
3.719440889478449197e-01
3.973852583988241594e-01
4.188587632617484235e-01
3.611451733921980933e-01
4.302310318866640615e-01
4.171669488354453059e-01
4.436832060985089754e-01
4.034930092834048687e-01
3.825391389836789169e-01
3.018941822141669173e-01
3.655225675334427549e-01
3.621988150036142273e-01
4.299561692616969411e-01
3.805103812947283060e-01
4.002058653263776966e-01
4.478262507700824790e-01
3.822922129361134846e-01
4.845247983815242354e-01
4.533646409653954712e-01
2.377363834954089317e-01
3.318888288508528572e-01
4.664550822305233990e-01
1.884074660372395127e-01
5.666992238137248394e-01
4.153243434363723674e-01
1.624621311055771677e-01
4.044942232527520276e-01
1.558599445794892069e-01
4.113691850969235508e-01
3.028860562051000072e-01
2.789286926639044650e-01
3.761074515225459325e-01
3.955979245798148525e-01
4.592339554810600522e-01
4.237408220349068722e-01
3.172256763274864944e-01
3.089767570296640398e-01
1.394597602127551905e-01
4.029343715907407475e-01
3.474839806190783142e-01
3.727360627045561148e-01
2.939452682410642614e-01
4.472047323870339541e-01
3.395242317034019575e-01
4.218351183395783743e-01
4.059622414821214553e-01
4.217826665282997101e-01
4.207860668656199787e-01
4.142605083518775544e-01
4.276789518902858189e-01
2.901058875109117086e-01
4.321256959376236217e-01
3.106431837447416466e-01
3.940013581249564578e-01
4.249353671095366658e-01
1.637637776863751504e-01
3.601202440549629569e-01
2.866781129434134434e-01
4.525432386130696094e-01
4.059314257813350646e-01
4.397332357784513035e-01
3.907883541624179724e-01
3.922967422122598524e-01
3.999796816886929118e-01
5.002397356156396135e-01
5.739286198767348246e-01
4.140932029004780190e-01
3.725459212710693913e-01
3.475276656875062042e-01
3.822239101480612855e-01
5.619694250033753224e-01
4.634241221034169911e-01
2.701153667631515098e-01
4.581701652081470733e-01
3.465128355530591175e-01
4.169008180376381212e-01
4.005388482410067175e-01
1.600753552514971034e-01
4.284191822113946335e-01
4.101364845370915613e-01
4.239066338498973519e-01
4.609720940460216854e-01
4.619210876268656785e-01
4.474574410787857670e-01
3.291356135010292672e-01
3.955428461459672418e-01
4.366360401501870880e-01
1.640551878177674006e-01
3.803428392755198173e-01
5.068913533619472389e-01
1.071037730818260592e-01
3.444961220140234093e-01
2.433013132670608092e-01
4.717993079911010357e-01
3.494756595040640623e-01
4.539898247698667677e-01
4.749520605205791446e-01
4.468061979287605845e-01
3.938045625657478066e-01
4.027340690688416824e-01
3.084249224819774482e-01
2.576609162793220831e-01
3.734777238428750867e-01
3.979599818726520244e-01
2.082799465486926405e-01
2.991245144373068099e-01
4.363755693456071727e-01
1.498586166634826300e-01
5.636393162346171604e-01
3.361914933726244392e-01
4.192156817848914918e-01
3.684802515960147740e-01
4.058673825623404507e-01
4.001557354396578781e-01
4.953920424296445191e-01
3.917328329349030192e-01
3.970372389579209238e-01
3.608485726688979711e-01
4.658768768967894158e-01
4.477040239650666997e-01
3.710923669962861715e-01
2.553068311950949520e-01
3.217879403175252229e-01
4.085908669421026707e-01
3.200783731607074190e-01
3.971602864995051330e-01
4.110010094895092947e-01
1.473507857805721744e-01
4.397793519166842691e-01
4.447731074992481992e-01
1.446985751915492169e-01
3.107819233894450472e-01
5.785878156334044453e-01
3.299084850554843684e-01
3.814151795774948783e-01
3.184502750363127910e-01
4.137091261522140018e-01
4.276732136012670327e-01
1.387081696577526502e-01
3.826932766140037079e-01
4.381919176887676404e-01
4.851170026874448982e-01
4.236778588580181193e-01
4.291198532830091117e-01
2.092145554821144560e-01
4.468061979287605845e-01
3.423048682766903217e-01
3.769352975521280680e-01
2.746080308565597150e-01
4.203152168458744176e-01
4.051948548237869763e-01
5.551102450722015247e-01
4.988501836485365049e-01
4.452497045836140144e-01
3.175029153770241863e-01
1.932212483906422251e-01
4.989001928759230764e-01
3.590775028608205743e-01
4.735868399146448970e-01
3.700848962513218487e-01
4.662813050738829346e-01
4.315042457677607524e-01
4.123204835282838210e-01
4.027762888607829272e-01
3.582055777735743685e-01
3.240952569645586534e-01
2.256902919890547976e-01
3.059413949115050713e-01
4.441082403006040846e-01
3.543837411096356638e-01
5.595210059794956114e-01
3.978971752043619636e-01
3.716433429042746983e-01
4.157000171002196987e-01
3.562637606526773415e-01
5.372965177585021790e-01
4.352210462415460612e-01
4.009733095551472060e-01
4.075991819066728250e-01
4.195164253389293552e-01
3.833846476019595606e-01
3.624494261813999696e-01
4.710399558211768034e-01
5.666992238137248394e-01
3.832736425091098353e-01
3.460746928015046575e-01
4.412723395951029803e-01
3.819508858559994002e-01
4.932159997348015135e-01
3.665672842544674404e-01
3.933738703205590936e-01
4.824412734710123440e-01
3.829421372978830118e-01
4.589270150661495795e-01
4.126384754750800354e-01
3.992495630180337152e-01
4.343716753213281434e-01
3.746862497161056460e-01
8.327547688028739958e-02
5.560773145870938627e-01
4.829761649255877032e-01
1.906144161928811087e-01
4.378789378344117300e-01
2.510475110077607375e-01
5.406552287161243697e-01
2.712445114917333422e-01
4.302676108340308114e-01
4.112472132822558302e-01
4.210879561439248575e-01
4.001384765908638230e-01
2.240413040329737593e-01
3.940486910843503665e-01
4.142267835703340451e-01
4.299552046509064196e-01
2.996995640813611139e-01
4.020716004308597658e-01
4.510148518181439359e-01
3.917027094278327515e-01
3.767574490143274502e-01
3.534446043963541673e-01
4.098326986915712400e-01
4.950811728066156214e-01
4.213619804603745411e-01
5.718351083732803319e-01
4.229871354596576594e-01
2.590444616688064583e-01
4.725735258223977553e-01
4.232154096406179900e-01
3.801208618479164913e-01
3.529327032748700299e-01
2.946641310722185048e-01
4.863227394131380277e-01
5.710456997476897056e-01
1.959746040878504736e-01
3.225338606307257550e-01
3.919353265149451704e-01
3.622109742943990796e-01
4.285216737675769383e-01
4.407214591606789522e-01
4.823886160451099636e-01
3.505719058098646368e-01
3.911299127690380240e-01
2.078776715421721821e-01
3.051496845473135600e-01
2.538513730919603750e-01
5.022598012269631207e-01
4.049178058915343104e-01
4.319370287221938609e-01
1.247217382619297960e-01
4.064422429604460096e-01
3.634935974458928243e-01
3.937335793189901678e-01
2.455730644760820980e-01
4.602506460845038894e-01
3.776034305815110237e-01
3.714815320996640580e-01
4.384039969640640688e-01
4.309028296113561751e-01
3.791815214701449444e-01
1.932560812059706534e-01
4.293299303934274280e-01
4.495432504256489104e-01
2.296887801406691243e-01
4.218657280730573333e-01
3.701648163797183755e-01
4.521104080255847202e-01
4.359950859882973373e-01
4.061808047236055708e-01
5.852014218102242760e-01
4.040783209041688417e-01
3.878382486511574578e-01
4.298654945196363486e-01
4.957473140441718273e-01
2.881865673807839645e-01
4.402212125773012352e-01
3.246699283241765710e-01
4.823729357672693063e-01
4.077408576228129244e-01
3.846686231503952946e-01
3.934911521260306411e-01
4.777656764264492373e-01
3.915805124764586975e-01
5.524485843066534452e-01
3.594543995489135058e-01
4.321523275436740530e-01
4.455122942913918305e-01
2.160474292720968026e-01
3.716525945042913337e-01
4.050644167735659718e-01
3.973500745853709160e-01
2.869590838226485641e-01
3.437309087381524852e-01
3.773669147208128516e-01
3.593939831013523434e-01
2.974715521918262495e-01
5.414155659939886567e-01
3.592907752029903534e-01
3.126837175854526585e-01
2.472970633428559772e-01
4.126648172995681652e-01
3.798732896007445681e-01
4.841600363793382988e-01
4.285216737675769383e-01
4.566994139909401063e-01
2.217844245898657474e-01
4.096084992941318448e-01
4.044106054219969715e-01
4.151215942643450840e-01
4.374335243207251867e-01
5.250517191314783005e-01
3.355341604946009970e-01
4.657482709763888784e-01
3.921794712155077800e-01
3.865775978629882870e-01
3.930778579567311692e-01
2.713555324346055286e-01
3.972962960400793220e-01
2.948785080198796926e-01
4.177866012725259814e-01
4.711793141146623509e-01
2.639723860087695995e-01
3.182702452532756299e-01
2.350176352226829857e-01
4.157481518757363270e-01
4.038211205982009111e-01
2.339400438124185355e-01
3.155411004238719008e-01
3.299053898821862063e-01
3.417159936580125845e-01
4.211516178420910417e-01
3.516720448313889746e-01
3.685835448645893297e-01
4.304150808536669204e-01
4.623230631996995132e-01
3.835145192005928183e-01
3.822196926935921280e-01
2.551384764058215460e-01
4.618320027001461825e-01
2.364760231474908325e-01
8.676669941960195309e-02
2.574225822301844380e-01
4.510541665125798461e-01
3.898039246199886398e-01
4.140424308803878350e-01
3.352412722863766792e-01
3.089463379321226721e-01
3.522928987582606419e-01
4.688394681595066116e-01
3.188287713319072902e-01
3.980949665557534933e-01
4.265250693428912498e-01
1.982884512760721418e-01
4.021629578026831853e-01
1.889563650113958715e-01
4.034503324755674969e-01
4.105664786344326300e-01
2.230355857527956120e-01
4.075100699270354232e-01
3.396921402854988226e-01
3.654200675958350075e-01
2.795118743237977599e-01
3.116650968683453704e-01
4.493052937896113153e-01
2.932245883210140569e-01
3.960302295232959180e-01
4.278780097497542068e-01
3.246638039086945926e-01
2.485379680734721153e-01
4.634934083604670407e-01
3.412234322816603549e-01
4.655594113201105833e-01
4.784626628242576452e-01
1.818821529498918788e-01
1.986937213300126737e-01
3.069380714592413462e-01
5.195892311253622609e-01
3.130515391398784319e-01
2.539270874874357542e-01
3.992069205657424735e-01
3.493242932833588998e-01
1.538970903295767134e-01
2.115309149455736337e-01
4.633291692660290728e-01
4.551716006182927599e-01
3.839195189328153401e-01
4.413088171355197820e-01
4.348612623496843077e-01
3.573822005582414918e-01
4.531746138014423608e-01
3.155754299958009046e-01
3.291782849771182073e-01
3.290944064093446197e-01
4.979027692195368004e-01
3.998486351552801299e-01
4.029973429830861487e-01
3.196602482613972729e-01
4.335118511038416056e-01
5.345956365065706040e-01
3.914961527650715478e-01
4.450526783277434784e-01
4.974460995344076042e-01
2.913614602340339754e-01
2.037141722091622698e-01
4.297198808612686660e-01
2.445144780051578537e-01
2.669343040189623983e-01
3.190781823061603628e-01
1.859289175573446140e-01
4.603667633075010923e-01
4.837042481546200978e-01
3.552762041746666544e-01
4.591194238826911689e-01
4.104448483421073712e-01
2.686390818964826677e-01
2.462642833484265104e-01
3.191577282785949543e-01
3.896717551000373758e-01
3.349748868923973499e-01
3.865014931918291374e-01
3.902746489598441504e-01
5.675456965863817649e-01
4.374586450296091278e-01
3.598823681627570381e-01
3.514911103523058467e-01
3.477547948495670616e-01
3.875007653259648355e-01
4.527973381235455008e-01
2.425512594121899401e-01
5.362118091072655135e-01
9.258881414510579388e-02
3.499491655643522381e-01
3.899151566752017684e-01
1.845708663636443092e-01
3.738178864234992238e-01
1.285117558605717580e-01
2.260742198632859634e-01
2.290622526526190361e-01
2.480214827271694511e-01
3.919890325318617363e-01
4.620995446893503278e-01
4.933106939305271776e-01
2.199872348316820048e-01
3.152034494286772848e-01
4.015179979003021815e-01
3.981761725275945740e-01
4.591194238826911689e-01
4.039295239638048818e-01
4.066160177105386242e-01
5.628511920417361702e-01
5.009071745011728360e-01
4.194621650691334191e-01
4.261215091827341706e-01
4.110219816832233475e-01
3.993151950565565489e-01
4.046886023681580125e-01
3.513869819286215557e-01
4.172877420640193624e-01
4.287842656536955954e-01
1.933390331438812337e-01
4.488108138344287235e-01
1.718988081830744308e-01
4.286171481619863721e-01
4.048159443529984469e-01
3.920807078169627480e-01
1.975211652052165368e-01
4.586740275467776629e-01
4.478459991511990479e-01
3.298419430928977159e-01
4.158629876119705471e-01
4.645917645449109123e-01
4.196443314517940282e-01
5.171384595349300950e-01
4.988501836485365049e-01
2.869614765744019635e-01
4.439905821815758880e-01
1.622242267756510148e-01
3.659908876489501028e-01
4.233776394750107253e-01
3.432034708603660667e-01
1.956461225225462897e-01
4.150067948752827474e-01
3.964994646249161425e-01
4.155913013812936874e-01
4.066804990872219805e-01
2.117669099701773305e-01
4.184774299781037210e-01
3.982780150627003857e-01
4.051058584414337083e-01
2.230812462651213801e-01
4.125826801181618486e-01
3.498560714947806516e-01
4.736932216140342100e-01
4.093890142410670507e-01
3.603462733416437636e-01
5.088721691518979240e-01
3.840329312789442229e-01
4.122970306400871032e-01
4.447217812262785896e-01
2.971016793042590143e-01
3.961023955053677992e-01
4.374741893374927693e-01
4.081527402065394661e-01
6.181856285643231308e-01
1.550795365260727310e-01
3.883672018242841362e-01
2.276871259745532339e-01
1.842012609555790104e-01
5.182395926682029641e-01
4.396132470422472460e-01
2.199161881744614855e-01
4.292277133496759101e-01
2.696205314894681293e-01
4.657633952171853498e-01
5.308221367266808821e-01
1.769945462539529168e-01
4.203279707407083232e-01
4.129349964503614689e-01
3.750282245725300445e-01
2.333668283053701720e-01
4.457291128893705046e-01
4.060536857178768666e-01
4.404873282304535009e-01
4.260503209644819766e-01
3.143871300789707335e-01
4.206800306718248006e-01
4.368329807453996683e-01
4.139972658679786921e-01
3.759471582538546075e-01
2.792295089952705478e-01
3.475667039816159876e-01
2.689331833782843129e-01
3.046342688700653945e-01
2.269603076509612571e-01
3.145055501608584603e-01
1.465524378823543916e-01
4.168357543593445569e-01
3.805959317494252425e-01
3.207979534750769468e-01
3.971717465014066861e-01
4.025707612876994190e-01
4.299675155542097005e-01
3.723350691277468871e-01
4.138528219578648804e-01
5.361560889757157611e-01
3.252220414505300194e-01
3.445140215024684593e-01
3.425228677635800412e-01
4.443225667937436008e-01
3.882963633230849254e-01
3.340678350331072188e-01
2.893803677792443629e-01
3.328100357241410290e-01
4.162321191168121826e-01
4.309873805188256801e-01
4.723411378759895252e-01
4.593635616748015793e-01
4.019844516964117820e-01
4.185179984010171661e-01
5.479277841828124052e-01
3.990083903211576466e-01
4.080705100618470249e-01
4.031234092485801446e-01
3.173605380276912635e-01
3.746998916063729035e-01
4.157190213601250628e-01
8.028946369811829076e-02
1.627535134371918268e-01
4.258786443507385222e-01
2.101213252877655036e-01
3.830630381157456021e-01
4.218742784133109325e-01
3.001252626151564296e-01
4.137749485984672515e-01
3.975847286078295628e-01
4.202457850756600721e-01
3.879187844408973351e-01
4.235159141165684704e-01
4.388913512968490305e-01
4.623046012429183893e-01
3.289495457515200227e-01
4.617167829950433733e-01
5.130132993316233181e-01
3.701694884850278977e-01
2.981274030512581774e-01
4.186000849204407070e-01
3.488805002062610461e-01
4.241803244030470377e-01
3.695761554251522085e-01
4.026096425130657463e-01
4.378535148963038637e-01
1.696130481734003104e-01
3.809800874573561202e-01
3.249756321053980934e-01
4.002172986695373136e-01
4.055301935828526938e-01
5.393320251504698515e-01
4.304561488427330884e-01
4.591194238826911689e-01
3.999432053930422892e-01
4.517332940843044597e-01
3.792945172137858201e-01
2.584588583578387166e-01
3.871858842157742675e-01
4.073176781430440929e-01
3.285976161759465025e-02
4.396853942283500682e-01
4.380628995018145400e-01
4.509326089560905526e-01
5.165848247649289515e-01
3.981730013613222208e-01
3.199070174061880989e-01
4.828800932923740796e-01
3.761014533470987686e-01
4.278377111091600793e-01
4.300322177524100731e-01
4.210004304112988649e-01
2.090634754538958917e-01
5.552667225517178284e-01
3.166677700594187628e-01
4.138277496288924051e-01
3.604344219137646244e-01
4.116680447388685882e-01
3.404679880965914562e-01
4.386765230799621329e-01
3.896807676219666283e-01
4.326847653981768516e-01
2.418012968453574496e-01
1.880954821617814299e-01
4.320274269187056593e-01
2.280753349056178492e-01
4.728488615414905283e-01
4.355664718802147450e-01
3.217128607527919848e-01
1.530437886867749564e-01
3.121674569194420878e-01
3.180333271671385575e-01
3.947252246463794356e-01
3.211407874691057929e-01
2.643627350507356533e-01
2.212993107272539506e-01
4.468061979287605845e-01
5.858505184024966894e-01
3.998884185871601216e-01
3.945569758281985417e-01
3.661642962718224537e-01
4.470720046309515916e-01
4.062869479257984473e-01
4.804984901211287185e-01
4.245508558548979350e-01
4.467604287068567270e-01
3.835839545806289941e-01
3.370100238004631876e-01
4.030840658415381639e-01
4.033927112541518811e-01
1.777473905374330476e-01
2.951114719195907510e-01
5.691762023374853374e-01
4.252080103994227422e-01
3.266821061012896710e-01
3.939604590714044785e-01
4.090617205716701177e-01
3.367429431215983593e-01
4.212260068520501943e-01
2.862757384904497937e-01
3.401562843765040811e-01
4.017812744907939271e-01
3.202855800063267866e-01
4.607010858394727792e-01
4.420842399004605849e-01
3.963850780003128627e-01
4.389189198798811864e-01
4.280855757519033133e-01
4.315692857125128512e-01
3.856318071899537681e-01
3.813930785260953304e-01
2.991245144373068099e-01
2.835469602602401218e-01
3.632690009680479837e-01
3.968754220124638410e-01
2.944994655416397489e-01
4.021163953327970275e-01
2.818402831185110036e-01
4.921615340466943822e-01
3.641484114151124496e-01
4.796864594057695941e-01
1.633535323020882390e-01
4.017637784725539007e-01
1.415656738453129893e-01
4.166571328217578141e-01
4.144533975236807666e-01
4.252339932333499273e-01
3.863212196005932353e-01
4.296219479707064082e-01
3.918730563408705514e-01
4.607235618351862017e-01
5.009071745011728360e-01
3.831352847586647070e-01
4.443837990817929295e-01
4.657538310148934269e-01
4.434384217541083029e-01
4.254277385138266476e-01
4.282427373549018146e-01
3.169403509450279266e-01
3.604582981469327541e-01
2.131553057984699184e-01
3.211192664787373974e-01
4.574329925721288270e-01
3.707461181315166998e-01
4.301227646984781550e-01
5.636756903764582605e-01
4.233997333690048270e-01
4.335788871556098822e-01
4.132903965247566314e-01
4.123907987090427718e-01
4.494101822675136693e-01
3.883371944953888932e-01
2.235664002662553496e-01
4.455549531745964797e-01
4.155449164358081537e-01
4.517722262620990081e-01
4.253511225757128367e-01
2.393924118437112669e-01
4.409943177536186920e-01
3.913271778332966244e-01
4.189518996533694861e-01
2.043723490386430697e-01
2.537098651132470573e-01
4.231375318830465915e-01
1.811453829386750480e-01
3.075655465462777682e-01
4.153659368827273823e-01
3.381568520920533172e-01
4.668367273695837594e-01
3.134262249158080160e-01
4.367410900327683421e-01
3.926900503953287269e-01
4.181252122728763010e-01
4.446018816153317066e-01
2.319632455000666393e-01
3.805772717088556356e-01
4.548697346171151068e-01
1.869581205658005785e-01
4.123301554028486748e-01
4.263136799999857618e-01
4.234571121099722779e-01
2.148912417497092775e-01
4.432391176798932686e-01
2.497727117354293369e-01
4.019154618181847161e-01
2.753472507439236883e-01
3.791016454894549637e-01
4.232887254546851552e-01
2.263327492475764313e-01
4.763826630915143356e-01
4.204699330642570065e-01
2.154733589115141734e-01
4.412723395951029803e-01
2.005023145310355082e-01
1.876456724659510966e-01
4.150518041259529944e-01
4.047582532587088999e-01
4.169428625042655434e-01
4.527096977894483065e-01
4.640450595955902813e-01
2.362133675552773870e-01
5.232750081676348364e-01
4.227393455858685090e-01
