4.010329667160961176e-01
8.852905774725962351e-02
3.562875674693858907e-01
4.020995277554995639e-01
4.336360443282006316e-01
1.606980255152185844e-01
4.710164887426458447e-01
4.672545649146255808e-01
2.723033624495342364e-01
4.062451048623358929e-01
5.258930107724500980e-01
3.813221396345052305e-01
4.475333189950425616e-01
4.664166179603289053e-01
2.754567740412024457e-01
4.437821974552303428e-01
1.692952389323439388e-01
2.824812872370160433e-01
3.554752669302152501e-01
4.340978745648810255e-01
4.084868488876846615e-01
1.383504966403470982e-01
3.938321650271656704e-01
3.990522869583407184e-01
2.641570511350223027e-01
4.255966324528167033e-01
1.755648301847315962e-01
5.185457192135050075e-01
5.776891711011090669e-01
2.282887453338471040e-01
4.567755265456183156e-01
2.309728968455874998e-01
3.323072696095764056e-01
3.965395989563770263e-01
4.502594265535207474e-01
2.086819435055718153e-01
4.080908217618898215e-01
4.977787472750015985e-01
4.401470029381459037e-01
4.102963938369143526e-01
1.398374547959574665e-01
1.926087407038659105e-01
3.782554239106093452e-01
7.072782942103057746e-02
2.979980116834099468e-01
3.078760767838127910e-01
2.096170396715882900e-01
2.747525435192577636e-01
2.413429014994067368e-01
3.729135279373634870e-01
3.943181139152240888e-01
3.349407329984658288e-01
2.223797686757986516e-02
1.523078953799250346e-01
8.115240885556253281e-02
3.523619406262210596e-01
3.587967622840714244e-01
4.625231096524531349e-01
1.607791715723151105e-01
5.339821859509193969e-01
1.182724172981342581e-01
4.096651201384759466e-01
4.511503167320304319e-01
3.804136792496923269e-01
4.290516639968847135e-01
1.612089025260897146e-01
4.392754170911708500e-01
3.943423039746876135e-01
6.254706503226235004e-01
3.089977636204163103e-01
5.621738180965794029e-01
4.204234364839929405e-01
3.792112093090588276e-01
3.788700582388799254e-01
3.584155226898264046e-01
1.159723724920301985e-01
3.195707602586486673e-01
2.271291596828238779e-01
1.633637492856877260e-01
4.722202561315751168e-02
1.823665626638458492e-01
3.327822727086344745e-01
4.317724712165718071e-01
4.371782284239995042e-01
4.351605835509219644e-01
2.373495373109982265e-02
4.276524406946153878e-01
2.360893105653882051e-01
3.947072786036799341e-01
4.450393971707097274e-01
4.024160637408092378e-01
2.674189182894888828e-01
4.012751616979282621e-01
4.329992472703672601e-01
3.476206078956061152e-01
5.557111408956045828e-01
3.960617351564733046e-01
2.082451021155466986e-01
4.234803346749370090e-01
4.503884951120111779e-01
4.230871775649878708e-01
1.169731310844233929e-01
3.118026204387475686e-01
4.216973959800202065e-01
4.548071106390053076e-01
3.770991500221963499e-01
2.810298370319673222e-01
2.199011894657391594e-02
3.400903876384571145e-01
4.241380535549470476e-01
3.739729167171304547e-01
3.040859014940442973e-01
3.043701631823259035e-01
4.131652639998523724e-01
1.905148923251960003e-01
5.131569561760933595e-01
4.713694504861000167e-01
4.123408967804992886e-01
4.162986838171273685e-01
3.611772860563400855e-01
4.188168992862144058e-01
3.699737231980247398e-01
1.761444359426352912e-01
5.209852854189539473e-01
4.653047110025008148e-01
2.126075623822332172e-01
3.545246936996204190e-01
2.393068710152059519e-01
4.042639781920364106e-01
4.241219035438493767e-01
4.288768169637286465e-01
3.658381801927062527e-01
4.174342735299699236e-01
3.963702513416134110e-01
1.919643842718996712e-02
4.175071569952570893e-01
5.355116396841938520e-02
3.966488590530375391e-01
3.038470388342101591e-01
3.503467744974925191e-01
2.448602150013357015e-01
2.808836454779429712e-02
4.068205224177752211e-01
3.996889438969965513e-01
3.270843804180021963e-01
3.467827090930137857e-01
3.318617216818905424e-01
4.166361141152815639e-01
3.629767874645752901e-01
4.501788319485797163e-01
4.457291128893705046e-01
2.414286347117087783e-01
3.812231690238865323e-01
4.426258737554247813e-01
4.080997797215690226e-01
3.279746669679081128e-01
4.136931533128332394e-01
2.996565508132303934e-01
4.298976788615631039e-01
3.685637163205319755e-01
5.837912643990104122e-01
-2.555086402289530713e-04
3.434797202378211955e-01
3.793348754164407310e-01
4.110579301565294719e-01
1.136026210298512196e-01
4.015179979003021815e-01
3.298723192045143193e-01
1.901674445638983635e-01
3.363583521189409398e-01
3.675630270616139783e-01
1.633710668250948350e-01
4.913481681951507585e-01
2.132976792553153284e-02
1.712579583325889721e-01
4.356884473876887487e-01
5.865814476726598226e-02
4.090745604176074801e-01
4.118856322703972617e-01
4.222352182780143570e-01
3.205240806881612392e-01
3.131912585815195271e-01
3.476775388526932020e-01
4.521468410033729901e-01
4.178636189381721988e-01
4.509852770869819394e-01
2.233457072921077036e-01
4.200899141706941342e-01
1.763806268363809771e-01
4.081504175558670622e-01
4.122616742190595152e-01
2.287679864882542768e-01
3.046403200932971123e-01
4.614625936954350194e-01
4.142476644397040664e-01
1.894988123625386545e-01
3.996447617519482409e-01
4.229336987686461158e-01
3.647349492342757404e-01
3.440941368149978974e-01
4.046168812655121516e-01
3.667303270456400699e-01
2.258309487396152893e-01
3.862898441907024472e-01
4.198983421689505002e-01
3.778513185013814835e-01
1.200945160460374778e-01
8.748348562292897201e-02
4.104868001566402413e-01
4.438424071263860626e-01
4.331468787776667217e-01
2.419324160316218830e-01
7.381556546959870679e-02
2.094115431917261960e-01
4.374611888415159966e-02
5.773779656194237830e-01
4.555630487887791236e-01
1.039982924559616217e-01
3.623726499174046434e-01
4.024470675465087188e-01
3.493246426062359689e-01
3.910032575009426692e-01
2.582683940320097404e-01
3.996968349883450733e-01
2.843464979630065947e-01
2.120814338324795989e-01
4.088224053148597492e-01
4.028312311794508549e-01
3.045937249275531000e-01
3.186641601976097915e-01
2.965710594722268945e-01
1.787857784108798365e-01
1.076665689002921089e-01
4.030380518571148318e-01
2.258988807740663629e-01
2.327538705318960566e-01
2.469303303623708590e-01
3.063174216740200961e-01
2.609563663949742152e-01
5.374104252726100706e-01
3.435096379435527703e-01
3.978246638826647974e-01
3.934682115006014613e-01
2.244545434948004570e-01
3.449114170826887427e-01
1.379642468052514059e-01
4.320262676679796909e-01
3.335554998927817705e-01
4.672793173386945997e-01
3.644014996775590265e-01
3.892266286709198386e-01
1.112669940436301075e-01
3.102771136177969180e-01
4.769062609071856307e-01
4.173336549319381916e-01
4.176165877078661381e-01
1.711904004748459607e-01
4.328930806665706177e-01
4.255808147942840569e-01
4.115396726685375817e-01
4.032130256074660801e-01
1.771133332358531542e-01
3.859938669707724812e-01
4.231672011749446072e-01
1.313296851301437029e-01
3.812669043601212837e-01
1.393363915215013737e-01
1.357489767985570472e-01
2.482972383681266992e-01
4.191454529494119119e-01
4.062711687720323983e-01
1.376844674939836921e-01
4.372613900894486982e-01
3.650818246313463078e-01
2.830370842073314241e-01
5.464576214910464858e-01
4.093237929753774651e-01
4.164052084156720235e-01
1.554758218578616014e-01
4.206932431177664022e-01
3.648137203605210654e-01
3.506034052814495094e-01
3.219985927588632779e-01
1.050407333554541633e-01
3.820811571075548030e-01
4.491539827742854207e-01
3.197084736766365176e-01
4.471709006800771991e-01
5.181938062270338152e-01
3.686299836047190470e-01
4.028274528992294989e-01
3.857400506860904077e-01
4.150379593802936418e-01
3.918696546439052186e-01
3.789707818121912375e-01
3.585379251935858491e-01
1.687363785925058146e-01
1.996000754304446123e-01
3.331375875269206310e-01
5.628993451568075068e-01
3.153182199806568997e-01
2.011708904689647470e-01
4.279695540854550617e-01
6.573854234671092089e-02
2.224099182581267264e-01
3.978156807787091576e-01
4.606537989156808122e-01
3.047648477448314241e-01
1.559828942824531550e-01
5.686984896314475346e-01
4.191613771184357629e-01
1.341893287802897738e-01
3.873450995999544455e-01
4.171476701875858062e-01
3.680617856930147869e-01
9.907798727261951655e-02
2.952272182230180619e-01
1.691901999207205132e-01
1.705233111455834727e-01
2.096239187213690125e-01
3.290988713025804757e-01
2.034083786388083404e-01
3.722162002246736656e-01
4.047233939143016768e-01
3.733812172883647640e-01
3.954789187732100086e-01
4.359900233583508533e-01
2.117922827857011137e-01
1.952342308935189619e-01
4.387115552808970032e-01
1.384649496524789636e-01
5.543570118200420449e-01
2.778380515401278616e-01
2.987534480679441828e-01
3.091673667856728036e-01
3.443196818046576069e-01
4.782538938800903749e-01
3.843404330833934401e-01
4.831189468239230345e-01
2.941300849798353934e-01
3.792759671068143823e-01
2.883895321463103012e-01
3.065297759596537497e-01
8.226018507763070697e-02
4.229099007897773044e-01
2.414164856850582741e-01
1.959032395692176243e-01
1.558986417039402994e-01
3.583709215564882533e-01
4.605829552072098210e-01
4.128365390983232408e-01
3.981682976389522288e-01
2.059028832211656224e-01
1.051055900446947050e-01
1.522445711456449358e-02
5.380178787731036971e-01
4.888293623749656591e-01
3.855886286583690148e-01
3.407276746155054048e-01
3.370177135508851118e-01
5.240119844625372725e-01
2.485813761399369715e-01
1.933387098366169676e-01
4.317743885713821173e-01
3.389819897386758263e-01
3.884974908345034672e-01
2.079374284503828496e-01
4.525736182100314475e-01
1.919227713994127726e-01
3.998681683163273770e-01
4.162247457444562260e-01
4.521925026774805123e-01
1.982547073251297587e-01
4.496016451447571449e-01
3.157023703360933298e-01
2.368223218236528427e-01
3.619238984387801450e-01
3.902862326085176914e-01
5.639293772884439448e-01
3.117805240967133074e-01
4.070529591175247597e-01
2.659153503061608692e-01
1.037376370110677931e-01
3.981148970876516313e-01
3.241474266910790991e-01
4.030045505110972370e-01
3.928042198912212735e-01
1.821175559066575134e-01
3.270268702297280949e-01
1.831139945640208322e-01
1.552313049722167659e-01
1.481138473277241741e-01
5.075180768384294216e-01
5.547193576896167766e-01
2.212532423724819786e-01
3.998211319224714289e-01
-3.910916392981566431e-02
2.052609731618484368e-01
1.663086341646836386e-01
4.491241033866054666e-01
4.216614104541747121e-01
4.250532525643581083e-01
6.524338283218866774e-02
3.167759854653323659e-01
2.513082840415645780e-01
4.365831880428571177e-01
3.767418586293497240e-01
4.439905821815758880e-01
4.014941316667555160e-01
5.210037339737526585e-01
1.307809988709647264e-01
2.927714145823947511e-01
4.825760845507265362e-01
2.542287255304371274e-01
2.344362620161204724e-01
1.781837545181431393e-01
2.737711416838007339e-01
4.298339084953110567e-01
4.066214029008896613e-01
3.812231690238865323e-01
3.899373071230717858e-01
8.076426726116071875e-02
4.319088196654795042e-01
2.443168079354826328e-01
4.229200679567977073e-01
3.239001879167617282e-01
2.863743632790962668e-01
8.685536060198756347e-02
3.306958903544151007e-01
3.651066556416523445e-01
1.936955235504492223e-01
8.026417440640391809e-02
4.016789898147476445e-01
2.482958154966738995e-01
3.634920609895277988e-01
-2.188373212808375143e-02
4.247671824383053019e-01
1.414648215372479867e-01
4.258377225802040811e-01
4.066407732050308366e-01
2.810857103786720268e-01
4.588164262231041457e-01
4.830935511047018682e-01
3.123700041074136124e-01
1.956631523499263170e-01
1.940254205652879316e-01
4.064723902840421399e-01
1.228784481792298544e-01
7.597678366333690536e-02
4.088911602227278119e-01
4.075123170618940582e-01
2.774876493678387623e-01
1.879029043889795247e-01
4.888293623749656591e-01
2.864419245392000879e-01
4.371820285291209141e-01
4.272515749552909248e-01
3.319130933265866945e-01
4.098326986915712400e-01
2.333261695954178261e-01
3.585868330518729996e-01
2.637260311014111291e-01
1.850245986495862582e-01
4.080997797215690226e-01
4.194447370151258014e-01
5.561830792973893045e-01
2.596108984023614563e-01
4.338016120860390679e-01
4.263219693957597811e-01
1.859881177387031348e-01
3.740017187804439702e-01
3.583117101255555159e-01
2.113329675575572886e-01
3.832859978090728537e-01
-3.165379191316836094e-02
3.049449778560211488e-01
3.716504825510378307e-01
3.895742926688457453e-01
4.285097977855704121e-01
4.450105231806582018e-01
3.819847682249388754e-01
3.794705771678354989e-01
4.055908863892477845e-01
1.753132276544289714e-01
3.450868812294153321e-01
4.093447937572209927e-01
1.232975831284819357e-01
3.967298030430938538e-01
1.676286956241692105e-01
1.858556196834697249e-01
1.760552481152464488e-01
2.642642707280069003e-01
3.873936311239388197e-01
3.015418663383815923e-01
2.184649732820824752e-01
1.739445845224422693e-01
2.522367085669619535e-01
2.712790838553021389e-01
4.860072199453678299e-01
3.900578580786586702e-01
3.691982203738736756e-01
3.369783693554912474e-01
1.112507106350921482e-01
4.148039458315171957e-01
4.484205606394570665e-01
2.805498693905362773e-01
3.939425820717347149e-01
2.911851225933998477e-01
3.454190589463068672e-01
3.142942282842788870e-01
4.078648910191968180e-01
2.871367110202796558e-01
4.059314257813350646e-01
3.947951412530135151e-01
2.519025693475536176e-01
3.641780324723217221e-01
3.908600418430923651e-01
5.033267534963710155e-01
3.686711584154679366e-01
4.882019711851685040e-01
4.421541916924848770e-01
3.914186210939851751e-01
3.132890874926151370e-01
4.058166955182868629e-01
-4.951066065145440752e-03
4.262214343630296720e-01
1.281198538664958531e-02
4.006546065149352853e-01
3.922921747502922662e-01
2.061866882462349004e-01
2.586149766808253370e-01
3.907426980482659462e-01
1.767649334514627968e-01
4.388970298370921119e-01
3.145487503513743621e-01
4.045629192416884123e-01
3.087436951461099977e-01
4.307903755277103786e-01
4.113607720543774882e-01
3.170377024053163129e-01
-2.386774855673890611e-03
1.659078888512987293e-01
4.338775452284212575e-01
3.645334348495343213e-01
3.468823274591966155e-01
3.917546359270452361e-01
1.583366419520662038e-01
4.540803081498762106e-01
4.076729304014576338e-01
1.295333085621335201e-01
2.737679904130408959e-01
4.163241879969733494e-01
2.747162640626294450e-01
3.861549255631919197e-01
3.914910251168392530e-01
3.136431753345231277e-01
2.854868082440545352e-01
1.346144309206846468e-01
2.260198680046331676e-01
3.911848147572823398e-01
3.722822975567875448e-01
3.777671550066335482e-01
4.304304340484526037e-01
5.639193816087083588e-01
4.544280422903753114e-01
4.027680069336058710e-01
3.033381785934734509e-01
4.202397632704019670e-01
1.831212136009323643e-01
3.407454441503632303e-01
4.047771781855175610e-01
3.967581402277383651e-01
-6.175472937353404144e-05
4.235563690997924402e-01
3.931156151997461379e-01
1.384777007310294683e-01
3.501429533328472288e-01
4.048490109851802798e-01
3.492900552432349759e-01
4.060465885176398615e-01
3.998601852989978611e-01
1.254126222973633853e-01
1.234565738479295460e-01
1.028263933291184151e-01
4.044187289319338685e-01
3.712943620059885319e-01
4.539898247698667677e-01
2.816070118652886922e-01
3.973706711501496791e-01
4.629970350329687956e-01
1.512813091759449557e-01
4.369505078320432556e-01
1.167162656620450156e-01
2.191776433186002071e-01
4.297559087091636365e-01
4.334019591638776925e-01
3.028262574727463297e-01
1.591372857955357378e-01
3.029801523114313277e-01
3.017807172351754663e-01
4.497328587672810296e-01
2.048183046894850312e-01
2.797501261353843582e-01
4.824664398213222016e-01
2.426041056276267704e-01
3.983037609761349018e-01
1.595203524990443655e-01
4.104345899337273340e-01
4.332153484888611183e-01
4.166460233667533819e-01
2.859805647411442497e-01
1.937883741437596563e-01
1.660688555799754718e-01
1.761049719021926807e-01
3.303076871233421863e-01
3.668143295921233449e-01
4.247095170691830845e-01
3.460987718900648824e-01
4.647206813249140644e-01
4.171186633187465853e-01
2.295939775050646614e-01
3.444991897817199500e-01
6.939176847898190226e-02
1.312604603904746203e-01
4.735208550678998152e-01
3.992359807935578209e-01
1.400803773851030110e-01
4.083784280953544621e-01
4.205600327658433613e-01
2.605388898321191471e-01
4.712851252962277915e-01
4.185445977261317840e-01
1.888004257687676546e-01
5.520058668734877383e-01
4.222155476532907237e-01
4.140832753094514374e-01
4.179207136235016939e-01
4.632921371407952571e-01
2.818079940502578595e-01
4.008690266974744842e-01
5.746588253490876319e-01
3.886816698380779478e-01
3.617640372076773025e-01
3.389819897386758263e-01
4.293723378338674679e-01
1.661542174111067804e-01
5.363781524788990840e-01
3.708030279068329493e-01
4.650093304819763462e-01
1.818643899915485806e-01
8.706665509371157297e-02
3.892271745838659092e-01
5.455140621858325378e-01
4.106207716000864760e-01
6.058411725969690964e-02
3.522786379080197205e-01
3.645466175870569203e-01
1.231532580261117116e-01
4.289078887751527347e-01
3.512754196784380611e-01
3.031088043711642199e-01
4.830188068799725065e-01
4.373231562991967691e-01
4.452080341899641303e-01
3.949068108020400980e-01
4.375997153744727863e-01
4.166750158792895675e-01
3.396103836291080036e-01
4.296687671943594244e-01
2.599322191858104425e-01
3.988634363058709553e-01
5.714767284531717673e-01
3.616436009987843980e-01
2.680579354551955729e-01
-4.952424057051965645e-02
4.213414721080244174e-01
2.014927041798135754e-01
1.024839570793702609e-01
3.728182904841928491e-01
4.057895118999361173e-01
1.287412623600317219e-01
1.140038144823935645e-02
4.347744989948398309e-01
3.580959888096940658e-01
5.520421605619425520e-01
4.019203962787087914e-01
4.340534479477586305e-01
4.799561701925486590e-01
4.072089648929043126e-01
4.032199596188593693e-01
2.317741081779499390e-01
1.302475918155961976e-01
1.367595006800289559e-01
1.152925506156734642e-01
2.531650900234501678e-01
2.342118859448706070e-01
4.102426068272128634e-01
3.497534737600448418e-01
3.051942435245710294e-01
2.477858860018047060e-01
3.516567909689429228e-01
2.949238098735822433e-01
1.978875917605784629e-01
4.770020181954512939e-01
2.087268140063072708e-01
2.096380395146706932e-01
4.207584201527651002e-01
3.850594371540146943e-01
4.271166793559543762e-01
3.911629706048723731e-01
3.640684258120158168e-01
1.069322245752666878e-01
4.561116469444465027e-01
2.859039405045893933e-01
2.034174178817178547e-01
1.666980522615972571e-01
2.730935504647105661e-01
3.499117806931343888e-01
1.886366663242237951e-01
1.435793200730664798e-01
-1.673960426281462981e-03
3.196534501655025340e-02
3.429686724450327628e-01
3.738423375519189795e-01
5.219997723921164789e-01
2.406686495107667745e-01
1.275926040339774581e-01
1.696309198361351522e-01
4.262791447097025177e-01
7.484128315873589399e-02
4.527053236811577897e-01
4.711057981421964413e-01
5.881120756197867339e-01
4.345443652162190862e-01
5.496300087544906399e-01
2.606600786266330960e-01
2.732415332450207068e-01
4.157701870582597992e-01
4.610305799235051571e-01
2.634711538610376436e-01
3.792379931915029756e-01
1.840129613403427289e-01
1.030362706390082900e-01
4.389588702349034310e-01
4.054505036532115581e-01
4.096884785489210423e-01
4.833837555555903776e-01
3.750663786884894102e-01
4.292816439224079739e-01
2.261167818206988034e-01
3.796893109630297691e-01
3.808346328593577024e-01
4.237083126430431501e-01
2.009963198153886799e-01
3.574256732695623162e-01
4.196121055346774820e-01
3.757946440475572469e-01
1.255192022465099755e-01
3.503447539100752461e-01
3.845596987256761912e-01
4.358731131778166845e-01
4.130194141678517061e-01
1.381521348541160654e-01
4.186659771980755784e-01
4.053474355213433911e-01
3.786819245302268100e-01
4.223206539237790436e-01
1.491582531891461894e-01
3.771775881112552353e-01
3.871610415046663478e-01
4.116991116957046670e-01
2.672005262240980117e-01
3.968160145516068105e-01
1.895042007062973100e-01
3.748757110093619005e-01
3.393590255086411656e-01
9.653564682459311874e-02
4.129709155056939252e-01
3.915540338936616682e-01
2.100567966929524077e-01
1.127669666858702735e-01
4.281307152880983735e-01
1.381422492791339607e-01
2.310813169999750560e-01
2.611814488295283732e-01
2.616657085076676825e-01
3.751467041542402292e-01
4.068649281228260972e-01
4.746504112746823267e-01
1.498181069105475882e-01
4.002041036503219407e-01
4.523706962644610252e-01
1.217284440742403967e-01
5.726389352083006701e-01
2.036013596328620501e-01
3.821642663268563500e-01
3.346209280912480488e-01
3.069901882417077066e-01
2.503575006736957209e-01
1.256477905171636544e-01
1.869255351602166493e-01
4.179033986772459075e-01
4.279661490691132331e-01
2.305695533577268863e-01
1.867391184820063055e-01
3.260308431179903543e-01
4.221803079913289958e-01
3.835524774318506136e-01
2.821418751881488163e-01
4.337852009230007688e-01
4.934701330406787156e-01
2.222992356167645400e-01
3.636902084270258739e-01
4.031138354200966001e-01
4.423305803685316229e-01
1.481029001072427520e-01
2.325389086063773814e-01
1.850319173767077663e-01
2.630630449933898385e-01
-1.497932085921046576e-02
1.531706192646245523e-01
4.003042320594393799e-01
4.403479561615557536e-01
2.806017316598148903e-01
1.666262402080372629e-01
1.295103855293994188e-01
3.315499997674710708e-01
1.950395269511966678e-01
1.838590177068241682e-01
3.899646226243972946e-01
3.583971062292484744e-01
1.719092196562000963e-01
1.054721771645183853e-01
3.987874858197469896e-01
2.826990983285472825e-01
5.690892377454448425e-01
3.593523971028481645e-01
4.471769254727741005e-01
3.957105954809798654e-01
5.486485534148347609e-01
3.817431145711641660e-01
3.532114871414520629e-01
4.036129108029932189e-01
3.604973413371228008e-01
4.163345209668464220e-01
9.605825574019874469e-02
-1.649260396754092042e-02
3.894080377793401881e-01
4.138180237729683353e-01
2.606416578923580474e-01
4.025627776894790122e-01
1.610855128397799818e-01
4.174206287352483224e-01
3.528612911024393006e-01
3.361251805299959039e-01
3.672027991201703423e-01
1.830198828306876246e-01
2.450639433271714629e-01
4.260725255181878057e-01
1.323618843996667571e-01
4.207399213509055991e-01
1.340006995457874439e-01
4.020423329909707522e-01
4.290228809370012497e-01
2.843570581441962619e-01
3.985174501489998633e-01
4.109810339800605838e-01
1.082620514794267602e-01
-4.076658963705100808e-02
3.866158629705970795e-01
2.991198672273205350e-01
3.021705753206214151e-01
2.020836577446954718e-01
2.498899368573618274e-01
4.083469742651954504e-01
3.382609263269173994e-01
3.271427312383571873e-01
3.634522746946856619e-01
3.320801553847094745e-01
1.022426384129156429e-01
1.300501192903107395e-01
4.102940598588698529e-01
2.174775516537392483e-01
6.657650446122213850e-02
2.498736671412516430e-01
2.986218627582445939e-01
1.350199315053182136e-01
4.203191010142038331e-01
3.920097233046928031e-01
2.538508900397054013e-01
3.915613477247029128e-01
2.189271712226868727e-01
5.590356761343951986e-01
3.583203188245959736e-01
4.364492817421732895e-01
2.508222449287055844e-01
1.874343646137369701e-01
2.611747119061106348e-01
4.140262798734772320e-01
3.065693477812863610e-01
3.261958305658444468e-01
4.001354514149160768e-01
2.233125955993908174e-01
2.512474721525400634e-01
1.151216285117521027e-01
2.386624091022738758e-01
3.958190317913948819e-01
1.783380143222666470e-01
3.814482595701668699e-01
3.702206302006679217e-01
2.115955156486531430e-01
3.339128441881902831e-01
3.641810484369998879e-01
4.746789378090060518e-01
3.187295538426666019e-01
2.481514158172510587e-01
2.682375656423623411e-01
4.134516168952848125e-01
4.454324788063372953e-01
4.315349934835686629e-01
4.410973811553754453e-01
1.168148426776035170e-01
4.090108979310893567e-01
1.647061119757176617e-01
3.409638103661101760e-01
3.946030102890252245e-01
5.286405587641800352e-01
3.881597680992857624e-01
4.142429193910975305e-01
1.454778721096384175e-01
4.323736687920384791e-01
3.345923530732822782e-01
4.230827978137574608e-01
2.135541703687292292e-01
4.124579792366701025e-01
3.086875493460252140e-01
3.983167033078195418e-01
4.489401060359061169e-01
1.029631122204356930e-01
3.347228351882254316e-01
2.181490319630602359e-01
2.683192324266363005e-01
2.981581812223448313e-01
2.701309384558907012e-01
3.768107748251998956e-02
2.706351696861596934e-01
3.752637069453767515e-01
3.714789885444901851e-01
4.104423529593839715e-01
4.425999885189444566e-02
4.614606745564598378e-01
2.673393684375330870e-01
3.931046338726718603e-01
3.734357272660324134e-02
2.205552366512237017e-01
2.709060282873755887e-01
3.103383265704785510e-01
2.644704135475117179e-01
2.991408472630613380e-01
1.508515009066321855e-01
3.604648249538224825e-01
4.203784478964410209e-01
3.946864066136418492e-01
3.736879392883061257e-01
2.078839749550281668e-01
4.230803585699879354e-01
2.141545241587074211e-01
2.687959069976956217e-01
3.384485117575686819e-01
3.362581730893329235e-01
4.132055280359471783e-01
3.097237434435894388e-01
3.390716386274507665e-01
2.054448356628803818e-01
3.570595277097882159e-01
4.276410422049083393e-01
4.172419648756121036e-01
1.135975075304609394e-01
4.172076976249755598e-01
4.144957517296213312e-01
3.751016713359973664e-01
3.248795515928525335e-01
2.275032775549385156e-01
4.004968296655154192e-01
4.671468524772254827e-01
5.819876773985347418e-01
7.152733366033342532e-02
3.381333161364614703e-01
4.429393664534391206e-01
4.163279212581518784e-01
3.154418694911567123e-01
4.306719956932619220e-01
3.744735665632522026e-01
5.000137015158629961e-01
2.714323003171754123e-01
-5.976378401368751675e-03
4.427604354669846809e-01
1.855070178164796302e-01
3.503081280765164007e-01
4.383689441000109821e-01
3.780833973930979863e-01
4.161145332772057115e-01
3.933989455539859681e-01
4.166565450431765072e-01
4.509950778778288871e-01
4.436963790853633016e-01
4.893390943669372883e-01
4.142020835094282205e-01
2.335454358185914958e-01
3.667970081730835274e-01
5.513155552022811490e-01
1.417084165905660165e-01
8.685609119673978751e-02
3.471603645698124740e-01
4.291051701873402346e-01
-1.696386963286057072e-03
1.843972217331077690e-01
4.986818549163680170e-01
4.190475528791841042e-01
4.188638188380200411e-01
3.718194838718553719e-01
4.196694668489187041e-01
3.948714027232168022e-01
2.916072406403168449e-01
4.570254088298322803e-01
1.810018204630395866e-01
2.444816596467733749e-01
9.601526353454878371e-02
4.254528268587903783e-01
5.638653554379350341e-01
4.106007661332654046e-01
2.999687333533678224e-01
3.526576165712477784e-01
3.806673526974573840e-01
4.702426632616431013e-01
4.102387915359443360e-01
4.235232026373644820e-01
1.873505850541451467e-02
3.636331657314297305e-01
1.207700947064520858e-01
4.251411418101954109e-01
3.923551897924377196e-01
3.228109071564305155e-01
5.659609934169149703e-01
4.887733308859066872e-01
3.558990201849460133e-01
1.546120709840272944e-01
2.593392687255605122e-01
3.386377506526041525e-01
1.961312674524468835e-01
2.901150461683882908e-01
4.049160585302893911e-01
1.498986290649114705e-01
4.078667555129374955e-01
8.397075153272272330e-02
4.229099441076397126e-01
4.002262662139159377e-01
4.216907278506790147e-01
1.130912155172006800e-01
2.729720535127737602e-01
4.547878573013910963e-01
4.292611990531320365e-01
4.344075990237876717e-01
4.349151987313251144e-01
3.780213223983575066e-01
2.093350363988586704e-01
1.550593466678910348e-01
3.843279135572815197e-01
4.458568712899840802e-01
4.270987799919859218e-01
3.886531897127859514e-01
4.040589522597158867e-01
2.982868622436370964e-01
1.972342110981012420e-01
3.942302364116809787e-01
1.802926972632216407e-01
8.569492660133327944e-02
3.950455538491043361e-01
4.239286726007505113e-01
2.415103803052403297e-01
1.936678409468366724e-01
4.410171908297375043e-01
2.545797929887471112e-01
3.747877935280788941e-01
4.146264148335642719e-01
1.660844600515569147e-01
4.090617205716701177e-01
3.820023511278569650e-01
5.071566555811591881e-01
1.918346544858446356e-01
3.541411840668194366e-01
4.035164329818350937e-01
3.654893694539542714e-01
1.066858572409926931e-01
4.259635319259624242e-01
4.292214886060413126e-01
3.837486864364980099e-01
2.351584216519448656e-01
3.471756888237849115e-01
2.631294097220212569e-01
3.196675472174829169e-01
2.640590956727003058e-01
4.029319863905687638e-01
2.022871219104057094e-01
5.227666995242764569e-01
4.563165581093269751e-01
3.590477044866716150e-01
4.289163589939577470e-01
2.877111916817216009e-01
1.759335097357261901e-01
5.602345741147986002e-01
5.248147730588487159e-01
5.580573050348414110e-01
3.389361780287536430e-01
2.131649362223216049e-01
3.209979530597913133e-02
3.840029875990920716e-01
4.236879809230112981e-01
3.518131001975664529e-01
3.183033865299349507e-01
1.465564503445828670e-01
4.666296562034759621e-01
7.953042193138248894e-02
1.306123941896979168e-01
3.313724830013446421e-01
3.406254866370437284e-01
1.463771379877092660e-01
3.980769454121622641e-01
4.223311810356810692e-01
1.740036821195095618e-01
1.341331200105967958e-01
3.799522025888400489e-01
4.168050952708873269e-01
3.547492531871641597e-01
3.153714719898623176e-01
3.114696425031832083e-01
3.942383183464280849e-01
4.404532861165232904e-01
1.940121370509783130e-02
1.017563210792600259e-01
3.698772449411985019e-01
3.966583875720328112e-01
1.796227391628796022e-01
4.300223652622752191e-01
3.891891778478415165e-01
3.484390937608162764e-01
2.425116951006465460e-01
3.407500222343353702e-01
2.632057150287395175e-01
5.236415617202644368e-01
2.074025789859193225e-01
4.592521323863902327e-01
1.825932968616037488e-01
4.269810410461416517e-01
3.971731757211668934e-01
4.178597289609339849e-01
7.662470353666485379e-02
3.247707384502283023e-01
2.970694986136462878e-01
4.402798184087504674e-01
3.474633655487759376e-01
1.418408336530145586e-01
2.323816867566966260e-01
4.411254667312865529e-01
-8.585985698184540882e-02
4.318224655482566510e-01
3.974590894838437860e-01
1.764927727989096529e-01
3.547770278827265256e-01
4.066518195088987264e-01
2.363634401890551684e-01
4.135797234155014768e-01
7.740050437858102261e-02
4.633162738205365283e-01
5.046150325748558485e-01
1.304820986496427748e-01
2.160181262370821087e-01
2.085048926139272951e-01
3.605712929569990233e-01
2.446174056029264132e-01
3.427651703554467910e-01
4.362099034172107759e-01
3.950969947235451474e-01
2.121651168059970616e-01
3.867006777684927066e-01
3.861069663826884324e-01
4.143005092444059234e-01
3.024204344936769484e-01
4.139576549399425209e-01
5.313398438317169514e-01
1.447484661661505023e-01
3.316583242356465067e-01
7.669463051635030948e-02
2.797053273539259477e-01
2.623590498982184549e-01
3.210554992451468137e-01
4.555057229088813053e-01
3.769450985919282626e-01
2.017213276421587487e-01
1.358732631054922757e-01
3.332306189743812208e-01
4.380093187083737294e-01
2.567270199278488541e-01
4.719871651956975001e-01
4.072203103763190613e-01
1.517231583432210873e-01
1.359797346769984205e-01
4.236660788889748397e-01
4.366516468623475866e-01
1.459845735939139244e-01
5.630233127880459598e-01
3.870822851911383533e-01
1.592961472356444474e-01
1.487649144678141466e-01
1.303298569174716204e-01
3.135704883763206219e-01
2.363802110324622618e-01
4.073039562350588283e-01
1.239662306975172212e-01
1.654625102325568975e-01
1.803254947769594441e-01
9.656275299255596967e-02
2.465561035887766927e-01
3.617435426514853947e-01
3.894879635091844650e-01
3.424614858753842195e-01
1.943213439283353328e-01
4.173489472161663882e-01
1.532509252031062363e-01
2.077803772166506302e-01
1.936823889438848700e-01
4.372122361823836401e-01
2.272994141512281463e-01
2.128107875709933650e-02
4.054219743596561565e-01
2.516950439507140147e-01
1.130085323139312647e-01
3.891122376066505351e-01
2.451279270255974641e-01
4.190204639460460845e-01
3.865432310310588648e-01
3.019421833017978396e-01
3.859033086765862319e-01
3.216747604522229853e-01
4.068996760191696538e-01
4.343508359441635158e-01
3.622308707404504613e-01
4.490173976330921746e-01
2.835183228379974940e-01
2.204974395858416425e-01
3.180376070051385007e-01
2.256317312181406187e-01
4.027917925063053128e-01
5.832827303699923416e-01
2.599911983018852735e-01
4.064314771438864438e-01
2.788937646913895452e-01
3.823155525090973228e-01
4.399265692072974465e-01
4.875520883156043150e-01
-4.440681341916227071e-02
4.573267492699905623e-01
2.570847219897981484e-01
5.819876773985347418e-01
3.881904256110392248e-01
3.112439688876869059e-01
4.157698327563181251e-01
3.128756621457083886e-01
4.197874656189530262e-01
1.653744455161831051e-01
4.507037344659028943e-01
2.119286640964354873e-01
4.129709155056939252e-01
2.260456059256316097e-01
5.569193185247554023e-01
2.330918959994306705e-01
3.443796097022466252e-01
3.954194335559601536e-01
6.422203576599674890e-02
4.051841270140875695e-01
4.500368984621138102e-01
4.067405529966386935e-01
4.288405251009308472e-01
1.690056119699698267e-01
3.782283088373819546e-01
1.252327594789606757e-01
4.131611349445267756e-01
4.125834555659880776e-01
2.217350231403034666e-01
2.280408658368943686e-01
3.480414279211163087e-01
3.876979606003339573e-01
4.251047012808257808e-01
5.683834047945286461e-01
5.657726755658544215e-01
1.678615223299031733e-01
5.358219418312961668e-01
3.899482806081192576e-01
3.211250024234466038e-01
3.831837064112892932e-01
4.305359591205158987e-01
3.982273619800169029e-01
3.905197452426448224e-01
1.422145951070850067e-01
4.070587868637383644e-01
5.324198882404169719e-01
3.084997416416297433e-01
4.376814199166536579e-01
4.515689549936515168e-01
3.859848827880194566e-01
3.507218801330482805e-01
4.922043293355241600e-01
3.568026377655165171e-01
2.861390815625547424e-01
3.931201102993075458e-01
1.247500855084341109e-01
3.140362429457852489e-01
3.550506181077236478e-01
3.964414656584627772e-01
4.069875923594170608e-01
3.030424094984456307e-01
4.162133545988694894e-01
3.770488226533250664e-01
3.763759304887318025e-01
2.469303303623708590e-01
1.918332979396821236e-01
2.164002798164405550e-01
4.149817055345060846e-01
1.402706047489470920e-01
3.289661376546049731e-01
3.948995317414669692e-01
3.009630007391834727e-01
3.441269279596821939e-01
3.922379684411094192e-01
4.395579611681188492e-01
4.472062532423297099e-01
4.075064751253462125e-01
3.339762107522996626e-01
3.963202888344500296e-01
2.340895797860119976e-01
3.528814676001308936e-01
3.634662048727958505e-01
5.678957652443239468e-01
5.255557426751065325e-02
4.496237436443860647e-01
4.211336976490355211e-01
3.632757815412657743e-01
3.609262827564674314e-01
3.988716789814217289e-01
2.785686741828933069e-02
2.773090354648178324e-01
3.995916623510742394e-01
2.862528515300017395e-01
8.036557092623461407e-02
4.211726357602154081e-01
2.621449368409833891e-01
1.723608780787330430e-01
3.601446838767567438e-01
3.508477005157332185e-01
1.557086386884506957e-01
3.410900955029874670e-01
4.274944763004273063e-01
4.288664107601130593e-01
2.595134272370606121e-01
1.891350954504621429e-01
2.548427150698361343e-01
5.006037348043758106e-01
4.274368443740226287e-01
4.574712496717419641e-01
8.337346088924670051e-02
1.118807202112555299e-01
2.783590339776177980e-01
3.191906412029019702e-01
4.027014409885245616e-01
4.321020880345476378e-01
1.848398101307013319e-01
4.162793152556588105e-01
4.660492819891826066e-01
4.015140744803464279e-01
3.857368623835372712e-01
2.662732132800691431e-01
3.188598929754700162e-01
4.478088890206190498e-01
1.809410428465767218e-01
4.474131585226004404e-01
4.261831287590284734e-01
1.589695808156906531e-01
4.877922673571460921e-01
1.947532085772790966e-01
4.908759427502892292e-01
4.491285575748523717e-01
2.238894598220627086e-01
4.678552362859436653e-01
2.807543378543315149e-01
-1.144659307015062077e-01
4.254940976617563875e-01
2.272597744068553804e-01
2.588335930790110484e-01
3.985457568783656312e-01
3.852532449217527244e-01
3.188426564079901993e-01
6.320350831818059845e-02
1.330987408495204471e-01
3.963308383106508015e-01
1.583922972727912493e-01
2.961373687513246256e-01
4.404860417231336589e-01
3.938202311842787240e-01
2.128111803439892147e-01
6.183387024460123421e-02
3.577106577728076386e-01
3.947201889863664048e-01
3.196770425427138962e-01
4.125834555659880776e-01
3.293199319806521252e-01
3.452522024405694778e-01
4.457213889493713554e-01
2.171963978146245478e-01
3.964365118210787520e-01
1.092323354992000006e-01
4.123119806136209542e-01
3.271899761097990522e-01
1.668610656762885003e-01
4.232086511412534446e-01
4.298225606260945297e-01
4.602739615920086180e-01
1.688646938185154878e-01
4.215312397797251198e-01
3.205953872006909733e-01
3.893881704815630451e-01
4.010059063295953741e-01
4.967226367113968810e-01
2.871540974990974271e-01
4.394002573449804494e-01
3.952156163953126633e-01
3.193878862679175867e-01
3.579340371805383447e-01
4.396791556678110724e-01
2.676190242679976072e-01
2.084142141635008383e-01
4.300540448100313995e-01
3.868823293158690779e-01
3.932823633278431097e-01
4.301121566352834047e-01
4.028529333455340145e-01
4.032368058691632173e-01
3.125434533096628220e-01
2.038916341485258465e-01
3.553318619019396052e-01
3.717195503931187694e-01
3.195336055654401375e-01
4.703921863985855434e-01
2.986966203642101858e-01
2.445209079277480269e-01
1.726699921458064446e-01
1.921512971891065069e-01
4.349895955833110728e-01
2.682362339085386793e-01
4.099159766181798559e-01
3.973291966412013654e-01
1.473634287615546157e-01
4.256239719988751946e-01
2.979378560558517131e-01
3.299209230909048718e-01
4.047984152239785249e-01
3.742136562353824414e-01
3.316000412965395272e-01
4.036456132995807078e-01
2.189530455752431159e-01
4.099859825990243567e-01
6.073954282882260136e-02
2.965680487148205646e-01
3.384214588396649015e-01
5.768427429325729827e-01
3.511363442788087985e-01
4.386852600106633249e-01
4.483052862476276101e-01
2.777424856139133480e-01
3.206135981296295845e-01
3.900416266598540349e-01
2.171561440945292687e-01
3.269099046156075938e-01
1.013947068573022026e-01
1.692690951916442921e-01
-9.398344475036689988e-03
3.098057044075995248e-01
1.339602252271957783e-01
5.510806078299305133e-01
2.637564875419373123e-01
3.788337062123843246e-01
3.567095017888174957e-01
5.603396234579811619e-01
9.291374364569231215e-02
3.235729195576100836e-01
4.213222068621472749e-01
3.256723334932478120e-01
3.105213948277152358e-01
2.011156435975094137e-01
1.410468389769483910e-01
4.570617684079091858e-01
1.659746764892333915e-01
3.218564304221385730e-01
4.448294261973527730e-01
3.298085603108570352e-01
3.535018392216072725e-01
1.204984136259951849e-01
4.301212541332493089e-01
3.008144935388896157e-01
3.217490166456327683e-01
3.160646116660566496e-01
2.041960636781877114e-01
4.688053093694948825e-01
2.988215121928310958e-01
4.012737993428570071e-01
3.974547335283931115e-01
4.456237333927097755e-01
4.099302793962942837e-01
3.704173084821580919e-01
5.306201635833707186e-01
2.557318780938049319e-01
3.877864815649980090e-01
3.094813843185929003e-01
1.409198741562548152e-01
4.146479687065054431e-01
3.071973269571258713e-01
3.361177239657681670e-01
3.330900373662046832e-01
3.907706395217478423e-01
4.794214374041666504e-01
3.594284018607767917e-01
4.016904746912263180e-01
3.944411565607280901e-01
2.924777391425578688e-01
4.130922602071696037e-01
3.631061234818215300e-01
1.142142715706489092e-01
4.482842351772311495e-01
3.251134863894232230e-01
2.482726191132908211e-01
1.150797746032643787e-01
1.854398066676047341e-01
3.970240096661439289e-01
4.432527408156836657e-01
1.456161495052413213e-01
3.986576949649454082e-01
5.460788359532883218e-01
3.942431668765948305e-01
3.832067377386794149e-01
4.038077368724354854e-01
1.070613848937693041e-01
4.718343133880711915e-01
4.204470557559332189e-01
3.533067034543441176e-01
3.994879859434752878e-01
2.104826052225842181e-01
3.851174443359247634e-01
4.092219605643697133e-01
4.392299347048827518e-01
4.224762275785857168e-01
4.933638699260123328e-01
4.363818515144540222e-01
3.959705202481370589e-01
4.184639787860123805e-01
4.301992533385058382e-01
5.675862032714868409e-03
2.357411983064215122e-01
3.150771155799508838e-01
2.689539471566507745e-01
7.735672033568370687e-02
2.029646146062542289e-01
2.126657093928753794e-01
5.075715683821363511e-01
2.982678902646675456e-01
3.960904434266566132e-01
3.289934642628751515e-02
4.142693599670344007e-01
3.832836195588452122e-01
1.814429389785116864e-01
1.874501725630935423e-01
2.375180428129279042e-01
3.557811461404810638e-01
3.833959130884023181e-01
3.610371566094715545e-01
3.771873225975580501e-01
4.112076872265257865e-01
4.768727202265573561e-01
3.799439347690128366e-01
4.428704856582199589e-01
4.168278863791544109e-01
3.090020515286501790e-01
3.959451194668668350e-01
2.232807501657975147e-01
2.732803258015441550e-01
3.219451691793886461e-01
3.117622593938765840e-01
3.818527053399554116e-01
3.258122720552255047e-01
4.126976100002101022e-01
4.044942232527520276e-01
4.054472570541098886e-01
1.224070881372958247e-01
5.482958274923298569e-01
1.707661348173113991e-01
4.036428109160297706e-01
4.204819327760199732e-01
4.533498982039352310e-01
2.233573436151359837e-01
1.722195486565390454e-01
3.459876824020694519e-01
4.176086013711601819e-01
3.935460375796310806e-01
4.204667034769595246e-01
4.104659822724379681e-01
4.397943547097955541e-01
3.889650612688440590e-01
4.418334421737195039e-01
4.079291356621024267e-01
2.884053561946425814e-01
8.489793452835089904e-02
2.309940091584790633e-01
2.148667578631934250e-01
3.776562111770250807e-01
2.207343829822240033e-01
3.064304645320601872e-01
1.800960925059193751e-01
1.058874771292639405e-01
2.720129699559709624e-01
3.728003524287428760e-01
4.910596782229343926e-01
2.705146047632591699e-01
2.486357395801016001e-01
1.874897582016305242e-01
3.232328666201386147e-01
2.225709551241901452e-01
1.562483456713299745e-01
4.305267454236288982e-01
3.021238586657000735e-01
5.173388636504939742e-01
3.991642835904222752e-01
4.288403670156283876e-01
4.389146986288752772e-01
1.080898667936285029e-01
1.107493687819691847e-01
2.574465193324178558e-01
3.111294872459333116e-01
3.908542732440175027e-01
4.655655636183546053e-01
1.066822487883679338e-01
3.338988575184425045e-01
2.835594504928549697e-01
1.641866008518302888e-01
1.239410262418032677e-01
3.191682293956302763e-01
9.050472499765260803e-02
2.736746423281880003e-01
3.809504457992668458e-01
2.347703978331679986e-01
1.954484778616603358e-01
4.636745298034276042e-01
3.701845818763696006e-01
4.653907551314572788e-01
5.757638358044760984e-01
3.038387437125117940e-01
4.144953631966102336e-01
1.358831715530526008e-01
4.566994139909401063e-01
3.766489228940338996e-01
4.280143611031162476e-01
3.650601971512328348e-01
4.025576948943207500e-01
3.480309168459516656e-01
3.124986389063890702e-01
2.585809963902811481e-01
2.026083694186199824e-01
4.511222566323333516e-01
4.373751423812162198e-01
1.868917363565787693e-01
3.146042060116071570e-01
4.151269602438050765e-01
-1.665774512845635477e-02
4.329377849495313346e-01
1.721165391116648569e-01
3.419918674480246223e-01
1.339220876095745805e-01
2.135290629632836668e-01
3.261704358631823397e-01
3.448019354176515283e-01
4.413720515054628257e-01
4.162942588393930832e-01
3.917898885345750259e-01
3.419183590893783986e-01
2.157661628231367090e-01
4.197328262763687645e-01
4.249683106343452033e-01
4.259358105686300577e-01
3.194343291987600808e-01
4.851170026874448982e-01
9.822909026859163659e-03
2.765783078545525631e-01
4.034787768760706994e-01
4.175722584314575658e-01
3.786984391748253187e-01
4.278449710833187591e-01
3.344214491688795032e-01
3.867825546692946759e-01
5.240119844625372725e-01
2.121961825180669614e-01
1.956390832609875841e-01
5.090465841682116910e-01
3.123658746371659745e-01
1.897308581849674880e-01
3.513376857110719204e-02
4.405847324273348686e-01
5.919880278287090736e-01
4.388670717179524172e-01
4.329851092992925699e-01
4.024160637408092378e-01
4.459437355538719561e-01
3.729013699950753935e-01
2.831170479025436060e-01
2.028329557723667076e-01
3.706936012604600261e-01
3.624337200539153869e-01
2.547803242545811780e-02
5.291742599940980618e-01
2.268313868047219517e-01
3.862227213372405599e-01
1.608481040668221507e-01
3.742094089272715585e-01
4.642867555999403290e-02
4.341765803823950387e-01
3.076225765867512951e-01
1.122294248751844331e-01
4.115704332469291571e-01
4.236830521054271159e-01
4.058914560079607270e-01
4.126964663505534037e-01
1.087183883140844520e-01
3.976898811421268887e-01
3.502838559662168061e-01
3.776408572146335851e-01
1.627148581368837443e-01
4.063455130948863681e-01
1.788615065402752169e-01
4.165460727932281948e-01
2.974516877985035057e-01
3.753494968930831122e-01
3.045619286207310039e-01
4.566994139909401063e-01
3.193039400678491790e-01
1.129889166508201565e-01
1.931427776109120309e-01
4.321069559830665319e-01
3.956382450245629068e-01
3.193051901450126850e-01
3.862405812421216833e-01
2.321193181816273154e-01
5.754877992197963144e-01
4.614606745564598378e-01
4.260869055962808738e-01
1.163498814391056291e-01
4.750723985381680170e-01
9.352867132385485338e-02
4.405179108072840299e-01
2.151130268816867919e-01
3.063736412057538328e-01
4.906426512488706315e-01
2.246851832293735862e-01
4.370304034800386317e-01
3.956002880380712905e-01
3.395641886141926302e-01
1.451390864271034642e-01
2.282000397703613237e-01
3.096165288296694462e-01
3.748437292323817394e-01
4.535208992000986372e-01
3.869075592400173652e-02
8.888353628755321992e-03
1.218994068145903970e-01
2.714234042223743759e-01
4.315870875283064900e-01
2.992519380788074002e-01
3.165848356052862189e-01
3.855352538322357470e-01
4.052883282151000799e-01
1.552139329741786256e-01
3.635332833295979449e-01
4.950226865349562355e-01
1.939321686178749338e-01
3.515063135527691229e-01
3.760770644569871313e-01
4.574512483541414709e-01
2.003717708675922526e-01
3.965686311769537342e-01
3.519705220811693014e-01
4.188622675274454865e-01
1.300319736701034123e-01
4.407396137846948947e-01
4.391869604394251225e-01
1.443021761711176243e-01
1.353183485084163695e-01
4.273170576218743300e-01
4.016176469084787315e-01
1.212832562781510776e-01
4.129501775354792459e-01
3.494211149296768681e-01
3.887806588712358069e-01
2.449929419275739539e-01
4.286676830126306403e-01
1.297759982399707412e-01
4.163969770260010916e-01
2.118714337315944218e-01
4.777656764264492373e-01
2.442072555677274326e-01
3.017282948833626688e-01
3.923882235627929593e-01
1.672244763188375782e-01
3.833512185768560010e-01
-4.784753007457843293e-02
3.767011526182832415e-01
1.298469313797038782e-01
4.182149592492247492e-01
4.161097616735877636e-01
3.797027365129382326e-01
3.096642474798583788e-01
3.021794488436627124e-01
3.976917584984512311e-01
1.813531865251921116e-01
4.892577717190146891e-01
3.209153579107614784e-01
4.155615863234931040e-01
2.021267617562793328e-01
2.764885797156653169e-01
2.002108843433484942e-01
4.183419663089834040e-01
4.080466462555943918e-01
5.191343082413331089e-01
3.169005115401629102e-01
4.492976113833097584e-01
4.270609229187248279e-01
4.088727654003350143e-01
2.624690113868984043e-02
3.441114456204072969e-01
1.489504692699344657e-01
1.972667203239961142e-01
4.105767812320114118e-01
4.101210897671160871e-01
1.043838263274940031e-01
3.123134089052523876e-01
2.474958849457069565e-01
1.886702645545408896e-01
3.254240543018807053e-01
4.332156222336860929e-01
7.548479166377289329e-02
3.964990737683415367e-01
1.986846231681715369e-01
3.919132615410181875e-01
4.441617570300797624e-01
4.543603441889781380e-01
4.043740387563229954e-01
2.166934253178303682e-01
4.808831370552790196e-01
1.861410819487138435e-01
5.262481882411634837e-01
3.262778464862804984e-01
4.059923769182007813e-01
3.263207647580070314e-01
1.485901777053803829e-01
3.995342714528906103e-01
4.299214869230378322e-01
3.513460675436996805e-01
3.159014507673214012e-01
4.044349039213392394e-01
4.039585870960745728e-01
1.027864659037261985e-01
3.016727257004559459e-01
3.944185356742335169e-01
2.452173916889805738e-01
4.129213761360410184e-01
5.148197731107956310e-01
3.843354467991048073e-01
2.106097544346384465e-01
1.265958297928436171e-01
4.104952881341091264e-01
2.998051628020889092e-01
4.628688197201896726e-01
4.753908864827872671e-01
2.965834387546846251e-01
4.354354021941513331e-01
1.186559122686271922e-01
3.625089398208105607e-01
2.334890884078807960e-01
4.359748159049365301e-01
4.303468011975192242e-01
4.167187529789430078e-01
1.059847912050752711e-01
1.712568899912849940e-01
4.002631474734910655e-01
4.216465610992388702e-01
4.623230631996995132e-01
4.151737112957646914e-01
3.682460475150312051e-01
2.205195365087667392e-01
3.886710232701166556e-01
3.567623905130187234e-01
2.886828782210208999e-01
1.749611563337021281e-01
4.295220892609238894e-01
1.080818940922985416e-01
4.290897945037792094e-01
2.121197206405117386e-01
3.345607149347470388e-01
3.231923453531165280e-01
1.142998444311367628e-01
1.486275573433938069e-01
3.533746938268359505e-01
3.145833463032618460e-01
1.935574300223679156e-01
3.642306732805958847e-01
2.771332074314500904e-01
7.375080568021727401e-02
3.884967365062097500e-01
4.346561907759378673e-01
3.857574113982487063e-01
3.431274444642523624e-01
4.627621204809526101e-01
2.274003653507781497e-01
3.401642479962275756e-01
4.140957412276339844e-01
3.787120341789004807e-01
5.677328300087274709e-02
4.248106828664192647e-01
3.412172751703204665e-01
2.368187872686458584e-01
2.219152461110488195e-01
3.074762693446785322e-01
1.970251329540194940e-01
2.905909914724459919e-01
3.779856188535397066e-01
2.643023428968606647e-01
2.582825089541643804e-01
4.371039781224829168e-01
2.910460784788934108e-01
2.094033459086481197e-01
4.023975794612216217e-01
4.464063757184012493e-01
3.004215783699900610e-01
3.979205748165670076e-01
4.311433738672896809e-01
1.741034780100931267e-01
3.523335615344491134e-01
2.811601399005832502e-01
5.651138246047331375e-04
3.900562405880165784e-01
3.212721787612530799e-01
1.696664340105276114e-01
2.213559889968102767e-01
3.479965487692560644e-01
3.750947842937805699e-01
3.484173963248445305e-01
2.856117089105151274e-01
1.493697114998767880e-02
2.233881632784280313e-01
1.205475045686385388e-01
2.351683277500090652e-01
2.981425932024228675e-01
3.030071734048135901e-01
3.930754922371496041e-01
3.710664070660563141e-01
4.652182749381723603e-01
1.180927555509588001e-01
1.913502548959887528e-01
4.412763077436561154e-01
4.336196612138931705e-01
3.140715070051637303e-01
3.009290138928708558e-01
3.449008780625237858e-01
4.390962526695690316e-01
4.038731694994192600e-01
3.418110755154130653e-01
1.624162181806065586e-01
4.052313458076783337e-01
7.484026940561461227e-02
9.827299298697610153e-02
2.025502097372956223e-01
4.563220828794569139e-01
3.463330552211607016e-01
2.496702692230337861e-01
3.937343710317608991e-01
1.793459475393520686e-01
3.484930969449077653e-01
3.316922132225927911e-01
2.588945971339982055e-01
3.566816781531989000e-01
3.098040034761324057e-01
4.323278875373950947e-01
1.653382656408476370e-01
5.348303975789191478e-01
3.599968553644661839e-01
1.786491092531572178e-01
2.190855506478457670e-01
3.946922380941539354e-01
4.202968567939496802e-01
2.609956338712803858e-01
1.882385788199867072e-01
2.001120239100946663e-01
3.382621550770873453e-01
4.694209290546586533e-01
3.238553381621289695e-01
3.323661986653054234e-01
8.274124067061930377e-02
3.480140010547115859e-01
3.138886823071725951e-01
2.836392683844574658e-01
-1.822395596884761673e-02
4.284582510230214858e-01
2.565004075097137015e-01
4.373862943242389778e-01
2.063760279673294007e-01
9.823279345570105903e-02
1.200467771061601296e-01
6.078483887361636057e-02
4.108927559937511909e-01
1.535155734014309881e-01
3.755814666188073137e-01
4.141670626851374354e-02
1.923583858649249856e-01
1.157218207310825586e-01
3.438091576642470781e-01
4.723363382858790094e-01
3.257607249607389344e-01
5.193701286719231147e-01
2.042390904494379919e-02
3.921952371954986472e-01
1.548879977180934175e-01
4.228786875314251015e-01
3.184984110565955429e-01
3.873494476718860602e-01
2.882050621164073401e-01
2.151829021620843552e-01
4.432430220134345178e-01
4.090373754350890012e-01
3.416808533906288692e-01
2.964900443645305250e-01
1.716650675959575378e-01
3.632628239611956356e-01
4.074501775052820074e-01
1.841226074182437389e-01
1.557822096277156620e-01
4.382977810675274255e-01
2.411553390139450082e-01
3.205811014551268601e-01
1.665856282183081627e-01
2.395069334009664319e-01
3.633156905700514194e-01
4.448012314139570544e-01
3.295778916769628308e-01
4.296103929724006121e-01
4.916890609348589791e-01
4.101009892831447567e-01
1.775987701878951608e-01
5.144747734725995114e-01
3.177069632628594376e-02
3.697629146837562164e-01
4.047788812745793385e-01
4.016597023290484070e-01
1.185284126134063531e-01
1.837610330339895792e-01
-6.225733577682039666e-02
3.731904826823099763e-01
3.850675543571364101e-01
-4.329204078661047506e-02
9.534062240607418803e-02
4.474700530495311912e-01
1.388750781376637822e-01
1.963446182978692001e-01
3.246619586673371582e-01
1.659890108844083167e-01
1.997295718306242307e-01
3.595302700380655359e-01
1.680101873250540723e-01
2.598066963022380160e-01
4.643539357878502805e-01
3.054450410853433162e-01
1.774052390901825760e-01
4.288341639309249942e-01
2.082799767498316190e-01
3.914045292622428396e-01
1.382263695545634385e-01
3.876630354492889841e-01
3.679656175489314784e-01
4.055615768762625417e-01
1.186971838755046943e-01
3.767794164608256891e-01
1.409576163220396527e-01
3.053191540246843472e-01
3.823376602614880215e-01
2.219338527667096550e-01
3.958922457213517321e-01
3.322056548666780795e-01
3.131684543202233328e-01
1.518340163306431678e-01
2.260799297716362954e-01
5.264544747481755271e-01
2.127224343826549791e-01
2.978561297510091688e-01
3.181126610314192749e-01
4.565354869178865349e-01
3.901072535533433583e-01
4.446405074146817515e-01
4.163872680988968678e-01
3.818884386969227940e-01
2.967720809918067970e-01
3.952006409248186025e-01
2.152287083950354118e-01
4.320011013176698333e-01
2.954943805585429906e-01
3.193681069751080348e-01
3.466516895502805284e-01
3.205205924384554872e-01
4.023679926973200982e-01
2.519870395111914463e-01
4.013757891752919305e-01
1.983849762531216809e-01
3.328222115495696465e-01
2.853635894226465020e-01
2.971541676079322847e-01
3.067009585257078341e-01
3.770318764482984975e-01
5.803456696346716015e-01
2.096029785440779725e-01
3.667303270456400699e-01
4.128236357693116920e-01
1.511257924899362670e-01
1.998449720268203889e-01
4.311723953413852395e-01
1.384128425791886774e-01
2.216573018239058890e-01
1.966000237340170820e-01
1.140740479001685348e-01
2.976393807769511235e-01
4.187958957658853287e-01
3.140832582616008839e-01
3.298246706761524538e-01
2.572889599851386211e-01
4.480157224363900959e-01
3.736223801930803612e-01
2.470964442406164419e-01
1.414775790470903238e-01
4.454113762856061753e-01
2.554760369895006100e-01
4.220045449347549216e-01
3.574272849098034666e-01
4.154326255617522001e-01
3.294391444806780700e-01
2.574319388884650506e-01
1.591409128366684800e-01
3.916108195450455076e-01
4.320207397444421615e-01
4.255910155699907937e-01
3.658399579262454626e-01
1.910528484770446789e-01
1.844841707240790496e-01
3.149120896273301939e-01
2.369867803288728536e-01
2.641934360648366953e-01
5.568210361038550271e-01
4.237543261710522424e-01
4.024765223651972090e-01
4.422821088422761449e-01
4.266736667057473564e-01
1.420923841572781787e-01
-1.281170361386086975e-01
3.959591852000119983e-01
4.637625505458434216e-02
3.942237591464844426e-01
4.090622195569319497e-01
2.804364087889725243e-01
3.634579878394280095e-01
5.890236361777085872e-01
2.405641937395147090e-01
1.416217277816550768e-01
3.082407950117220241e-01
1.208170198441458620e-01
2.330123135086688557e-01
7.635186691903438072e-02
3.867710756847091980e-01
5.351522102939549885e-01
3.061406285319553944e-01
4.271399878097841829e-01
4.671468524772254827e-01
3.748402900757347167e-02
3.342594292513335202e-02
3.381808982358024962e-01
4.008726929902335367e-01
2.298743853143267457e-01
2.941559567806210085e-01
-2.996093632295578416e-02
9.753487345733906355e-02
3.126612626262874062e-01
4.511503167320304319e-01
4.365933708939311320e-01
2.646791853131489902e-01
4.517394863991872761e-02
1.690497595935032404e-01
3.934912596530809048e-01
1.971661973240055876e-01
1.448432552752959845e-01
1.731963384310943044e-01
2.087590849891453881e-01
4.033830963483849841e-01
3.120136700434754662e-01
1.604277173495992082e-01
5.587279072031279270e-01
4.307210298538222126e-01
3.755394225671019326e-01
3.463554995998136543e-01
3.987717312293664884e-01
2.873254953267130318e-01
3.675081848428915499e-01
4.261874011284314534e-01
4.258320097673993776e-01
3.095574347594396425e-01
1.026557491088694873e-01
4.369213150781239285e-01
4.491504426385768411e-01
3.321421876424784370e-01
2.316366195232385516e-01
3.613421775534692570e-01
1.740107177868059907e-01
4.086258061175130352e-01
2.850379761875672102e-01
2.498648339486340131e-01
2.000668645406254165e-01
3.883152413429554195e-01
1.719582009556907543e-01
5.683223072809421433e-02
2.760789373790913381e-01
3.520181830364466635e-01
2.004145751965362710e-01
3.038713018162246260e-01
4.020957112194648575e-01
4.286028604040503232e-01
4.031673765884812299e-01
-4.896596244152755760e-03
4.234657689607170816e-01
3.384604246676380379e-01
1.251533321119951692e-01
4.030892377619536004e-01
1.845395386697896711e-01
4.155749583484565912e-01
4.092972852650522686e-01
4.199222910549702537e-01
3.654543467547344826e-01
1.367874352243125258e-01
5.272283873420633427e-01
3.021489873410874161e-01
1.500734612853502070e-01
4.511309874221881566e-01
4.293403563888250063e-01
3.191529369869254840e-01
4.083281036101913952e-01
2.465658540080863381e-01
3.938800075938259648e-01
2.877026603863903076e-01
2.456758297719028039e-01
4.278308792515764236e-01
1.064385709010483988e-01
1.641114791310164245e-01
4.782009194537389374e-01
4.130353403699935644e-01
3.973689308010874832e-01
3.607213539366536104e-01
4.152925199936479128e-01
3.642813570260191036e-01
9.365770165246456447e-02
3.876634116176229106e-01
2.156822400246721783e-01
3.815737623715118598e-01
4.527096977894483065e-01
9.610570987757841022e-02
2.404480781917652799e-01
3.812002099551720646e-01
1.660485023254890113e-01
2.734222176116830449e-03
4.462563747572217410e-01
3.961153304514398732e-01
4.116409264292491543e-01
1.256749846745345289e-01
3.354881246645314841e-01
4.227624230525909854e-01
3.771959715855299211e-01
1.232445702544156946e-01
3.972692233926318761e-01
2.112217312701392125e-01
2.786559871564564528e-01
3.286873524395262369e-01
5.825952391314460632e-01
3.535043019707111434e-01
2.621354712241714680e-01
4.025805086365858987e-01
4.361180396745129584e-01
3.813316967623761045e-01
1.757389929491827707e-01
4.523587257632106229e-01
3.383120443297620850e-01
4.374198562073841612e-01
3.574322255526661274e-01
1.701276297898956236e-01
4.019382002520970887e-01
3.888106761582603155e-01
4.058341623260142694e-01
3.823381536453021035e-01
3.515243404015385709e-01
3.134610718540458696e-01
2.619073440915869466e-01
2.127753002653971492e-01
5.818339034681362376e-01
4.506529251028278393e-01
2.051917995146437523e-01
4.057375052377828473e-01
1.638162317174867988e-01
3.733263875380500307e-01
2.444612364104960245e-01
3.804252036060044029e-01
2.996278106562872967e-01
4.119059977235920988e-01
4.290278832372811380e-01
2.839357943595496314e-01
4.888717002744694673e-01
3.334973767194115979e-01
9.702920407351938500e-04
3.948794541819390935e-01
4.520165087582756480e-01
1.497962587489532760e-01
3.200912210561326354e-01
-1.165907637164767391e-01
3.291872731638690319e-01
4.594093012090325057e-01
5.730487993414584702e-01
1.919462956542027365e-01
4.098308917060272116e-01
1.326967660805980775e-01
4.368110412439017431e-01
2.647789191313932866e-01
4.959078483073717930e-02
2.695132966325384793e-01
3.879024786862135532e-02
2.095717622723543283e-01
1.328085274103829594e-01
3.188287713319072902e-01
3.511672380471796417e-01
3.040148697636446684e-01
1.964106826851720056e-01
4.177479630670065114e-01
2.715280651648022472e-02
2.840714062180814126e-01
4.342877358429970691e-01
1.298411070358511388e-01
3.991596435170953194e-01
1.778711997099391151e-01
3.923605256070644143e-01
3.810946037451011792e-01
1.284681186170970879e-01
3.996143282981038380e-01
3.967959301251189896e-01
3.914843984382112008e-01
4.318297689647543902e-01
3.163936013500943667e-01
4.229198907020963460e-01
4.269149943760105481e-01
4.436564312613656136e-01
4.620145781129673668e-01
2.716489165161762309e-01
4.956389720040473845e-01
3.746264752151998723e-01
3.740060525583108753e-01
2.525529406841055535e-01
3.127299830956249971e-01
3.343301460273684911e-01
3.743931293589922715e-01
1.470155839198515613e-01
3.673095970693639467e-01
3.079666127759386196e-01
4.220184342015506074e-01
4.173481857512134074e-01
3.212883250380522693e-01
3.730351510515372282e-01
6.271911868645402288e-02
1.822988089628934660e-01
3.286698779557408190e-01
1.055068818259839863e-01
4.413630540866963492e-01
2.127047050122519434e-01
3.863858058695717745e-01
3.835592219898341648e-01
4.259525993522294551e-01
2.194034287140978201e-01
4.200412995793145199e-01
4.054708707660946154e-01
2.873716464428751061e-01
2.079919436482886297e-01
1.895442754549512276e-01
2.616921081722901055e-01
3.405824597802157849e-01
4.100731798793526006e-01
3.232517355324699970e-01
4.314351009991310160e-01
4.003656662485600704e-01
4.346524970568310664e-01
1.215409564822093613e-01
2.917001909808890070e-01
4.338906556035376227e-01
4.719105674311697141e-01
4.170976958136517476e-01
1.670650931401789219e-01
3.720429700182844024e-01
3.403330885554954333e-01
4.155878576942164671e-01
4.405701403655645776e-01
2.967453890560897700e-01
4.183681786777907474e-01
4.510209968137597891e-01
2.837615467383519663e-01
4.070456136486769183e-01
5.129122218298001190e-01
3.644630809980399788e-01
4.085072774090316994e-01
4.052313458076783337e-01
4.564804729836721697e-01
2.033320414712628810e-01
1.646620863652006606e-01
4.169223406254564668e-01
3.375871850658333506e-01
1.755182044859109614e-01
3.649155144119848870e-01
4.588666210036331794e-01
3.886517004330584668e-01
4.738853587396150147e-01
2.471094457972377312e-01
4.155539686035396585e-01
4.240731185024901317e-01
1.363364517969765932e-01
4.527096977894483065e-01
1.649016660103436449e-01
4.237716608675977659e-01
3.966810350965232490e-01
4.235915240346707633e-01
2.492353687294590336e-01
4.337267686949388690e-01
2.428071841647802820e-01
5.242981874881239568e-01
4.108271603024002960e-01
2.765168148294846473e-01
3.084089242908592543e-01
4.594069583101638710e-01
4.016805818706677966e-01
2.559270596684628529e-01
1.555939770535101907e-01
1.879344095035043460e-01
4.008153264894666612e-01
4.388750596313621966e-01
5.641584608163623393e-01
4.046502741094126776e-01
3.515920212214322382e-01
4.304754101053585580e-01
3.807391108941348135e-01
3.929735194995032654e-01
3.129108207319007406e-01
1.755034130696534189e-01
1.223627336751186151e-01
2.878904294615425852e-01
3.301574945511582260e-01
4.216571271308295898e-01
4.013299847679979160e-01
2.927366371695335201e-01
4.498590539075648653e-01
1.593009930013930264e-01
4.105553373134144812e-01
3.993634584579098257e-01
3.959163342493887128e-01
3.783088059771325118e-01
1.933378610305716283e-01
2.998515363787101484e-01
3.042532908426830995e-01
2.953855465271866196e-03
4.301527313650120865e-01
4.414044407358997391e-01
4.430467218296658127e-01
4.403662104913411701e-01
3.414305920958649043e-01
3.681186575652014015e-01
1.781462116497937731e-01
3.509008134508460192e-02
3.983096593835742105e-01
3.566615587072897164e-01
2.805638426375556271e-01
3.720072508723973881e-01
2.894507964567445413e-01
3.377768239042364118e-01
3.636801584339934279e-01
3.184124308256353619e-01
2.904595565512447797e-01
3.024778150603014693e-01
3.374392105424721122e-01
4.044920802633288348e-01
1.525030089073661499e-01
3.965748045117458709e-01
3.886236395035173041e-01
4.310033004141523572e-01
2.445249953248994079e-01
2.993530496042389744e-01
4.137784100857005432e-01
2.090382305251288486e-02
4.165852052538980832e-01
4.022104414825130592e-01
2.599811452176835069e-01
3.008299477671954048e-01
5.005120804935846435e-01
3.997292783038717268e-01
4.376026454710318925e-01
4.291905483664004706e-01
1.826925237695750104e-01
3.933190954229398573e-01
4.972134929033309447e-01
4.383045189037736988e-01
5.122810941087200393e-02
3.430068438424956345e-01
2.019908564441250109e-01
3.748253551560916108e-01
5.301498054537199245e-01
4.892012245648273416e-01
4.314818863651444514e-01
1.537448859922556366e-01
1.815124699306564227e-01
2.186262569956487212e-01
3.434504545613509263e-01
4.160466502865414196e-01
4.464322000521039335e-01
3.821171020540234387e-01
1.137853867259262935e-01
3.403937289987273296e-01
4.271872475976739025e-01
3.835667557295638908e-01
4.103443660459703546e-01
4.038684497610579571e-01
1.849900962211296629e-01
5.727840156503370972e-01
2.074289496059979476e-01
4.028048865334927786e-01
9.235355356365637647e-02
1.536382824496037580e-01
-4.652386459694755894e-02
5.593252646931400063e-02
4.735981731786051419e-01
1.768843292899846820e-01
3.281032382838093286e-01
3.325977316440758558e-01
3.049481365746318784e-01
2.607668460998018856e-01
1.839994723073600791e-01
4.339276715053191902e-01
4.693363081913308754e-01
1.086074602385476810e-02
3.661583447128680668e-01
4.398343574279809376e-01
3.644559972827697281e-01
3.831540596496587625e-01
4.173231314298580519e-01
2.934727067923236232e-01
2.392365552535561379e-01
3.052318450473392453e-01
4.452524611597702409e-01
3.870010660662682178e-01
4.674409915509651903e-01
1.168507708819672974e-01
4.298209560395283013e-01
3.818071603419294080e-01
2.159985512311457523e-01
3.913369334806240940e-01
4.547878573013910963e-01
3.936904254752676136e-01
2.112046001343532431e-01
2.185323550469058795e-01
4.103548931993645787e-01
4.197361577685226330e-01
2.922940909072744842e-01
4.023180109377734182e-01
4.363845180525245948e-01
4.585335678841926943e-01
3.119840487580590183e-01
1.645846192300532140e-01
2.068773545513207801e-01
3.317107153853208756e-01
3.908207727693362998e-01
4.050574499833304309e-01
3.339806919104800209e-01
4.963793265735652049e-01
3.806661323287129362e-01
3.366641553154864908e-01
1.600154972682741317e-01
4.110912862383360178e-01
4.125826801181618486e-01
2.940121662897574595e-01
2.960632711411237961e-01
2.490303867788762060e-01
2.122561677371377076e-01
4.496279968443901431e-01
4.032794003979572883e-01
3.946639101207790046e-01
4.215032718757084629e-01
4.666237074659914663e-01
3.712715538236788793e-01
4.128686284230997372e-01
1.301657672779573949e-01
1.709202336057454308e-01
2.711151948098547426e-01
2.001636120818645614e-01
3.826729594577359395e-01
2.818539694884223956e-01
3.599898682430500152e-01
2.667261991367959606e-01
1.094131660818008500e-01
2.332704520623173350e-01
3.361392072604679759e-01
4.434932455788174327e-02
5.540737164437313789e-01
1.035841634842361164e-01
1.741113199539243706e-01
3.763510276969105339e-01
3.563038008798163903e-01
4.006751160290671909e-01
3.779084148878913973e-01
3.367884097823406475e-01
4.064655212494425185e-01
3.066714831268855246e-01
4.031059675021447797e-01
3.981875062272229315e-01
2.047863080582953410e-01
4.116419270552739706e-01
5.767107579699511932e-01
4.043399803774482826e-01
2.160906413138238835e-01
5.187557701008495004e-01
4.069500600041551786e-01
3.904238365908139219e-01
1.673420491558241519e-01
3.087925897268914421e-01
3.346337835590006970e-01
2.200173312028499695e-01
2.755352620246382944e-01
4.296643077780946673e-01
3.565137030590968537e-01
7.577819259117898887e-02
1.635595071689254637e-02
3.706871117135707161e-01
1.508397148537942711e-01
5.967903741082464936e-02
4.240571659942900529e-01
2.436722291805001883e-01
3.410215527032733340e-01
3.601750577477942361e-01
2.941949772123363949e-01
4.005464890306263404e-01
4.075026041515380504e-01
3.773928153171889899e-01
3.676511485393247347e-01
8.285362684708447167e-02
3.950924644385936380e-01
4.199391612047844169e-01
4.204203088015519008e-01
1.748826968139191584e-01
1.455675428803651916e-01
4.301447243651878583e-01
1.881309087046361128e-01
3.970660334696530791e-01
3.987103569549903526e-01
3.761147286122393241e-01
1.138191590160449462e-01
6.389459261574342852e-02
1.793354674381187064e-01
1.735648834591725365e-01
3.813258501994474248e-01
1.603510273634584093e-01
2.131196789312476692e-01
3.442942772061045043e-01
3.790535670603532026e-01
2.734629757343662315e-01
1.662476022839862455e-01
2.330372866712704660e-01
3.717610036788040473e-01
3.098578035143863540e-01
7.434382481006709953e-02
4.182423269269985311e-01
1.747076906581554734e-01
2.443114975140856515e-01
2.378251013768931665e-01
4.121243477988711379e-01
4.210544888630078919e-01
3.106676936053780480e-01
2.596907675783297620e-01
4.308146234065620694e-01
3.692015540236222582e-01
4.095183476857965910e-01
2.230284999629150999e-01
2.152093378419410175e-01
3.465392377487060416e-01
4.290534348842101053e-01
3.350219356509304691e-01
2.919438249953879017e-01
4.107774125588919412e-01
2.412523643454991540e-01
4.215550342317564980e-01
4.066762706995567522e-01
2.343261205420333892e-01
2.329607754854156887e-01
2.930700901856628793e-01
1.835170859193089588e-01
1.713458566652192039e-01
1.405090869096983497e-01
3.610328881818281599e-01
4.363186363139098245e-01
3.496696078888860693e-01
4.467268751221526446e-01
1.627576832378630767e-01
3.339363886911764778e-01
3.941240855126840192e-01
4.109321577388339031e-01
4.256886873086124234e-01
1.040667489518886379e-01
2.065481883386953155e-01
4.815999274752514325e-01
4.166022566416652806e-01
2.517536458559632706e-01
1.170168405762006814e-01
2.729816301367946618e-01
7.492700497624102396e-02
5.818159079252356314e-01
3.441221346763868594e-01
4.122344434655634826e-01
3.858356274417705234e-01
2.231466341064559933e-01
1.267819014218740659e-01
4.021390288329220186e-01
4.186738146607486555e-01
3.658440757994216863e-01
4.247747980006640334e-01
5.533410524337335490e-01
3.903572235935716672e-01
4.182346829009869205e-01
4.354929273196193606e-01
8.598400097051621394e-02
1.200512197595739183e-01
1.510944173289986980e-01
2.875367375590043295e-01
4.472668684168085718e-01
4.248211444621290411e-01
4.155251181603146771e-01
3.178266593882513869e-01
4.320604311051184365e-01
5.622554921860748421e-03
3.622414689077542160e-01
3.941125172991108427e-01
3.750891784478813107e-01
1.436958656771515630e-01
2.175610453398157951e-01
4.041000443142611642e-01
1.576248441906224762e-01
4.339586142759845888e-01
1.420422403032447212e-01
1.979149831718936825e-01
2.838503037158667253e-01
3.210217310212643005e-01
4.023848981984932127e-01
1.592089258639044491e-01
3.279502314613036984e-01
3.972543360100898591e-01
4.371020181966698837e-01
4.579698407576174302e-01
3.923064630891192617e-01
2.855399191797616254e-01
4.328306872606460520e-01
4.232793556848676308e-01
4.124427795630443150e-01
1.050136461390561021e-01
3.588282667347209576e-01
2.701993191040662490e-01
2.964107871570992869e-01
1.655863966635493512e-01
8.455138897356692662e-02
4.349396689254131920e-01
2.425416825132832022e-01
4.230884180159597552e-01
4.011032957759977924e-01
2.195608033380787305e-01
3.299519079761586982e-01
1.614315552030297918e-01
8.084254189167652815e-02
3.562863167283470966e-01
2.712405132405851793e-01
5.270189051261395807e-01
1.991933249916681137e-01
4.852070211472931383e-01
1.659400779907617418e-01
4.061273903139083763e-01
4.247802002858037107e-01
4.094825985825373271e-01
4.228058161818619154e-01
4.333628750001348728e-01
5.726980105655459230e-01
1.326258755689194435e-01
3.794457058271058503e-01
5.196905950478790670e-01
4.164398388890743763e-01
2.906155995243864254e-01
4.111822089378159295e-01
4.132720694357958080e-02
5.549780865684307285e-01
3.747002597459650475e-01
2.213783830039258715e-01
4.062437610542804500e-01
2.756060757757370361e-01
1.515936462589878297e-01
2.852394174422966944e-01
6.216113449602457541e-02
3.087140191324746485e-01
3.998221230052889652e-01
