2.543764201888731313e-01
4.088560511782286522e-01
7.382039350261601629e-02
3.856191593699428433e-01
3.129531250227182149e-01
2.294067255887601575e-01
2.406000712611496284e-01
1.825857276460384204e-01
4.199295930192407655e-01
4.067175480582911895e-01
2.424942253054803154e-01
4.002955658314561460e-01
2.271639557931101339e-01
4.106979536578503343e-01
2.863186582507091793e-01
4.154450173126176260e-01
3.941947853054406647e-01
3.695932017508703482e-01
4.626395675679486619e-01
3.404057125285301910e-01
3.036064335847347695e-01
2.706504299954571313e-01
2.316847903139894471e-01
3.595193597456469159e-01
3.835610249921264647e-01
4.206953468555633124e-01
1.179723580335474004e-01
1.219103889715087569e-01
4.235655747264455151e-01
3.573253038737160825e-01
3.728379590965445467e-01
3.640485141383250633e-01
1.916589490204515522e-01
2.860754673729636877e-01
4.427784822527588426e-01
3.793688798554484820e-01
2.563671618479239078e-01
4.088459969114990322e-01
5.324096547895984521e-01
5.233430467540693964e-01
2.069987312847790251e-01
3.724475316550564519e-01
2.365813223982263791e-01
2.820049101858153606e-01
3.699493026286143071e-01
4.123907987090427718e-01
2.917157963652989294e-01
1.240255716463690289e-01
1.600812046307092673e-01
3.036471858181180039e-01
3.917680713935907666e-01
4.753344475402715430e-01
3.157903086672095294e-01
1.519042483350899198e-01
5.420653861273382335e-01
-2.547659787394952052e-02
3.114243670385233309e-01
3.797386639496961869e-01
4.112875593899328885e-01
5.024697468148701940e-02
3.173326595808693695e-01
4.272215886214515979e-01
3.268103909757510972e-01
1.335645111030387133e-01
3.516092650500479699e-01
3.521019186013344404e-01
3.994480424761591708e-01
4.092790339227056484e-01
1.842943730120216173e-01
3.914471421720838729e-01
4.551928432582014183e-01
2.240046396116639471e-01
1.999151617351502819e-01
-3.910378388449806120e-02
4.022908710522071773e-01
3.524129938804792528e-01
3.500986344294900188e-01
1.490327556417516686e-01
4.284515934327003950e-01
1.186534522787549839e-01
4.068282517517610719e-01
4.858856244235106869e-01
3.945282759394407313e-01
3.666298956604390202e-01
4.632921371407952571e-01
4.129709155056939252e-01
4.335788871556098822e-01
3.917081110490971407e-01
2.144974224656546191e-01
4.116164222115526461e-01
3.893454357506070385e-01
2.177489259304565550e-01
2.199117458063065966e-01
2.945641098789597567e-01
4.136779423948198087e-01
3.829525073617877085e-01
4.284008217445478550e-01
3.786391927452173456e-01
3.996244114019161797e-01
3.500145400192640754e-01
1.750401371822994934e-01
1.608430425416056408e-01
1.491734504562240715e-01
4.044396595089659319e-01
3.973259291092821055e-01
3.903193735739854953e-01
1.892250121869823720e-01
4.043821637184871198e-01
1.614138648093672024e-01
3.428869674464376516e-01
3.565470418749594472e-01
3.857754081651692535e-01
3.655419377545995330e-01
3.768568760184591304e-01
1.384552826325021468e-01
9.232748293222260705e-02
1.472774377426210035e-01
1.780972794511416490e-01
3.254270350189303884e-01
1.307960479019524003e-01
3.449085693066650804e-01
3.369668238589005327e-01
8.602613613910459200e-02
4.033524927142602134e-01
1.537242748896454070e-01
3.286826378669445159e-01
4.049178112025366150e-01
2.784032889829787250e-01
3.586271800723785930e-01
3.656674505970582412e-01
8.718550802228572372e-02
2.407808913202898748e-01
3.412622989432625986e-01
4.015913369500043739e-01
4.108461217423496903e-01
3.593841085996025142e-01
4.012174142572238478e-01
3.812372569346154649e-01
2.711767635167052770e-01
4.325303325093186047e-01
3.058835676397975156e-01
4.204306213572598927e-01
5.443826628952873614e-01
1.132269088612373048e-01
4.454515899501636511e-01
2.028090858045215605e-01
4.227714838714473067e-01
1.387701905725899632e-01
1.884461749454769131e-01
4.526057005641174191e-01
3.026942898953586258e-01
2.284621609274099796e-01
1.901062766146999761e-01
1.100231737646593932e-01
5.590551199212321354e-01
4.018704810726596022e-01
4.310207514548416996e-01
9.685802886973850223e-02
3.105798447314566113e-01
1.686716898377799978e-01
4.247439625703339217e-01
4.266290407600704104e-01
4.238869904440604186e-01
4.353611789455526515e-01
4.268748285519658459e-01
2.201425716904726049e-01
3.941110722915664999e-01
2.341304818062566739e-01
3.339739179760151111e-01
6.356062301647064094e-02
4.090083453306147532e-01
1.950039862632849952e-01
2.438239553123745448e-02
2.788955988128358765e-01
4.074494317243825825e-01
2.300507758575227324e-01
4.178338403143129764e-01
4.291337132563078360e-01
1.580964975980080622e-01
3.128593443401321283e-01
4.128941921027682316e-01
1.031230574525083404e-01
2.613640585149112350e-01
4.051156460377593471e-01
2.503016986572785263e-01
3.803766029560058382e-01
4.967539345308636389e-01
5.042696457728913506e-01
2.173485127206834511e-01
4.043688694084243140e-01
1.688632622803782901e-01
3.712659179374229734e-01
1.336272868751953447e-01
3.053169664518864956e-01
4.475670209973652836e-01
4.160052368333733153e-01
1.271532988990355384e-01
3.189516263496585680e-01
4.190264799009032481e-01
3.568079074415678176e-01
2.914493354140136328e-01
4.084861600340910504e-01
4.553017504636552304e-01
4.279455446208154101e-01
4.160045571910492845e-01
1.906597001478835263e-01
1.715168667896677379e-01
2.996437642432847048e-01
3.289896477605528946e-01
4.410492332683219052e-01
4.246154048638760559e-01
3.535807344095466820e-01
9.342318469431984407e-02
1.815809699933990939e-01
1.630054254786004464e-01
1.602281886936360311e-01
4.115830348446232745e-01
3.166891879209107197e-01
1.847065912676896515e-01
4.317545320615784332e-01
8.855826419360672552e-02
4.413839463249306094e-01
3.282138545117103123e-01
3.789979689988716149e-01
3.827360076106612330e-01
3.485277501560387070e-01
4.499450969577240556e-01
1.647387008925794705e-01
3.938656129934610117e-01
3.108624567804167682e-02
2.809427833976541056e-01
1.801175415695497883e-01
3.951012714496296985e-01
1.289585910631832477e-01
3.743401026524620923e-01
4.289501426944328788e-01
1.381803537029908657e-01
1.755927439880990149e-01
4.446098844659354121e-01
4.964109664003145406e-02
2.720055416064428577e-01
4.367279358003908207e-01
4.079137158100887839e-01
3.036880904108794077e-01
-7.341186085951514895e-02
3.278642285133610557e-01
3.473115738669969033e-01
2.945377496319324662e-01
4.481905615445349600e-01
4.134088790109212153e-01
5.524060894836289037e-01
3.529630364628001393e-01
1.559447284241996801e-01
4.236352068625195977e-01
3.101778445952371732e-01
2.207635093486147171e-01
1.511283659194979645e-01
9.153298694733111307e-02
3.440565234254590044e-01
5.622821168188414376e-01
3.488907964140401941e-01
3.946475709052248426e-01
2.436219014796912608e-01
4.201332582561782547e-01
2.655815397309516657e-01
3.864627321693817619e-01
4.596111746465731396e-01
3.361962888757527579e-01
3.943971012988438107e-01
4.003650213974502825e-01
4.550463802128975055e-01
4.122566829557062218e-01
4.291336232182221266e-01
1.728750074976146134e-01
3.899597650281836358e-01
1.859273994146017628e-01
1.996373294508062557e-01
4.106187671531370542e-01
2.397846378530122113e-01
2.075029044259605049e-01
3.741907494675928425e-01
4.590836290550215915e-01
-2.213005682911672531e-02
4.132203279736664236e-01
4.156384181870436678e-01
3.250709943878686281e-01
4.194600994211810652e-01
5.055305380042036667e-01
3.766116101155229101e-01
3.056365645412066900e-01
4.360542887266130041e-01
4.304059387100880874e-01
4.252270539109543890e-01
1.528920421485153447e-01
4.700737285773073926e-01
1.851335717031700190e-01
2.761693935402140254e-01
3.773784595950205323e-01
1.085014873955703341e-01
3.016355650323698789e-01
4.139839274517015388e-01
4.015859402455663196e-01
4.052671135409378067e-01
2.737339497098456587e-01
1.996850926843698748e-01
3.383856601947124454e-01
3.173439229719557386e-01
4.149981469038699355e-01
5.055305380042036667e-01
3.302305086339079598e-01
4.059933288323764877e-01
2.069823327353711440e-01
3.704468550816048533e-01
1.394156903456146568e-01
4.232140886947676761e-01
4.107611945005774645e-01
4.383139899975567189e-01
4.258986502324815793e-01
2.888464598299725350e-01
1.573564195532929644e-01
3.400365714804813311e-01
3.681337822416659855e-01
3.473673994717327851e-01
5.035605783800897184e-01
2.799326404716793171e-01
3.059948979485529463e-01
4.828800932923740796e-01
3.536308411436158705e-01
3.968998338685111871e-01
4.538117440416848392e-01
3.236570605220904784e-01
2.723374886526050975e-01
1.636791891299158030e-01
4.552990085135014131e-01
2.894926108076009696e-01
3.982357276384643763e-01
3.543379610167740057e-01
4.024553754478063516e-01
4.038988143378414719e-01
8.924756250068142938e-02
4.067263788443609140e-01
-2.859743011011603615e-03
1.635230053322291321e-01
3.081670338618145433e-01
3.940060721996317405e-01
2.126212392089373848e-01
3.173989922567720945e-01
4.067974630416542614e-01
2.727300360086636344e-01
3.662360382865397779e-01
2.590218107497349945e-02
1.781462116497937731e-01
3.564826575122387875e-01
2.709742830896922361e-01
4.099875071056341969e-01
4.408077557697051563e-01
2.499605366590900435e-01
4.074692985657454858e-01
4.173358211569963561e-01
3.543198026999517802e-01
4.007267270215499888e-01
4.227312279678247520e-01
1.829019685076642976e-01
4.110171300411412099e-01
1.034200753643739201e-01
3.455024640880171583e-01
5.461919190587676276e-01
3.815536150843328866e-01
3.655235079127853726e-01
2.789139850878343818e-01
4.246561919507118588e-01
8.293021125112218228e-02
3.855680142519419262e-01
5.601856028149294620e-01
3.753993288657683225e-01
1.791631071573073219e-01
1.968759646584174183e-01
2.156845009608756303e-01
4.468655500390156243e-01
1.925671138147933836e-01
2.791277194872032186e-01
3.006031640899826107e-01
3.869284454955942976e-01
4.350753255332884817e-01
3.264463920359681470e-01
1.683676810961323989e-01
3.292265390012330539e-01
3.537000975262781233e-01
3.917597178093750188e-01
4.210544888630078919e-01
4.698097668675205174e-01
2.655263098453679027e-01
5.570219086249255103e-01
3.889675300550637926e-01
4.371683887134639179e-01
4.713256889890298229e-01
1.190570371682664608e-01
4.316930670852412999e-01
1.399790571538784278e-01
4.253500511639856652e-01
1.262998367021450907e-01
3.436192740425784153e-01
3.510669427564122036e-01
-7.915869967139017166e-03
2.130371261224201784e-01
4.059933288323764877e-01
4.048145487211784466e-01
2.892599155906658281e-01
1.550636224655874418e-01
4.491816375573742803e-01
2.661603699943503876e-01
3.635533065758289606e-01
5.646210643017820496e-01
4.526605128047214710e-01
4.269640291589539283e-01
1.712643411615260569e-01
3.599231842318982855e-01
4.452080341899641303e-01
3.044357610312714568e-01
1.875146190033399884e-01
4.021262845020414090e-01
2.706629476959119818e-01
3.519458447579920102e-01
4.416751641814431473e-01
4.074852955120975562e-01
1.995960351425059010e-01
1.626279414268482493e-01
3.820842989803300838e-01
4.049146207008965659e-01
1.862461649420749654e-01
-3.741491229286107723e-02
2.164740750314486373e-01
3.429818606595264052e-01
2.468505454726312165e-01
2.953523665149603294e-01
3.495422290174750590e-01
1.697821931143002616e-01
4.162249881004277952e-01
3.846767022636724542e-01
-4.723873081589572559e-02
3.337150080252169193e-01
2.468747939634929334e-01
1.799758731819705027e-01
4.004771583769164978e-01
2.457570437932317109e-01
2.444757721336312042e-02
3.578120600548683750e-01
3.063844790527819328e-01
4.403843547837979489e-01
2.046786135455279931e-01
1.947777353667352884e-01
4.662967757745942188e-01
3.467247676969953396e-01
3.333630442522864112e-01
4.045700437852887688e-01
3.267579539356975649e-01
4.110079187300559878e-01
1.330048215829683911e-01
4.347802232180010273e-01
2.625744292145771319e-01
3.433922737553074533e-01
3.120556657982537785e-01
3.118882801839134578e-01
1.989028432146586894e-02
2.283260284921099781e-01
4.305228505503104208e-01
3.359589769870944820e-01
4.088954529233113644e-01
4.300093654223939299e-01
4.704552896531596362e-01
3.860610965006943673e-01
2.960958511527210235e-01
1.162676010058602966e-01
4.429059753522112119e-01
3.108181095715957243e-01
2.484011245395699174e-01
4.285557616889018595e-01
3.885525546423486687e-01
-3.808718972968561794e-02
1.399647242783555179e-01
4.405168271216438475e-02
3.820278742281486006e-01
4.172352993187876113e-01
3.935257869976068190e-01
3.920854714540772945e-01
3.271758260022542553e-01
3.949590794459781340e-01
3.720652443618796545e-01
3.828166769015718951e-01
3.281823644173638144e-01
3.938157515198177361e-01
3.525971324706457244e-01
1.581117586800978303e-01
4.113261340293937196e-01
4.165600323478197420e-01
4.150715353292964704e-01
1.759076898001973033e-01
4.284569836851005453e-01
4.380727679249562523e-01
4.640007130584243300e-01
4.030826784251748673e-01
1.647260250808895155e-01
3.960520039688008587e-01
4.682724632316912494e-01
3.047612771745902283e-01
3.276548889061471348e-01
3.914330115866217485e-01
3.990159308656090476e-01
4.376438031662460704e-01
4.221765425736913602e-01
1.057774187225720280e-01
3.959845966655250460e-01
3.989548384892762090e-01
3.684839843385407376e-01
4.588809264372487595e-01
3.501791354487617802e-01
3.580970027132245881e-01
5.682676800463021261e-01
4.242781690811806561e-01
2.861788954082212233e-01
2.289459652285953384e-01
4.310278714342994921e-01
2.575348206580928001e-01
4.739948669596636965e-01
2.622090680234534510e-01
4.582422258830016748e-01
3.641643724707068763e-01
2.058871574263756998e-01
3.507738895336871554e-01
1.057647283523045212e-01
1.753739376385970716e-01
2.828027510026047686e-01
2.351730930468118319e-01
6.805637425443526733e-02
2.586621201245711266e-01
3.430135023663913318e-01
4.071370364952004439e-01
4.552499448727291842e-01
2.395457441310758218e-01
3.507557998449726266e-01
2.352716670749315508e-01
3.238616375917332535e-01
3.920085711491340108e-01
3.929089078787872391e-01
3.494177525673221596e-01
3.036813603959138685e-01
4.029349194538205392e-01
3.102366576595061431e-01
4.958405753351108336e-02
1.890054973425140949e-01
3.187693372330543951e-01
4.417525792594324541e-01
1.775384980294781312e-01
4.228315031763647536e-01
9.443636236019570251e-02
4.021112902978166148e-01
1.349171095881967486e-01
3.823031548041004313e-01
3.405860862819498625e-01
1.447533413343131126e-01
3.203182353055306630e-01
2.932710823080152407e-01
2.918468324219298804e-01
3.264995771597384855e-01
4.008446791958377164e-01
3.705721084318111536e-01
2.891498737393639051e-01
3.738235461055349762e-01
3.606085113822349864e-01
4.225040450318657270e-01
2.645727436990150672e-01
3.914792584253016794e-01
4.228242271032304211e-01
3.790995986789638672e-01
4.026389820249154927e-01
6.406827566806214125e-02
1.802191738480914129e-01
4.313911426708182811e-02
4.320062957268606119e-01
4.754143766309844032e-01
4.281716304198799339e-01
4.252588773536787881e-01
3.390412024351208142e-01
4.482376395965650961e-01
4.573052456648561970e-01
4.120773963810517859e-01
2.226083440823902193e-01
4.077296729009479148e-01
3.566292523782791379e-01
8.682752998011888934e-02
4.067524429200262692e-01
1.842140576288766873e-01
1.220220397660585210e-01
2.210829579622650143e-01
2.452769681060978646e-01
2.265570425003843869e-01
7.053606553858320083e-02
1.439381723560005377e-01
3.312283743482502540e-01
3.898828967344767915e-01
3.449623046170786633e-01
2.060240452739532380e-01
4.030793064366285372e-01
-6.172344676614707586e-03
2.918722535966190579e-01
2.889395071378286772e-01
3.084269216594167640e-01
1.717789315588093002e-01
4.148767280973154614e-01
1.170209069108713168e-01
4.158552641698778363e-01
4.952351672888318790e-01
3.491876934746710459e-01
5.280412912816306870e-01
3.956300718069639677e-01
3.997296551568270129e-01
4.008511354244860825e-01
2.169191230817902327e-01
4.208462317666861185e-01
1.799146108276318268e-01
3.639739991787764861e-01
4.563756286534763618e-01
3.924738837228808896e-01
7.259927906024382649e-02
1.976730144885496809e-01
3.214613324520447790e-01
9.252111427510335828e-02
1.018211714616853586e-01
3.627972316884923165e-01
1.409112768053325249e-01
3.911149700981323418e-01
4.365868098974641787e-01
5.646210643017820496e-01
5.308979134019565782e-01
3.207241409993114578e-01
3.034875938714280408e-01
4.314179484533670617e-01
1.857740314698731743e-01
4.068664006811947842e-01
3.297512028761370173e-01
3.878221206309286351e-01
4.045212683701212009e-01
2.557596271679304367e-01
-4.994330055891620795e-02
4.018313994399412836e-01
-5.251670306769844199e-02
1.695114158948586858e-01
1.331126525791588022e-01
4.087120253435762018e-01
1.915224507016980438e-01
4.175809834953880251e-01
1.735394492351848006e-01
3.278940182363851985e-01
2.529303108605001071e-01
4.429289309148343179e-01
2.980040634045481585e-01
3.506848844587168723e-01
4.921615340466943822e-01
4.305989419517436412e-02
4.347178254553949461e-01
7.798953801613586756e-02
4.198051295976403807e-01
2.754056242760745676e-01
2.081914184214365970e-01
4.561441423119447780e-01
4.123907987090427718e-01
4.264774742979821620e-01
3.853738455020171982e-01
4.216646982965285284e-01
3.668253019153890349e-01
4.043056139604409016e-01
4.340879000876623484e-01
3.059557477292191852e-01
3.472576619657572472e-01
4.855102136542766011e-01
4.186485070709717315e-01
4.283442213143688337e-01
4.298209560395283013e-01
4.118266134255357813e-01
4.071079245266049917e-01
4.544023134717293799e-01
1.342607612372223869e-01
3.767747699147147022e-01
4.267966842069749189e-01
2.973064913027686496e-01
3.172509336287105408e-01
4.546281925566267312e-01
3.980769454121622641e-01
2.882468813062921686e-01
3.542366225289790282e-01
3.306868667125748007e-01
3.062192358547536838e-02
8.274065626846618948e-02
2.387781586057874939e-01
1.930042450278730282e-01
5.550792575107004190e-01
2.169154418103450555e-01
3.751330376176029713e-01
3.760188743981818793e-01
2.380628725687053693e-01
4.114833337222367771e-01
4.292664529621453284e-01
2.941716679701546489e-01
3.772875826199508786e-01
4.121068573405866631e-01
1.125947444081339399e-01
2.641369306725540600e-01
3.857668018311845026e-01
1.750410501975326605e-01
4.678724918153613355e-01
5.240093785445787411e-01
4.192615515009167626e-01
2.268234002190627485e-01
2.562198831903389484e-01
4.009010243244771066e-01
3.912847655797607183e-01
2.288202951721704792e-01
2.391122777377819308e-01
3.641548792200861584e-01
2.079260533622795948e-01
4.014863600107201891e-01
3.738792127121398634e-01
3.435279588268356221e-01
1.303603776709161555e-01
3.118798348682114488e-02
3.648301560039605151e-01
1.879560203867357004e-01
3.252327729530357092e-01
5.485278426390525347e-02
2.333974931197517477e-01
4.024070822550496196e-01
3.975669064608552961e-01
4.427955748007937897e-01
1.209039711327480060e-01
2.192414493681489052e-01
4.447675014043956931e-01
1.942098601814044034e-01
5.478464121176732649e-01
1.407841805632649712e-01
3.043183069709092803e-01
1.275713302126764703e-01
3.968879422024509940e-01
3.891110509295768738e-01
4.348366799606728783e-01
1.749259494505826795e-01
5.410422598001753125e-02
1.045099416627073702e-01
3.849813620180223550e-01
4.601452493685779244e-01
3.908347255192061720e-01
2.636656653365788139e-01
3.878221206309286351e-01
3.564330064455689673e-01
4.157481518757363270e-01
2.259953851709820272e-01
1.734010918996617134e-01
4.336478481137698293e-01
4.025381694923158560e-01
3.108113219447030118e-01
3.462473594607605731e-01
1.538722943801842380e-01
3.876039251556068765e-01
2.999777470370788013e-01
4.045057239792531623e-01
2.417891664331475732e-01
2.482220238551820501e-01
3.358923658570014958e-01
2.235772188038483710e-01
3.957065242657885618e-01
3.365285949902737661e-01
2.459488972780966010e-01
3.793011221712443426e-01
2.034728031711703355e-01
2.365358419880045637e-01
3.076382154968631544e-01
1.298590857744084670e-01
4.044572910407486788e-01
4.068060227176540922e-01
4.492075392325477479e-01
2.148585648953047211e-01
3.730211076826908112e-01
3.093330393943142798e-01
4.353096109389945623e-01
4.152073239653692460e-01
2.482554121297534389e-01
2.649069691392262338e-01
4.190730285953772061e-01
4.311796152340734989e-01
4.187799842519840943e-01
2.241603071633313793e-01
4.194162010828175191e-01
1.573776954284581420e-01
4.330991014160071595e-01
4.614152488485243064e-01
4.709446612617652211e-02
2.175628726565404791e-01
3.729870205289717022e-01
4.359209848097668205e-01
3.581146916702195870e-01
4.265758766313559880e-01
4.432993283468619206e-01
1.538131749997091458e-01
4.003618773463341607e-01
4.148525695926741363e-01
2.628902413268718319e-01
4.175410082865347872e-01
3.320484221460395236e-01
-3.041286837102361029e-02
1.576970017030978888e-01
3.473371799516992708e-01
4.224850712272391062e-01
2.159192385227032551e-01
5.110463955461967966e-01
2.329236563665867399e-01
4.153607702733141949e-01
4.641940527111012571e-01
3.361373659193778729e-01
2.508515059035903300e-02
1.674271098935806446e-01
3.286496484725029421e-01
3.757672438191483888e-01
4.195862449367873115e-01
3.396425105458225624e-01
4.794214374041666504e-01
3.740458039167161020e-01
4.007501763414170748e-01
5.540970222420600333e-01
4.118056348005298961e-01
4.169788588180844413e-01
4.231877422231525854e-01
3.952617703121986126e-01
3.101928924073913407e-01
1.324957462414525222e-01
1.677906097443712663e-01
2.500622500445201513e-01
2.086062615570009882e-01
4.851735543642826665e-01
2.762979137377182814e-01
4.094181413543174775e-01
1.801970769407258699e-01
4.695375829793324018e-01
4.233424258286617725e-01
3.982528000835258708e-01
4.893188122300908272e-01
3.860566843855436914e-01
3.730694241940669675e-01
2.142096884606740914e-01
4.580175128120597128e-01
5.153758825381635766e-01
1.906141291498043289e-01
3.318285789322579227e-01
1.648014569974307619e-01
2.075630261958791301e-01
8.099739204689808403e-02
3.981046314181356238e-01
2.105189201135559685e-01
3.445528938277567788e-01
-2.498553148250299769e-02
4.188397188373882973e-01
2.071516202071830570e-01
2.748940193441052129e-02
3.889728575712494418e-01
3.007391022432174266e-01
5.486162659232853844e-01
4.257890399416077165e-01
4.482625949175184088e-01
1.247106424786070117e-01
4.077906954044068777e-01
4.379122293543467603e-01
2.935342633004657809e-01
-4.650347574214887952e-02
3.879717025415799769e-01
9.529317781190176084e-02
3.856253137013049281e-01
1.391693097130888290e-01
3.454662506039953285e-01
5.617976459868689876e-01
1.350125555448859482e-01
2.902667620854003094e-01
2.377171233893786984e-01
4.828800932923740796e-01
4.096113995163030985e-01
4.114569353853649858e-01
4.387421968596435518e-01
4.257945487787307970e-01
3.153954929893350023e-01
2.936541868109229791e-01
2.078171140833510178e-01
3.076574654736087266e-01
2.910309682624623862e-01
1.807735194781145693e-01
4.289484683179772273e-01
3.857057502001973726e-01
2.456614633447453122e-01
7.495510250190730306e-02
4.650093304819763462e-01
3.412553046229487852e-01
2.828955081554686557e-01
3.529839449659789574e-01
5.322279361078338100e-01
3.621109961907956198e-01
4.340290459668562084e-01
3.696116509280522044e-01
4.881460703965564418e-01
1.992029447105308215e-01
3.762678110127970488e-01
3.925759434281896332e-01
3.993383745941042617e-01
3.549040527011491086e-01
1.529146806277049964e-01
3.014132975535048775e-01
3.332428610836080107e-01
2.445684220628566719e-01
3.102219141304400907e-01
3.891787255463857731e-01
1.982380452172333718e-01
2.969793089154664778e-01
1.305753591600096741e-01
4.245266590944432594e-01
4.446822691949139927e-01
4.043597816196344841e-01
3.495783584382888276e-01
4.457631044657945907e-01
2.342139098516643203e-01
4.564243001721616788e-01
3.129795297493896955e-01
4.159789379948100052e-01
2.192733817694046683e-01
4.024321571150465959e-01
4.209867605552852221e-01
2.593387348453539132e-01
4.246577599411529014e-01
1.367732466327472862e-01
3.890993557706013406e-01
1.926622996724066672e-01
4.017583361889282556e-01
3.294105463100617248e-01
1.966814162755596007e-01
4.023975794612216217e-01
4.007452634983320050e-01
1.946651885324509057e-01
3.416909765759115758e-01
1.008350839737137128e-01
4.102293845061263933e-01
2.636273226385459911e-01
2.883895321463103012e-01
4.309597711282094901e-01
2.228824484787963189e-01
3.452518591340622001e-01
3.946976325787590056e-01
3.566505304940233989e-01
1.486904724723087379e-01
1.538708101625058111e-01
3.258064197456263522e-01
1.529588470316478876e-01
4.102300519497420472e-01
1.923372720583139961e-01
4.261260882625192425e-01
4.209687882895118971e-01
8.175587962817934540e-02
4.261952775107931690e-01
1.400781158109568880e-01
3.803493946912851476e-01
2.065172079345996559e-01
4.097937232374064820e-01
5.643095025680213705e-01
4.099745381359537477e-01
3.908982675123598982e-01
2.218938706286581186e-01
4.025552226227557262e-01
4.777656764264492373e-01
4.502326960300527259e-01
4.494520224265218244e-01
4.165976373974253910e-01
3.805177236724068268e-01
4.572056677743196462e-01
2.973246782492125484e-01
4.246380253354485879e-01
1.051183706656954320e-01
5.351522102939549885e-01
1.861757542721918790e-01
2.231364374540371343e-01
4.568690386076668108e-01
1.868947020534500736e-01
4.423273789959337732e-01
3.675588968445066551e-01
1.915485350255596020e-01
4.229001778383076338e-01
3.888810510048106295e-01
3.488696071745998051e-01
1.809156354265536448e-01
3.981168775106140867e-01
2.742581367563254324e-01
2.961769037693710582e-01
1.379642468052514059e-01
2.984592760493934294e-01
2.393562197126156144e-01
3.217003792335402235e-01
2.830881562160664777e-01
4.011283666734891673e-01
4.314070636371625245e-01
3.089850641841019319e-01
2.610950438013695529e-01
1.553300415667971390e-01
2.478004937476286362e-01
2.824108633466790308e-01
4.611214446168819814e-01
2.433139291328870468e-01
3.669643547017663598e-01
4.645667166133551906e-01
4.788367712361494832e-01
3.138094086273358063e-01
4.808019337804313453e-01
3.945730180425466305e-01
3.694865276559097800e-01
2.738301635783392807e-01
3.932080722809808138e-01
4.484772187438016422e-01
3.763911030264552871e-01
2.234244191934163792e-01
4.328911651374173220e-01
3.745623673928414887e-01
4.161143913738633571e-01
2.200112808924467589e-01
4.373071796425331281e-01
2.038406171532686217e-01
1.242708178819999232e-01
3.420531224530564129e-01
1.278336247656513824e-01
3.635869489331065019e-01
8.026028509304099223e-02
9.864939907123269902e-02
4.041763477330840848e-01
4.564539186361081802e-01
4.278369453290176705e-01
4.366385783113742036e-01
3.315743449040521318e-01
3.440786969844873977e-01
2.563282334536998164e-02
2.291143477969002640e-01
3.852266744752130267e-01
2.780202948493372683e-01
4.553731391307516141e-01
4.307335852291995226e-01
3.741618301473069175e-01
3.840037994355823825e-01
3.690961311053685967e-01
4.837042481546200978e-01
1.916482466299144483e-01
4.159799785363363367e-01
4.262948029551820728e-01
2.052955815613975721e-01
2.689815914214655490e-01
4.141854281232690838e-01
2.006907280631216872e-01
2.216257745525433975e-01
8.581146526066048275e-02
3.812612200939538565e-01
5.588572264990153693e-01
1.133048131530740577e-01
1.984417695650039504e-01
1.229932844133705822e-01
3.076581095571127578e-01
4.653478844927825819e-01
3.578783555537550787e-01
4.245514149208731713e-01
2.327496729107011164e-01
3.702392721506359563e-01
2.714285587990479809e-01
2.055311396160268977e-01
3.978026735532153024e-01
2.713713369816012633e-01
4.032318259746742739e-01
4.476889074210743669e-01
3.686519128991344596e-01
3.137469039393164794e-01
5.769443475721193204e-01
4.197462327398626680e-01
2.664191148061711978e-01
2.841418336767481123e-01
3.588364266748141906e-01
4.375810990666876843e-01
3.936671305893889583e-01
4.032681553049334844e-01
1.923911932538076575e-01
3.383749628402917264e-01
4.107365426536142561e-01
2.579975698641377990e-01
4.225427815739119519e-01
2.305751928123124794e-01
3.427188107824448715e-01
5.413957388814123473e-01
1.401165573434228762e-01
4.239034377053173541e-01
3.301845734431825830e-01
2.519932851668975626e-01
3.945866501406534166e-01
6.207524247749298535e-02
3.274385129055232269e-01
4.313890447756426050e-01
3.842198727505681255e-01
4.088961966503465995e-01
4.136965281228495162e-01
1.351727677118753634e-01
3.534770946395650593e-01
4.091487630030878897e-01
4.248204426629673125e-01
2.634021371373536646e-01
1.249786861085741413e-01
1.626136929205384551e-01
2.984731146956985381e-01
2.895671928807917461e-01
4.095548527770377922e-01
1.634531311046962809e-01
4.755942367938859605e-01
4.357053581168797152e-01
2.204538935163017355e-01
-3.525773035194462030e-02
4.228431440635356808e-01
2.827422313846749136e-01
4.385742432170116611e-01
4.340563379628473717e-01
2.687786688120198386e-01
5.144747734725995114e-01
5.264333963759079138e-01
3.213157785217067297e-01
3.052194839799596826e-01
1.804423863689855467e-01
1.928874174583198042e-01
5.794586803043579870e-01
4.509136789672328338e-01
2.748015333453966424e-01
2.210492738015905623e-01
3.938000247499610085e-01
3.228953730048789716e-01
2.664008206438686077e-01
1.237287893739242861e-01
4.188245374203328764e-01
4.755807656855360332e-01
2.112477531067394609e-01
1.517058024026664009e-01
2.047439538938470027e-01
3.401562843765040811e-01
3.257734585866305377e-01
2.469274057998346594e-01
3.839931878870424531e-01
4.079932210994159925e-01
4.250011954061909125e-01
3.239023779583457552e-01
2.584719465761174395e-01
3.989863674203268928e-01
1.313675285939614468e-01
2.435414723041731122e-01
4.798644622530820469e-01
2.831807626692404711e-01
3.586321005500294756e-01
4.152016039329208263e-01
5.716070574618770106e-01
3.968782180891995970e-01
4.114273449286571238e-01
3.932078449866797665e-01
9.999415630755391360e-02
4.310997080590248803e-02
3.917776330648581329e-01
4.394198885106168073e-01
4.064665032454671256e-01
1.722629940089369371e-01
4.267893122038617371e-01
3.226554279793754643e-01
1.933729050567849772e-01
2.136777462720566845e-01
4.738924013776019684e-01
4.049473552294666212e-01
3.049449778560211488e-01
1.182278126223990644e-01
3.420223792184066691e-01
2.209491277167936474e-01
3.551193863760818137e-01
8.902796894549956652e-02
1.141415893684904342e-01
4.280487584733088657e-01
4.447263397674220409e-01
-2.274379475978236670e-02
2.125120618477343848e-01
1.394482921821119104e-01
7.649809669515966748e-02
2.333869877082731248e-01
3.747791548509200044e-01
3.973472463106837993e-01
2.057508776885600965e-01
2.599865881651844957e-01
5.754774616650344399e-01
3.300121204687843646e-01
3.749865990941924632e-01
4.631052887361880033e-01
3.248182422122856128e-01
1.188107981641971511e-01
3.509774462477614487e-01
2.124948075708626635e-02
2.711063889398543925e-01
4.110255351171837601e-01
2.717555686617602051e-01
2.833678691138729611e-01
4.180691493327256536e-01
2.934956898227867317e-01
2.983804811896066389e-01
2.854997774626882312e-01
3.996703718199023925e-01
4.328198205350430317e-01
4.164814240369883458e-01
4.252339932333499273e-01
3.864230242118233405e-01
4.133520775924993118e-01
3.726520406567363497e-01
6.284516255393689244e-03
4.024160637408092378e-01
5.340525048244846307e-01
4.430598611455954794e-01
4.509032103178481909e-01
1.949287095690840632e-01
7.419734662010823989e-02
1.212430096687825004e-01
2.864944971550347219e-01
4.255726119512504568e-01
1.108705866832652431e-01
3.932879181383296952e-01
3.086864300937852690e-01
3.923498494136684611e-01
1.934378972855009260e-01
3.415148141983529451e-01
3.807719786126840811e-01
3.299084010752607043e-01
3.804096368300915465e-01
3.361753860984982856e-01
3.552148245063037613e-01
3.284588217952444378e-01
1.069882909800164844e-01
2.740365151243832065e-01
1.902775060410134833e-01
4.064203016332910701e-01
4.256308700780185861e-01
1.152208711452692019e-01
2.183591724735683692e-01
3.875063255304381227e-01
4.309918702244003308e-01
3.858259771846446751e-01
3.112175739531758967e-01
1.985844205709908772e-01
2.240171891781325142e-01
-6.247596758417389706e-02
4.044106054219969715e-01
2.185919840190878038e-01
4.124312102084354836e-01
3.722881041419763837e-01
2.645546520238612476e-01
3.099259945431834251e-01
3.886347531907267117e-01
4.075965363636581684e-01
2.000302462586479590e-01
3.443296579415644487e-01
3.169668308970677306e-01
2.864875007393645756e-01
1.505984576165497191e-01
2.168559300380837329e-01
1.297140569901677198e-01
3.267374667028799529e-01
2.183146076874021291e-01
3.348514720825572222e-01
1.088937505559546548e-01
4.212829699241042447e-01
1.926341345974300345e-01
3.273304784056250138e-01
3.657714548760640505e-01
3.185996690495120909e-01
4.625623385410083110e-01
3.900371227639451432e-01
2.851576733995362933e-01
3.659918990629482671e-01
4.138051682429773614e-01
1.809323770594481740e-01
3.899960629073512264e-01
4.119676531491519023e-01
2.102384248387249577e-01
1.216916940960030835e-01
4.559966266508827526e-01
1.673506186991890674e-02
4.233736342739181646e-01
3.619749691197646224e-01
2.406140491397364134e-01
1.950059048213692858e-01
3.680031187435470752e-01
1.364547249964572495e-01
3.426426828834305133e-02
3.758576165809383030e-01
3.933448143249486662e-01
1.874647845411224201e-01
4.251385992508344702e-01
6.204315813178115646e-02
2.665936521829985195e-01
3.990848870936575810e-01
3.112692436156371811e-01
2.341766362417951886e-01
3.889714487656542596e-01
3.596582311695945555e-01
-2.734841374411350196e-02
3.826496373322244571e-01
3.247116184473701206e-01
2.802424515663107796e-01
3.585198161902497516e-01
2.992136422669666729e-01
1.093148320445970212e-01
4.591194238826911689e-01
4.361851093349675690e-01
3.715778983275357938e-01
1.028393304327851754e-01
4.408568394304664406e-01
5.644845928699776527e-01
3.996736416753851606e-01
4.375478511965527617e-01
4.139783523930186671e-01
3.118302247050763754e-01
4.435094603099757338e-01
3.373613161672724403e-01
4.153812515727464683e-01
3.259622455485650661e-01
1.576838939627365210e-01
3.821152552359622367e-01
4.140160265686384511e-01
1.786828964545371656e-01
3.721217314353536532e-01
2.843956898769317010e-01
9.130531224575401394e-02
1.470469960996161410e-02
4.281320200519885821e-01
2.294953233140041848e-01
1.758568173689701031e-01
2.604995947220041796e-01
2.656000251671344903e-01
8.455876894318355153e-02
2.593842607777115949e-01
4.589041001658877295e-01
3.558606469486501056e-01
4.064422429604460096e-01
6.601877046879110755e-02
4.297564688539362021e-01
4.232859965123377255e-01
3.609913425552398469e-01
4.091417796159702025e-01
3.893111182944019588e-01
1.450180450907008478e-01
4.206232782142052540e-01
3.618642773967959969e-01
3.429139193308213263e-01
3.015432984833422703e-01
5.580518209270727281e-01
2.678245987091203151e-02
3.641463686708574787e-01
4.359745644414258492e-01
1.032970478790844748e-01
4.156676300273774438e-01
4.368329807453996683e-01
2.135104494510358941e-01
4.711023906778145087e-01
3.718288376256816408e-01
4.637803407360397978e-01
4.241931109729926708e-01
3.679520321088096679e-01
2.428262263485613526e-01
1.313079832959981874e-01
4.072079875854989206e-01
1.877989733022240038e-01
8.977283182984618914e-02
1.171547187338034812e-01
2.210099330500497061e-01
2.898073760715541014e-01
4.493492966883324002e-01
1.260388809159226631e-01
1.930757761636430758e-01
3.612778021063862144e-01
2.613004699675031128e-01
4.138555690737982795e-01
2.213747155908772635e-01
3.995327392287305601e-01
5.971622650029344559e-01
4.469714910911838923e-01
4.282781539396272596e-01
3.991226238395230719e-01
4.239419203150666671e-01
2.684992009723647932e-01
2.812909800932587023e-01
2.115060822496467874e-01
4.938361182953173167e-01
4.527551234973838379e-01
4.381692348129182513e-01
3.860049145194064946e-01
3.597716609839419211e-01
3.964226542543279885e-01
2.201762010399437308e-01
1.167681961445092426e-01
3.268617342812709659e-01
6.144846871764442220e-02
2.569450492113285467e-01
2.406543689724744139e-01
8.899235500828582557e-02
2.594572030841325039e-01
4.449175002079805430e-01
1.252429592588545082e-01
4.161566306049028219e-01
7.837675240497030127e-02
4.745279320933273315e-01
3.062096184516746589e-01
4.011312367723192662e-01
4.603979903412654950e-01
5.378593044849887539e-01
5.730456229264222490e-01
3.105078079561123250e-01
2.594928497794423694e-01
7.566481613580773591e-02
4.143961965768133693e-01
4.377265538928932220e-01
4.271612282506059843e-01
4.000514859417183544e-01
4.123585960275611972e-01
2.545046933417865476e-01
4.647268425854744756e-01
9.799058707907204457e-02
4.633236152024021171e-01
2.302208634857692005e-01
4.026942267387761953e-01
2.189147391621439342e-01
1.609670811400747970e-01
3.769022801919401089e-01
1.681734759990357597e-01
3.046131402922293008e-01
1.673445136009219236e-01
4.455550072804322914e-01
5.397969684435889315e-01
3.533229167203088550e-01
3.445001728980340294e-01
1.803560758600705749e-01
3.856253137013049281e-01
2.914174698981928935e-01
4.284114889756274747e-01
1.266859248887951539e-01
3.872657934939591207e-01
5.769692659442636762e-01
4.088560511782286522e-01
3.937939229892231108e-01
1.278065023068113981e-01
1.779776598295965961e-01
-9.014803458309514350e-02
4.399837470844986664e-01
3.555965836659444879e-01
3.438715298054163538e-01
2.489386594625496441e-01
4.556662099046795422e-01
3.994494437509190643e-01
2.502080564756740122e-01
3.842681645533360113e-01
5.263384215061589488e-01
4.084349222225033271e-01
4.246549466866441636e-01
7.306850688516854098e-02
4.395524309210177560e-01
1.458956375827195062e-01
8.373548052894997165e-03
2.096884395156475012e-01
5.144035382436785708e-01
4.253422082243414892e-01
3.354073608128848027e-01
1.609937440312480539e-01
2.038503312876446538e-01
4.801861765071145371e-01
4.033103235843017442e-01
1.840342322364432459e-01
4.189701971350485166e-01
3.457691506739152820e-01
2.119478720000848027e-01
4.051085006650719245e-01
4.751298569441698150e-01
2.162883240541813024e-01
3.623232585089560809e-01
2.173857673271225033e-01
4.152785250047129617e-01
3.590828213317054374e-01
2.615339485987678847e-01
3.916895847793976926e-01
4.097354782429213360e-01
1.675457771056368048e-03
2.800663093539639270e-01
2.206289439857407608e-01
3.658286246622852178e-01
2.308875781663497773e-01
3.328464373338219651e-01
2.066582387788838127e-01
5.643625181546405578e-01
4.314159636322307811e-01
1.290314592593388432e-01
2.510807737321051891e-01
3.269243500439241168e-01
3.192276939912541134e-01
4.447942615532983757e-01
3.593685683579549983e-01
1.864884128679611397e-01
2.763392263700138463e-01
8.941928172691980536e-02
6.615470208700360844e-02
8.512766774122100533e-02
4.000147348846836981e-01
3.312844587813632558e-01
3.561708227597668031e-01
4.139911402077304792e-01
3.053733872000701788e-01
3.914790507983059720e-01
4.437595696810296975e-01
4.843570911818461666e-01
2.903435257357652177e-01
4.474574580905899546e-01
3.797541962248402458e-01
4.197033861874131522e-01
4.238018408870517506e-01
1.635230053322291321e-01
3.772519314175502014e-01
3.994189354866283792e-01
3.727728063759782051e-01
3.039764267996975522e-01
1.574035842410479447e-01
4.088560511782286522e-01
4.032344239883676185e-01
2.740198814593935994e-01
4.326571433731841720e-01
3.900499574648489953e-01
2.370917797569323526e-01
4.843827676165827767e-01
4.061365647384230226e-01
3.120355662271109276e-01
8.116417812998989734e-02
2.344895798319635849e-01
-2.747350228728006119e-02
3.921181708802415899e-01
1.330207563065719800e-01
4.879269674037187143e-01
1.182790820251146402e-01
4.395747260107157328e-01
4.244423838611862676e-01
4.574238712991293143e-01
5.539254232187407201e-01
4.026142280241426508e-01
3.337329515161457927e-01
3.015159011801338829e-01
4.674328172545688664e-01
4.397248653484001624e-01
1.818919191621721776e-01
3.789118135048358815e-01
8.363310796463289953e-02
5.166110550998611606e-01
2.710197811600340012e-01
5.292774272300988514e-01
1.538097414367300408e-01
2.789540347751962579e-01
3.389414813964757300e-01
4.450134851224848975e-01
1.105980452152511700e-01
3.796616562006870366e-01
4.433045369878790831e-01
4.951730131269634905e-01
3.593050929597909060e-01
3.692917483481829577e-01
1.600636754187049482e-01
1.752681069556951132e-01
3.312300409656634970e-01
4.214790174410883439e-01
4.725106700351163619e-02
3.475485008324659120e-01
4.254900787267438811e-01
4.273015202016968161e-01
3.767537986753213830e-01
3.999711479271686118e-03
8.145524951383095735e-02
4.479591649921357832e-01
4.032368058691632173e-01
3.056099031437528035e-01
4.251973313015724454e-01
6.149495796934769526e-02
4.408410231411766245e-01
3.358207712848359505e-01
4.364390514240162888e-01
3.784258764005637987e-01
1.705587954455880517e-01
2.145104446283424005e-01
2.312206261407567798e-01
2.807240119275373202e-01
3.429428737120208126e-01
2.566636383850532943e-01
4.024219814421240993e-01
1.578126057712451458e-01
1.491775043276735158e-01
3.220697084072482452e-01
4.412638068890366583e-01
5.577602256989523388e-01
2.358319960728710862e-01
4.040276029899144694e-01
3.803830773167479751e-01
2.177540805226897414e-01
2.020261225781137537e-01
4.244944717650777077e-01
4.242223550942622601e-01
3.198485969826586617e-01
1.897856434971302575e-01
4.226231253377253361e-01
2.330872276024870127e-01
1.625871197614458252e-01
3.140982400389101814e-01
4.942801424425069534e-01
4.276728071436232126e-01
3.613010770422938472e-02
4.340401778276515854e-01
2.226742805077316367e-01
1.379018040806542500e-01
1.508525490152994863e-01
4.346642890586139285e-01
1.579598967935073039e-01
5.455609309096866033e-01
3.274102954673833721e-01
4.320654465999195781e-01
4.061052028549911319e-01
4.349202865055480371e-01
4.265938395198908828e-01
4.547878573013910963e-01
3.759357448269535773e-01
4.112390512260601372e-01
3.817006184826273740e-01
1.164881563711088336e-01
4.260747314512864925e-01
3.529823722869186442e-01
4.053952000204192330e-01
3.999109599745891974e-01
4.084397747359218012e-01
3.119859938296625224e-01
4.603090824202941134e-01
2.663626966927425399e-01
9.853872172531320806e-02
4.300903405316042760e-01
4.177199365759958205e-01
4.210553437684074196e-01
2.594445245339569994e-01
4.083927740253624483e-01
4.330272938436053320e-01
4.781937754088020354e-01
7.156215856621020444e-02
4.247542402725894561e-01
3.696853218324129831e-01
4.417638770890492950e-01
7.663082272412898022e-02
5.081849652468738432e-01
3.761147286122393241e-01
4.265393974312509662e-01
1.885335740438920937e-01
2.463151200133726904e-01
5.084473444024555366e-01
3.223323266824095201e-01
2.526507711511588594e-01
3.635997133462144926e-01
4.928190785764574589e-01
3.682873518436992066e-01
4.067124455958275320e-01
6.054368708881175537e-02
2.090009954122465374e-01
2.234083774510420839e-01
3.916747833479590768e-01
3.766302027105126182e-01
4.101330700605269053e-01
2.097103558644947963e-01
5.672687105563124499e-01
4.006012763344149463e-01
2.976450682795105385e-01
4.590623833861819381e-01
3.705535972652744814e-01
3.984004983102915065e-01
1.554961977670921980e-01
4.664194582677555490e-01
2.942672117395315201e-01
1.454883384925113599e-01
3.094667871117890989e-01
2.092766258919662725e-01
1.079226501355484841e-01
3.593204542455566419e-01
4.698641095408364055e-01
4.000460337829477853e-01
3.174914638602786554e-01
4.495667172552266222e-01
4.351425968873534056e-01
1.531559818103815640e-01
2.202228351253763816e-01
3.853720868963846358e-01
5.678069122175403161e-01
3.606758166561778167e-01
4.151107409199783493e-01
1.195649383322355264e-01
1.582083881345204834e-01
3.578388273611764481e-01
4.623084429232295345e-01
1.002950469877655210e-01
4.178148571324479810e-01
4.373399073663815084e-01
2.191404800779973572e-01
3.902323339640376698e-01
3.812876898804033465e-01
4.409451844266875642e-01
4.713256889890298229e-01
4.392183158500729268e-01
2.032875583988085766e-01
3.974547335283931115e-01
5.560028086935921987e-01
2.101560404882512612e-01
2.573533064291701478e-01
4.214228882793779052e-01
1.460396603625083167e-01
3.918613398549015137e-01
3.921485929652217539e-01
4.073023324790936983e-01
1.627840804959375665e-01
4.170220695891127538e-01
4.111076326735338959e-01
3.130746638247306479e-01
4.253302046356505911e-03
4.221133686993837064e-01
2.385467585421104653e-01
1.572911270039945575e-01
4.246849464639579907e-01
3.926422360226219932e-01
3.433829088815701369e-01
1.187477056405446957e-01
4.612002279003434291e-01
1.600226144833137021e-01
4.474267525308627258e-01
4.582868551480550612e-01
4.445636840570333370e-01
2.363619967997068194e-01
3.884974908345034672e-01
4.325838922247190466e-01
3.721415998949125226e-01
3.176094379087383152e-02
1.299278122186236228e-01
3.891237785805908844e-01
2.096108583236139800e-01
5.504899447519784328e-01
3.823819110346440286e-01
4.924101962111170905e-01
4.242197261481297499e-01
3.973852583988241594e-01
3.156957729094700404e-01
3.620014467274947911e-01
4.246829560828662142e-01
1.875288243577561964e-01
3.380775404883408219e-01
8.862519879693281366e-02
3.160351770748183187e-01
3.128947369423628611e-01
3.236002968615754871e-01
2.587964217707675388e-02
4.317228420577864378e-01
1.862010454881072863e-01
3.600902932384514865e-01
2.651297324084532225e-01
4.857476614299074957e-01
3.549522020819220192e-01
1.997607325857770622e-01
2.256317312181406187e-01
4.431627388463937889e-02
4.177844743820784967e-01
2.199582698699701910e-01
4.102554888707231062e-01
2.394587784602379976e-01
3.052889964732595773e-01
3.863287984423502408e-01
3.372142246187876391e-01
4.182496701345211898e-01
1.068231182279731767e-01
4.379729996681814841e-01
4.345051969892681498e-01
3.461333943139794367e-01
3.900781472691800533e-01
4.089961167478469717e-01
2.872232799841418771e-01
4.033528686958792187e-01
8.390989134677116768e-02
3.957714873669763156e-01
3.538551015345972051e-01
3.897250764012257229e-01
2.295970553968592898e-01
3.949590794459781340e-01
1.465844969178209389e-01
3.690294320532924166e-01
5.348303975789191478e-01
3.147824696374303399e-01
4.000621010793340426e-01
4.580051830712952299e-01
5.562299382290828431e-01
2.369633096820122076e-01
7.986797429960489081e-02
3.915058814424655642e-01
3.877252241326721860e-01
3.340292728931732458e-01
3.070236880525136769e-01
4.321021446299157520e-01
3.615678210456244601e-01
3.473723758808764939e-01
2.613999453982249754e-01
3.748339825058784047e-01
1.957894552454675363e-01
4.049898366920010595e-01
3.770050618616223592e-01
4.089543048865228458e-01
2.728450411160802114e-01
3.984072036996331723e-01
1.499554445076987652e-01
2.919433814437124575e-01
3.998330974446571151e-01
4.018424343334526805e-01
1.805373729810286487e-01
3.047381192959736640e-01
3.642258015977785091e-01
3.915761899844716343e-01
4.460090333311882982e-01
2.937177782627855005e-01
3.706122062086390501e-01
2.513716573274112354e-01
1.581652209718000524e-01
4.596604556857554202e-01
4.251484462639982254e-01
2.127034514497431750e-01
1.098976425982054750e-01
9.472697885461620060e-02
3.835197775077798243e-01
3.861430844346379065e-01
3.434530686325277804e-01
2.295598550622248712e-01
3.210232268567602132e-01
4.828800932923740796e-01
4.082895141995054877e-01
2.447111965755794372e-01
5.201966949159227971e-01
1.112535911329062405e-01
5.741375325499015192e-01
4.344169414087496461e-01
3.225991898591337725e-01
4.264639420301215011e-01
4.257160714172995020e-01
1.707754938250881649e-01
2.312031941034974614e-01
1.559591902834295274e-01
4.919735432786888074e-01
2.452550456993885519e-01
3.719562177418587745e-01
4.386389821980520853e-01
4.432995714911853735e-01
5.221450302833489238e-02
2.154348381393089706e-01
2.122244710738467877e-01
2.535911761359359029e-01
2.765122924280521421e-01
3.208568555608725115e-01
4.509728967257268795e-01
1.594294054021476725e-01
3.181089028956636255e-01
3.622617719566721961e-01
2.891666393495666010e-01
1.340024191746795879e-01
3.595111744538161402e-01
2.333479110131272682e-01
3.967144602213595328e-01
3.757882753882083038e-01
2.974435589023596491e-02
1.917222899423780269e-01
4.025598923215173430e-01
1.887931761676603093e-01
5.100879302284405670e-01
3.875382724124735723e-01
4.160209167377840744e-01
2.698182346076849480e-01
3.506715502538985674e-01
2.267002476192145344e-01
1.855025645410612600e-01
3.992625098308765774e-01
7.178749252651334123e-02
2.870288577583345324e-01
2.269075700880507085e-01
3.848425944075725136e-01
4.202102487859221691e-01
1.442441827075679750e-01
1.343342047228054670e-01
3.505820436004036256e-01
1.024103767939860410e-01
1.910457436837341150e-01
4.439712706303975409e-01
4.146264148335642719e-01
5.508901673621197093e-01
1.237508383111138727e-01
4.700100619415687464e-01
4.182678939260434658e-01
4.377528478353762686e-01
4.049546464057637296e-01
1.442263418891013005e-01
4.211175989223036598e-01
3.124779231759964304e-01
2.924991994920681515e-01
4.043739262294620551e-01
5.861035466672142036e-01
4.389048315334841410e-01
4.243403073100421308e-01
4.063678320840946046e-01
2.094192184198762630e-01
1.717144500991415190e-01
2.732178347229681226e-01
2.153214898623316831e-01
-2.353977507904911424e-03
3.549743179252927705e-01
4.030925983816356362e-01
4.076852741665875635e-01
3.934387735070022929e-01
2.688647965892623226e-01
4.328896470206070601e-01
3.865188456055463351e-01
3.317392128543547591e-01
4.578031958621274766e-01
6.198065062229183436e-02
4.133361364531634718e-01
3.023414173186537712e-01
3.764837060150301729e-01
3.089954107841644815e-01
4.157524748656298286e-01
6.327660189999577411e-02
2.628823987191653000e-01
1.643341007458542780e-01
1.138198774535809921e-01
3.753603954224615236e-01
2.292987924387601129e-01
3.663797605019794013e-01
3.709441788295594344e-01
6.569011535715142680e-02
4.392396827591367181e-01
3.786680154301569345e-01
3.947059865364045961e-01
4.198354075801912777e-01
1.710418200408096168e-01
3.587620084543424182e-01
3.252339491325814680e-01
4.375790905120099383e-01
4.057196687759977438e-01
3.910194138188555768e-01
2.053837917494434062e-01
3.797782865162959709e-01
3.369912241801147346e-01
2.681179685303387017e-01
4.029499432004955417e-01
2.166220249758647187e-01
3.229247830949700804e-01
3.412284965712950591e-01
2.435969107451406712e-01
5.406113238219923955e-01
4.074562620052624151e-01
2.153063602275485378e-01
3.702030358666473231e-01
3.077210565105492068e-01
1.194558754065349337e-01
3.836547558840661121e-01
4.387434296345574247e-01
3.995070533545172498e-01
2.671748643738716122e-01
3.790877990426151922e-01
4.303512616095969134e-01
4.200886038468484296e-01
3.162435332545265321e-01
5.386546553960258610e-01
3.578283620104221185e-01
3.515974711603697678e-01
4.079965696863585012e-01
2.795004373293241140e-01
4.024234628798247226e-01
4.322200445655168810e-01
1.658934398961447454e-01
4.560390375351758285e-01
1.943028305212195495e-01
2.251591799972286201e-01
3.096165288296694462e-01
3.009519423610838573e-01
3.856357622269699914e-01
3.381759193371264294e-01
1.285670889787625115e-01
2.860796122368194916e-01
1.411741352373784841e-01
3.755375724296642903e-01
1.225205134704850096e-01
1.499567572795846015e-01
3.184683550158511900e-01
2.838118870787239567e-01
3.886591490307827468e-01
2.611127431314158587e-01
4.260426729215062436e-02
4.142267835703340451e-01
3.839760836382055675e-01
2.472970633428559772e-01
3.683798684247563404e-01
4.199534805797809911e-01
1.510113058691180399e-01
4.780969246349559554e-01
2.364427600912087368e-01
2.244300733836968043e-01
4.314265311160486727e-01
4.039090345733925558e-01
3.938346867366933624e-01
1.166777092791545511e-01
1.402586175522705647e-01
2.367765533486086982e-01
3.715507362021474580e-01
2.216260732134376910e-01
3.621673478959495651e-01
2.655640402429260138e-01
2.652182742022043960e-01
2.065786786368611072e-01
4.446340570779265255e-01
4.211806688586368086e-01
4.198741361972262442e-01
1.795882567077333458e-01
5.227769105070656508e-01
3.498877700459669393e-01
2.647947289064069287e-01
9.843147773491180141e-02
2.709585606557709525e-01
3.198178332301133686e-01
2.445259679021933585e-01
4.699863573616542278e-01
3.498817594228581518e-01
3.388299121756017107e-01
3.799279486521263682e-01
1.294038331310772005e-01
4.348567516490536855e-01
3.926823603129691587e-01
4.719475126717254665e-01
1.372096253846824820e-01
4.166513785167477724e-01
4.235186372500072127e-01
1.950966451211143815e-01
4.042892164898303498e-01
3.899005407139211621e-01
3.283706679951057250e-01
1.263817868755884831e-02
8.384841915079033203e-02
3.151365718356414214e-01
4.226764175113855160e-01
4.551692612877537569e-01
2.909683078127040523e-01
1.792290642457670113e-01
2.939989867886269037e-01
4.875541425946923746e-01
4.189770105700929559e-01
1.883069409626386970e-01
3.883833017127977238e-01
2.618329486192167987e-01
1.204137412500944498e-01
1.709386080969576283e-01
3.039806931942229395e-01
4.678597590193138700e-01
3.861582359954583016e-02
4.391531460347180005e-01
3.966723516907669778e-01
1.907587823725346576e-01
4.336711014244586937e-01
2.100920049297550773e-01
3.927273293991845327e-01
1.878989535841682490e-01
8.642365437028393105e-02
4.137218688234063357e-01
1.070219214342175845e-01
2.730303384175739589e-01
4.735577680690120084e-01
4.146424590395382803e-01
4.076417875968701421e-01
2.445689954021505186e-01
3.530851292687386955e-01
3.945859490053669760e-01
1.193511765739437985e-01
3.892107747896919046e-01
4.030318908869998662e-01
3.514522407862492592e-01
3.333546089284261105e-01
2.014337371172243984e-01
-3.713857627968115971e-02
3.620157854171129896e-01
2.199468719611539780e-01
2.392142387538802040e-01
2.145441998651646254e-01
3.285270866386748589e-01
1.510201633761680262e-01
2.803464193321758557e-01
4.556692331512396943e-01
2.104116960394131486e-01
3.328006594815394181e-01
4.202571338162129355e-01
4.074402126542550073e-01
3.255232288051965739e-01
3.005986965619916740e-01
9.414858049914279214e-02
-4.243822005038686007e-02
1.871660390027421184e-01
5.098266486661676700e-01
2.328558492236738331e-01
2.291635225123062891e-01
3.494004366252534965e-01
2.195609708265522375e-01
5.212421379372563779e-01
3.233112655613016861e-01
1.502488979642368772e-01
3.701951010840064948e-01
3.917705394329508151e-01
3.931222752795995312e-01
4.060543157355232524e-01
3.236007895607681539e-01
4.014192660358332776e-01
4.200635842959611899e-01
1.547801591703216184e-01
4.451838122930128205e-02
1.746713929449567604e-01
4.349527778068101869e-01
5.911385001716854548e-01
2.285500970179470959e-01
4.357447830146131129e-01
2.588863270735919375e-01
3.486357112147333570e-01
9.999322847960344374e-02
3.851330736198450011e-01
5.504615622578457046e-01
2.306617198275551228e-01
4.118520454919288309e-01
3.093142593582867694e-01
1.933433670047325359e-01
3.880047534689621269e-01
3.220551357638300471e-01
4.014893608099972533e-01
4.384059544833291966e-01
2.935342633004657809e-01
3.084349314184726687e-01
3.825551561367350195e-01
3.628090841859106241e-01
3.680210633340194049e-01
1.873028716086347356e-01
5.311664962231325005e-01
3.375735109361225339e-01
4.336976509589268725e-01
1.677774313479706847e-01
1.761174621918593641e-01
1.927579314052589032e-01
1.832974046910971211e-01
3.556177811415875967e-01
1.853918171148069005e-01
2.965404283495160498e-01
9.696245147315889212e-02
1.759219265486534067e-01
2.573924327489935937e-01
3.467823877773753560e-01
3.332409581680851329e-01
4.035255186752685352e-01
4.758431371650597153e-01
3.266931917397682406e-01
3.020345022139885871e-01
1.467123116648493819e-01
4.107665645877657812e-01
3.168574641239471634e-01
3.111054286545225089e-01
4.433332985962923911e-01
4.302781214735272863e-01
4.333409510167217649e-01
3.616304502932443654e-01
4.410113054093584561e-01
2.169798159141179406e-01
3.836359590229492800e-01
2.327828530655568773e-01
3.803835356811407498e-01
4.570413619189232501e-01
3.985930389060773904e-01
9.721801847995449608e-02
4.482558855449250146e-01
5.362351421867193046e-01
5.073992954009250989e-01
2.497311783853472800e-01
4.930146005531683140e-01
3.020738267005849131e-01
4.663966211238865789e-01
3.149159418466614957e-01
1.921405929469797158e-01
1.733027796043735136e-01
3.571773136248089786e-01
3.903060844504483429e-01
3.946420096219541707e-01
2.213107201709032523e-01
2.466891281878760833e-02
4.000103365449452220e-01
4.369791180353991278e-01
1.506383922667721698e-01
3.302364237627060661e-01
8.114421315437478355e-02
1.200550421045173816e-01
3.555603213041046984e-01
-5.022840801653237486e-03
4.497961593172916661e-01
2.644491991897275351e-01
4.905208545105635420e-01
2.488031932209125996e-01
3.129414636383979209e-01
4.241639724908780051e-01
4.009544752473150342e-01
2.121575721123251101e-01
3.165437441316318323e-01
3.728827764872570949e-01
3.086571023242296596e-01
2.918438322657820327e-01
4.441725891511835167e-01
2.273140113009801400e-01
4.029309842500784500e-01
4.041865607074991984e-01
4.167853336122650521e-01
1.541305075731236596e-01
4.805543426543059105e-01
2.156583435848000163e-01
5.022240167723448501e-01
3.035258848494268302e-01
4.038598080134759294e-01
4.481638380747418049e-01
3.246975637926438063e-01
4.233354277533034615e-01
3.982933077203584249e-01
2.220661435528176464e-01
4.274848888625003562e-01
2.786841719609767232e-01
3.018344350981166935e-01
5.675034021707091592e-01
4.103236243414571383e-01
5.652061465951269126e-01
2.134298544934111475e-01
3.300609069208786384e-01
4.194433544948427128e-01
3.073396605736743448e-01
3.587935561813621610e-01
4.416463374717596313e-01
3.666983342317333139e-01
7.243247093441791684e-02
2.992162679767071398e-01
5.406552287161243697e-01
4.629753517043468936e-01
3.864956231235660566e-01
4.167032607022849167e-01
2.695982195331886877e-01
1.406570838544100865e-01
2.350474340688057939e-01
1.524888304398990257e-01
2.837554496506736745e-01
2.723832254639100281e-01
1.311134380458018611e-01
2.268665975881087038e-01
3.398380789108190192e-01
3.786395638100100158e-01
1.762224480934599102e-01
1.331942539717170804e-01
3.255703543243096965e-01
4.073002488235242247e-01
4.367762172508534713e-01
1.644074296092200294e-01
2.554910070452618975e-01
4.166713553539470594e-01
3.437695746604651492e-01
3.828704172740345357e-01
3.180984193920694536e-01
5.689429172440192695e-02
3.854113361161204399e-01
2.465332447029920937e-01
3.899592691963294500e-01
4.008595601678340281e-01
4.569377054690750839e-01
3.272021687395708645e-01
3.915091267138167130e-01
4.009689452390171049e-01
1.281085263103071137e-01
4.235247543213688237e-01
2.660267377496831065e-01
2.796083695094438437e-01
2.004233698921671289e-02
3.618358862722844682e-01
4.645626582607475519e-01
3.889435086614151382e-01
3.886036622513959204e-01
1.969800938289614223e-01
4.319073891802070464e-01
3.994286303686210848e-01
3.908554613318261928e-01
4.387787693342262707e-01
3.842366407465726552e-01
3.855004753353906688e-01
3.506507547754872389e-01
4.130859801959174682e-01
3.905088785248216066e-02
3.390619632467945510e-01
4.730206731371578571e-02
4.049948955254107363e-01
1.754666069109700188e-01
2.183017378011080645e-01
3.495293280950114156e-01
1.631753731121459716e-01
9.275533599027420417e-02
4.371579204167629906e-01
1.792284177142228763e-01
2.965509223091460367e-01
3.837908425171578930e-01
5.784723222457150982e-01
3.933952253628520968e-01
4.037588031230122110e-01
4.094785017251630910e-01
1.020171569063302031e-01
4.566994139909401063e-01
4.095915666570564273e-01
2.596517109654113420e-01
3.021224188031891855e-01
1.951338168442799670e-02
2.567874920786957227e-01
1.050753016476002749e-01
4.591952655347604773e-01
2.080090637471479764e-01
2.682333193923026604e-01
2.683992969738401291e-01
4.024160637408092378e-01
3.479094848448758825e-01
2.172425516692721992e-01
3.350859209675525197e-01
1.541174444783752762e-01
2.172007683545853773e-01
4.218657280730573333e-01
4.370886500719736723e-01
4.045863507199071729e-01
2.371119580180426345e-01
3.441845641986829296e-02
2.968951459601172349e-01
4.369914588130902611e-01
2.986416108904079159e-01
3.849229913021549043e-01
3.996143282981038380e-01
3.085804667188105088e-01
3.828166769015718951e-01
5.674886324393153547e-01
4.217446200846132753e-01
8.239186980265437998e-02
4.422140024575780815e-01
1.034700766823088702e-01
4.419386447891087144e-01
3.487998576985689714e-01
3.921252106967585971e-01
4.568497390062435937e-01
3.679544184707634336e-01
3.979156614755754440e-01
3.449972789778792404e-01
4.431364247205460960e-01
4.667277106661999464e-01
5.673136947871827429e-01
3.898978863745589662e-01
4.579698407576174302e-01
4.045313061644452146e-01
3.133028605812357426e-01
1.939941895897640267e-01
2.848524325883423636e-01
1.198141324682233388e-01
4.364261574722431702e-01
4.034648722571590462e-01
1.590297045979812418e-01
4.027745078493594755e-01
2.837158820819921656e-01
4.045310127315688287e-01
8.207948029939655943e-02
3.326673633730076185e-02
1.357458644422993022e-01
4.244827033308675168e-01
1.735309907171816990e-01
3.740613551123058156e-01
2.964871019862786450e-01
4.175631354572775789e-01
3.445442607727917106e-01
3.799540167940277935e-01
3.835070974068331973e-01
-5.400599018079645097e-02
3.232790433784836215e-01
9.071205146530009200e-02
3.693387855718829882e-01
3.087314897989771878e-01
6.550666962457638021e-02
4.745865520321263520e-01
2.618320703433326124e-01
3.855036595094694096e-01
2.539601045779243949e-01
2.177307960357950378e-01
4.357982785830640249e-01
1.672941550091660845e-01
1.766908039752482507e-01
3.192967983464758408e-01
4.508237865192123439e-01
1.941950992463582215e-01
2.757311832393492534e-01
3.170965203864115622e-01
3.542476129013540920e-01
2.236308658759006973e-01
7.532776325075361823e-02
2.238965454459744264e-01
2.257684890550791801e-01
3.994286303686210848e-01
4.426769753066100432e-01
1.395103151456268675e-01
2.531882644418970152e-01
4.944671870637533662e-01
4.463268995566022079e-01
3.223682446589446471e-01
4.224581358982453794e-01
4.178148571324479810e-01
9.780072655559546649e-03
4.128186830937093932e-01
3.311655364155834391e-01
-1.694679075910054608e-02
3.572254755362279099e-01
4.547642837538611316e-01
3.482474720929027989e-01
3.837520853327395232e-01
3.794542634284953642e-01
5.666992238137248394e-01
4.162562154661298419e-01
1.601550459850497043e-01
2.665397079178387085e-01
4.089953800537405315e-01
4.412188180525314363e-01
3.990678562860242029e-01
3.310391556184266171e-01
4.666095451389922211e-01
2.203819728361480768e-01
4.354164074774532489e-01
3.995935046879772745e-01
2.774844613557310713e-01
4.481943611517498760e-01
3.686743813432664663e-01
4.097575929867486866e-01
5.769949688302812296e-01
4.016850085495825562e-01
3.903486731288414724e-01
3.845714731347639748e-01
3.214086082029456448e-01
4.340951703518879934e-01
3.282791151949949748e-01
3.816990092074419305e-01
4.914627817821174416e-01
3.417828892794117501e-01
3.454608445845571696e-01
3.894291257777994231e-01
1.286034494281757812e-01
1.323404271620719219e-01
3.275156305673843637e-01
4.156001187238888561e-01
2.056092591486790300e-01
3.948418792349284723e-01
4.465509221142622831e-01
4.308003243627461232e-01
4.679748375679339545e-01
3.502381276556274514e-01
3.660128224203365588e-01
4.451417607649306718e-01
4.679710043520327045e-01
4.581693927062673866e-01
2.115155214774161185e-01
2.453711871953259405e-01
3.483325250145651308e-01
3.350818445865816342e-01
3.937663136400991748e-01
4.748684041850574911e-01
1.102593060039862571e-01
2.431519584173168491e-01
1.684382001695885478e-01
3.505575494238208356e-01
4.134454888492348212e-01
2.669991079767964348e-01
4.158362215711747245e-01
2.270560980500068438e-01
4.305213976592470737e-01
4.011776331903995629e-01
3.797066226728935123e-01
3.313012054503742254e-01
3.083202601365944151e-01
1.430410645705155748e-01
3.836582646309213418e-01
2.878647818846348239e-01
1.819879852094976325e-01
4.501958448938186974e-01
1.940007527438256663e-01
1.602582526178993882e-01
1.513127891461933383e-01
3.417395745704089882e-01
3.181165490792699502e-01
4.213633453049781541e-01
3.040170236032794793e-01
3.528414557536603269e-01
4.344855399739878665e-01
4.364082476288995427e-02
3.741415146714734408e-01
2.307949381304220393e-01
4.793370363250507582e-01
2.100656033305586257e-01
4.436227615607247765e-01
2.666915346242256235e-01
1.946444245673695506e-01
4.028866107429789900e-01
3.953918233147537542e-01
2.529884252582688675e-01
4.488559909625618460e-01
4.132780809328341354e-01
4.125766017175356293e-01
2.335407078855196439e-01
4.280618211323891087e-01
3.969200387468712066e-01
3.525216281294600296e-01
3.118816593556863470e-01
-3.346156648075896203e-03
3.891111203252903272e-01
1.708160703545412717e-01
2.241661660286989877e-01
2.570580494983658593e-01
4.127519995597180302e-01
5.311912581489166563e-01
3.165179636136980501e-01
2.902385843967932866e-01
6.736906892690169846e-02
4.094807035505334536e-01
3.112103327334940772e-01
3.801424584578292354e-01
2.879347701068153964e-01
3.308382249667765063e-01
6.289698234816350209e-02
2.134216139754550878e-01
1.723706340579982121e-01
4.843934199934528118e-01
3.742810945125895628e-01
1.612185535300752759e-01
1.365659950585304816e-01
4.127039170228880005e-01
2.742577068140933383e-01
7.094586280705207637e-02
4.219764948761715595e-01
2.673422129201128983e-01
3.563633169672670853e-01
3.347381525337456698e-01
1.064695945970738356e-01
4.372502776470054142e-01
4.315297622292995072e-01
2.386546961992013216e-01
3.876032546415680291e-01
1.899585747106875833e-01
4.385332857631806247e-01
3.056669139318429762e-01
2.430751511171518886e-01
2.996292214742544147e-01
4.007380298302314903e-01
1.793795757529740853e-01
2.501059702153538011e-01
3.810444386729912036e-01
3.928123781301340878e-01
3.957062138211079327e-01
4.327184883540632909e-01
1.869557340171318638e-01
3.466876041244548734e-01
1.969210851341306745e-01
4.087627601036659675e-01
5.819876773985347418e-01
2.952784367822224310e-01
1.891350954504621429e-01
4.117161382711330697e-01
4.094937568738674649e-01
4.324448859718500460e-01
3.261473682508586047e-01
4.654029263719972609e-01
4.297511571047886170e-01
4.529472197531423938e-01
-3.378730794490571177e-02
6.265566982774180282e-02
3.771433717508085870e-01
3.004437539621365172e-01
4.242907948273382801e-01
4.178344974678617207e-01
1.545203309710859174e-01
4.357962781608585301e-01
4.074327180001827142e-01
2.013071307321334658e-01
3.794346497310774891e-01
2.245236869356796450e-01
1.932560812059706534e-01
1.418183136185116600e-01
4.169456438097761675e-01
9.146015750489534801e-02
4.570057323961998486e-01
2.821245780005569581e-01
4.016252619729310247e-01
3.072192577452606543e-01
2.716985950091937996e-01
2.762425656252818218e-01
5.578235234689851163e-01
3.953184449511870091e-01
4.330235179699318815e-01
2.753040329347800630e-01
5.408057405371162474e-02
4.388965341712067203e-01
3.565122370564965948e-01
4.188178512003901122e-01
5.168698457605689356e-01
3.727020641574415594e-01
3.991392547452810580e-01
4.389120304311164844e-01
4.972134929033309447e-01
3.377896059100394810e-01
4.469492347552057598e-01
2.028730155008422742e-01
2.839409553882611403e-01
4.803428358469670201e-01
3.213141891212876744e-01
4.750673931259727367e-01
3.779577258844459275e-01
2.884537448454043140e-01
3.055859669543478652e-01
3.047314811240047217e-01
2.022170316173999005e-01
4.265578952372975352e-01
4.343795302937119018e-01
4.082915709681258498e-01
1.642242487213918800e-01
2.621168083413858430e-01
9.383651004501167292e-02
4.511620606858394167e-01
1.804738123423151597e-01
4.638050725877547464e-02
2.882253851645683040e-01
2.288626087650217494e-02
4.891964517994275563e-01
4.054286118677498107e-01
3.271890151295764881e-01
2.558384468400560774e-01
2.208432052738795170e-01
1.684439067015106595e-01
1.298119646534691141e-01
3.670170444086045536e-01
4.632792148083536010e-01
-7.965374691578445965e-02
7.003060699481186702e-02
4.137049875121889819e-01
2.757657831744884658e-01
2.460525531133414545e-02
1.674521686960941669e-01
3.260891768435567051e-01
4.580130211978435950e-01
2.801614635115323160e-01
3.994414312741237372e-01
4.232309643215529382e-01
4.632921371407952571e-01
1.897387333225630246e-01
4.392148129121264399e-01
2.729977339255755808e-01
1.549513734104879803e-01
4.375063472903769624e-01
5.526999579452052114e-01
3.761644544271171009e-01
2.826767679704747516e-01
4.134045511249474503e-01
1.457598617677381692e-01
2.503371634559465875e-01
2.860688368614931476e-01
3.622263769478935580e-01
3.345970099094602301e-01
2.851287530834374917e-01
3.991753698927761329e-01
3.879319524901791993e-01
1.561888436652964784e-01
4.193176146070362043e-01
3.138534635572824416e-01
3.824574768880241726e-01
3.824866324649274785e-01
3.558277771554905211e-01
3.676100060302577299e-01
1.718531168913120868e-02
2.026357195296313030e-01
2.902701444469980019e-01
2.257470273518857318e-01
4.057271837197584663e-01
4.266558588320917833e-01
2.350970960894178119e-01
4.138914522798653461e-01
3.625312527314107358e-01
2.852735188070961714e-01
3.061181293835913975e-01
4.431507201130479578e-01
4.530321674090796447e-01
4.577992931052899950e-01
3.814641648602372648e-01
4.107596817777539600e-01
3.755404527355769573e-01
1.906601469100183688e-01
3.803578639350233548e-01
4.336674658774238300e-01
4.494725064644396473e-01
2.703280114112383559e-01
3.853077051009941578e-01
3.163879040553744804e-01
5.976224853498261075e-02
8.919908967260806176e-02
5.702198604678743177e-01
2.276330059224787872e-01
5.204875565411061222e-01
3.125068432431420407e-01
3.384883464530684116e-01
4.045473531918891696e-01
3.878055708839243665e-01
2.437863042816255377e-01
4.113692143904205123e-01
4.179207225028336303e-01
3.628606566943730072e-01
4.087909115691992223e-01
4.216307818209962255e-01
4.142095574173977890e-01
7.313119485981860179e-02
2.334854338574158805e-01
3.719493946806227136e-01
2.226518447594574568e-01
3.510305262925216829e-01
4.366816717009535109e-01
2.941278002530386959e-01
2.044660410108940507e-01
3.563860853170595089e-01
4.738579841819149513e-02
3.986906525556115355e-01
1.522924002247451891e-01
4.495914510907876860e-01
3.929584013995532366e-01
1.562690822048770634e-01
3.814136804641147238e-01
6.397153916374963278e-02
3.106074944110042146e-01
4.070017921538777173e-01
3.921930260966203785e-01
3.532548997720594830e-01
3.524363902562922535e-01
2.270512387318666669e-01
5.456258469172212688e-01
4.152193713101839934e-01
2.061113853911984706e-01
1.106769893639929087e-01
3.964806838420289470e-01
2.978041797672084101e-01
2.277585241589241971e-01
3.306234401922286126e-01
4.184910768474355836e-01
3.547751677871596176e-01
2.100920049297550773e-01
4.074392537693887761e-01
4.096686649835498684e-01
2.164159732473103226e-01
1.576332919777039543e-01
4.564679542044199900e-01
3.961669503232546630e-01
2.011533544522387529e-01
4.330624021412448066e-01
5.381388663796935617e-02
4.399879926084447335e-01
1.220757368206587395e-01
3.836359590229492800e-01
2.261131277681403540e-01
3.429003872289295152e-01
2.341275732856443748e-01
4.358148332261485014e-01
2.491052488674014576e-01
3.186396764148244354e-01
3.431894537975778703e-01
4.220232189996899197e-01
2.190590783459313573e-01
1.014643872073189151e-01
2.281855617136117897e-01
2.938914294490905244e-01
2.774312139106682729e-01
3.385972346758382989e-01
5.224527018661226929e-01
2.383375794060008379e-01
1.833812505889455269e-01
1.412130348437918015e-01
3.984075988713971506e-01
5.257976702941334901e-01
4.032553017665683193e-01
4.058514465680380656e-01
3.425606750254485688e-01
2.316589923693294084e-01
3.641162288988427087e-01
3.420880701758611253e-01
3.171771982454626437e-01
3.915516920113520927e-01
2.972432413317563360e-01
9.377100192814674662e-02
4.279518055456531522e-01
4.056473862423209953e-01
3.937128510164593087e-01
4.358374102138897754e-01
3.982946450556298368e-01
4.056645772098670943e-01
2.402659917230921816e-01
2.667243270136760436e-01
7.357132685661572913e-02
2.246627624182933325e-01
3.413696223497450499e-01
4.285082640261987930e-01
3.264926088757835743e-01
1.744684427846866781e-01
3.987276975434290160e-01
5.529853022481093783e-01
3.744174760722771556e-01
3.269252659428655283e-01
5.832050601227198317e-02
3.043117963459796571e-01
9.837598643287459588e-02
6.588729926265628201e-02
3.685052843414233226e-01
4.085344790349995092e-01
1.752476654317282334e-01
2.219622688695287727e-01
4.632915434703207547e-01
5.337164441632837875e-01
4.084842118920642973e-01
3.130242022493210929e-01
4.132164830569632352e-01
4.546301037705906545e-01
3.525768539851133476e-01
3.625358229941021415e-01
1.528292879263728754e-01
2.197543087936083550e-01
4.144488735870366369e-01
1.838173927523256979e-01
4.118974541465679762e-01
4.542718544264524594e-01
-7.955951022608152498e-03
4.125094065016675637e-01
3.028336930419181505e-01
3.485616302843991265e-01
5.493146477636055847e-02
2.396171740258647709e-01
5.441435456392810233e-01
4.112402266587461552e-01
2.099148677083907399e-01
1.787801345166282474e-01
3.544973755635398849e-01
4.181790024359853808e-01
3.995122603773384462e-01
2.468925062079881938e-01
4.346531545423173992e-01
4.311953202827607523e-01
4.218758391011238618e-01
1.173041420819919828e-01
2.378056442140066007e-01
4.836825383539711254e-01
2.963672879322592491e-01
2.494821002200734716e-01
4.506203255069096691e-01
3.980125161496888553e-01
1.969036370549474280e-01
4.409741884740568385e-01
3.370290202598339446e-01
4.495944432596860052e-01
4.042928920353512368e-01
3.133426762525593490e-01
4.708488891530024367e-01
3.838472733272013659e-01
2.904176063341618597e-01
3.803437710037376185e-01
2.311941314589840979e-01
4.244579285839920058e-01
9.141597158405637136e-02
3.892540947267125184e-01
2.118313913468607146e-01
2.812862154603312237e-01
3.837646541308452619e-01
1.294860767659228862e-01
3.570096282707770907e-01
3.710342386778824886e-01
4.499154011523067709e-01
3.055114995656127430e-01
1.724045888723282904e-01
4.171620581077056800e-01
1.681598398346928480e-01
1.233392197837823168e-01
3.652501536954524397e-01
5.987314035411166885e-02
3.593511788916983751e-01
-8.755955613044354158e-02
5.768427429325729827e-01
4.318886851578997987e-01
2.679933661720886318e-01
2.794953886407586241e-01
4.236697419038496504e-01
1.791884948529732513e-01
5.393263305942355146e-01
3.938121767173715648e-01
2.312118316188745692e-01
1.195192408088625730e-01
3.037508332019193125e-01
2.635706716708607900e-01
4.475333189950425616e-01
1.205496057961569778e-01
1.573308564804479781e-01
4.198505811552198930e-01
1.920740868336585361e-01
3.692873684309836979e-01
3.879488932182347249e-01
4.333375995253248569e-01
2.974691934429351536e-01
4.362692416275770202e-01
3.269939801053879380e-01
4.325565392144399279e-01
1.501126606573877920e-01
4.089866498862688715e-01
4.477988470148361877e-01
4.251689352809806532e-01
4.462246100674601146e-01
4.066274942055917996e-01
4.155913013812936874e-01
-3.373735913017014004e-02
4.533541263426472678e-01
2.081219427369094266e-01
4.003817513865946531e-01
1.991041988216964709e-01
3.133234700915826232e-01
3.932717302241024449e-01
4.164699133523578900e-01
3.010158928035072678e-01
1.880294649926083361e-01
2.164701942654800038e-01
1.791544441657161313e-01
3.882219880677918455e-01
3.912190995176295649e-01
-3.277672204814632839e-02
4.003535308572855889e-01
3.220122110815578642e-01
3.387785180213841452e-01
4.154960846534795915e-01
2.730819180419495895e-01
3.226556227437875068e-01
2.182135306419932530e-01
3.906568621271960251e-01
2.114216630384371520e-01
3.652051067698597331e-01
2.200131388304189806e-01
3.039928849007931810e-01
1.640138789249568629e-01
3.831343052314263309e-01
1.276948272808136886e-01
2.947517328185647045e-01
2.656835450555387612e-01
3.767783112951894608e-01
3.859088726386974109e-03
2.057366075233190705e-01
4.159205520720492544e-01
3.892764697303980337e-01
2.164086228201439199e-01
1.709889610717061637e-01
4.453637868006525835e-01
1.811000193186383111e-01
4.127627072042056589e-01
3.826283031190185202e-01
6.215203849177809714e-02
3.079184550967246636e-01
2.832631182241236445e-01
1.004955892723733424e-01
2.319144886993396715e-01
1.975705680343946280e-01
2.444862853793568491e-01
4.902707710721379564e-01
2.300554589582666787e-01
4.425422554267632869e-01
3.911731816706460751e-01
4.372701803376337626e-01
4.301254182909806101e-01
4.309699505561765953e-01
1.723080304525612394e-01
5.571655618180814118e-01
8.340670230993694340e-03
4.438055035440044427e-01
4.465956327870226339e-01
1.311538744405178203e-01
4.111452281799323205e-01
1.245730838057990675e-01
4.547878573013910963e-01
1.809494837926308441e-01
3.441235892271384822e-01
4.550679680264626548e-01
4.070973832243687252e-01
4.050297650146622019e-01
3.809573752465175156e-01
4.180780591199544372e-01
1.937941270380347525e-01
3.204512384142609860e-01
5.665241607721475114e-01
3.071608014517196450e-01
2.286474387275672093e-01
4.051168745389761017e-01
4.221379880164579101e-01
7.297478741914494027e-02
2.979339208313635523e-01
4.111208032123481182e-01
9.211641946909812639e-02
6.642945733014320175e-02
4.002733026077719414e-01
2.241366113797644000e-01
4.040825017417667420e-01
1.119913909236086719e-01
-4.045058939391061453e-02
3.667779190201259643e-01
3.154437745642742486e-01
2.937062320608272992e-01
3.822060943286483270e-01
4.479001796729762397e-01
4.033063273040333740e-01
2.125863502390955007e-01
4.001078404890883178e-01
6.224199525271693206e-02
4.356915593860761771e-01
4.291554067920122506e-01
1.649930002865682699e-01
4.335248221481323716e-01
2.569608335101280505e-01
1.283655004267039712e-01
4.173327434311705497e-01
3.556344700327025432e-01
4.728855054656508905e-01
1.406425974162350823e-01
3.940371709394970834e-01
4.779607938541576284e-01
2.584064307157696860e-01
3.957957582325097867e-01
1.031779355412423271e-01
3.800436227798624222e-01
1.957788489249454589e-01
2.216740227755293127e-02
3.697844588267751864e-01
7.987196750945008139e-02
4.357962781608585301e-01
1.552991008499959025e-01
4.678941070967664873e-01
4.076811893419529098e-01
3.908045606029149632e-01
2.610329964456243323e-01
3.720949380926866779e-01
2.452284441336948506e-01
1.447394968998453324e-01
1.335356217971768733e-01
3.988713390150370186e-01
4.965130697061513887e-01
1.539685682049146409e-01
4.060868870337573378e-01
3.238818042972643751e-01
2.931760932894242888e-01
4.094524456160011927e-01
1.966151612523192316e-01
5.775263934866210480e-01
3.321157070680555989e-01
1.235851452727478178e-01
1.747197122778028633e-01
2.846634213195455843e-01
2.349507988884587950e-01
1.917825609390132746e-01
4.159635923101134836e-01
1.000209839175959931e-01
4.173424715276737307e-01
2.623189653574040658e-01
4.182802933737129747e-01
3.388715242934491889e-01
3.949187122602607625e-01
3.024703873487160632e-01
3.810619526988483496e-01
4.531019728166033600e-01
5.205174010545874363e-01
4.274235018915094053e-01
3.866295806256312972e-01
3.348316059465618610e-01
3.869747351127378887e-01
2.850711180036252235e-01
2.878037059392152819e-01
2.075704301428039356e-01
1.072891732839891393e-01
3.133193534009342529e-01
3.973852583988241594e-01
3.558116612717317495e-01
3.554380673424404891e-01
4.182517267371727576e-01
3.445083723387067920e-01
3.840189480737956074e-01
3.375002664886486148e-01
9.340133691652843795e-02
4.479829822026418218e-01
1.367995097050295483e-01
5.110684781128188581e-01
3.084603398965469756e-01
3.635716139119067880e-01
4.615986616570343926e-01
4.168898636804973523e-01
4.105072701701926174e-01
3.667299284715152541e-01
1.509587357428157639e-01
1.109055942430166031e-01
2.269575291098687997e-01
3.535157312268885077e-01
7.014473241042275264e-02
4.161756201765674512e-01
1.459062199363064527e-01
4.380346451356119108e-01
4.012546280353327943e-01
-1.344780347479609603e-04
2.673945174703681871e-01
3.494321362552371135e-01
6.277735667394299113e-02
3.749331945596401372e-01
3.963095270011421922e-01
9.041024438305406141e-02
3.203039204739305812e-01
4.381910049432338194e-01
3.324937345017293655e-01
3.694182516095839142e-01
1.141740439647103977e-01
1.096262612522536650e-01
4.137811244227916907e-01
3.877095989149880739e-01
6.458293577225042437e-02
4.300249435879171522e-01
3.983167033078195418e-01
4.065628489346971852e-01
4.294493110198695507e-01
3.772920183856586229e-01
2.543815615710254274e-01
2.660153922507088042e-01
8.023012494835336794e-02
1.963644203698994839e-01
4.382190701049799020e-01
1.103353944102009182e-01
3.248529265425705859e-01
1.194708654615391913e-01
4.484891909047402092e-01
2.674355208975627840e-01
3.379053031074417124e-01
4.782274598599219328e-01
2.196704587724720437e-01
4.814363205560545089e-01
3.850204292944375828e-01
2.387297865700607757e-02
2.324071201508402795e-01
2.174238656360656385e-01
5.311664962231325005e-01
3.425438277170934631e-01
2.991612476319470137e-01
5.411887632925996838e-01
3.716998176960559230e-01
5.545147029543453371e-02
3.138840302011061123e-01
5.295059011960280282e-01
3.612527427644739997e-01
4.312454445265406777e-01
-4.497793257402632472e-02
2.562519951698595810e-01
3.087112330553604123e-01
1.708872457672615808e-01
3.906849507735303817e-01
4.313430574292150821e-01
2.502491031636792096e-01
7.798974298763040880e-02
5.856443760886780731e-02
4.700601470996911835e-01
4.677105461610832071e-01
5.561020845208736185e-01
3.280697468544288564e-01
5.597158535004080893e-01
1.808824526991811565e-01
5.482271697384606401e-01
3.004734006822748493e-01
1.593615249840000803e-01
3.444961220140234093e-01
3.240858691119193752e-02
4.043399803774482826e-01
3.362417568020072967e-01
1.764087242790628451e-01
