4.021255688444831389e-01
3.460329042588000115e-01
2.927501481674523731e-01
3.763493686725708498e-01
4.264083197371918987e-01
1.832897787556870550e-01
3.734645000280691907e-01
1.400469193154556535e-01
2.111515106086241100e-01
1.178333665311573908e-01
4.255259855003835634e-01
3.798103395353927270e-01
3.108181621007277129e-01
4.037454549975589835e-01
5.861612527894619062e-02
3.525755816681278021e-01
2.449872823077765271e-01
1.527770598618117259e-01
4.239382599556930087e-01
2.447555851028572482e-01
3.707257104185106567e-01
4.164097403603117531e-01
1.114642872810961277e-01
1.158263809226559721e-01
2.501065627499791666e-01
7.967685232232074588e-02
5.503411995186821559e-02
4.138621673302656512e-01
3.756987278233988592e-01
2.535306945248661514e-01
4.295468657504720178e-01
2.662526331410171587e-01
3.622064097368858926e-01
2.329108511251486435e-01
2.366756912743158414e-01
2.536396601098529491e-01
9.924208891894067963e-02
4.089928191963170812e-01
1.096525525392356148e-01
3.533969311593840312e-01
3.994932401014418266e-01
2.069179774120077087e-01
2.018355163489423953e-01
1.614998929223324109e-01
1.559985678800487330e-01
1.362731752968854848e-01
3.545724079101433834e-01
1.353468557281185258e-01
1.213205938690008895e-01
3.733618989324646864e-01
4.190508676914714292e-01
3.675005346552874252e-01
2.072330047251703944e-01
3.985366824500659599e-01
3.985432410399850078e-01
2.575336914684696610e-01
3.250860867626513273e-01
3.297722023302299688e-01
2.667926575963193159e-01
-6.991004823869038931e-02
2.977754612277043189e-01
3.365295601612091070e-01
3.504816006803694872e-01
2.388077192866514542e-01
3.865722895991859920e-01
3.957316497877683137e-01
