3.173927763094850363e-01
4.324641771503555665e-01
2.441844552689368397e-01
2.476540404529930239e-01
3.882701179472282105e-01
4.505473192324743748e-02
1.653744455161831051e-01
3.222469031108766147e-01
3.218152065883490009e-01
4.408185484317215797e-01
3.514499912863348619e-01
3.373982588145654216e-01
3.474211696355988810e-01
1.919575630285408341e-01
1.126118129736741885e-01
4.420204891185294249e-01
3.572542440738394887e-01
2.048933528861109632e-01
4.547158546326395823e-01
2.799564329839500654e-01
3.795665750279079154e-01
1.092646860589015223e-01
4.180780591199544372e-01
2.813375757776552799e-01
5.406552287161243697e-01
4.292056142691561549e-01
4.715106794971570259e-01
1.528585955307166788e-01
3.917069645027658475e-02
3.247014474630667835e-01
3.655881898835355859e-01
3.495084834898288806e-01
3.925759434281896332e-01
3.212495734965738481e-01
2.469749541763857636e-01
3.982436935402592360e-01
3.720765072550595853e-01
2.749705642345970924e-01
3.222096747897496560e-01
3.732225622149260014e-01
3.913172987051659057e-01
3.696534579762805195e-01
-5.997420344257997638e-02
3.199629011000115208e-01
2.485607365892334164e-01
4.039152234262695096e-01
3.689600836824108998e-01
3.970468160435425831e-01
2.447747304570069837e-01
2.414601955450788873e-01
3.696557408774202025e-01
3.195859343938220465e-01
2.953084450239462089e-01
2.690703867325915377e-01
3.999787258949960567e-01
4.772842214554243179e-01
4.036786951179097138e-01
3.993638977151420244e-01
2.889785660328184069e-01
2.147959597390965703e-01
4.097906661746989476e-01
1.927728786662398219e-01
3.068760157168841651e-01
4.637885418364007251e-01
1.807462376062215492e-01
3.100024507363065007e-01
1.795035423235679523e-03
4.408073029237756790e-01
4.323969947970711658e-01
4.376796847126249168e-01
4.792644831792105542e-01
2.885918841549477420e-01
4.388401966356408890e-01
4.155627115091184431e-01
3.611441352157274132e-01
2.423667872246922650e-01
3.512938601422568308e-01
4.291128287356237303e-01
4.389205467892539070e-01
3.291597867561495971e-01
5.643095025680213705e-01
2.784057475880485355e-01
1.571039428859536125e-01
2.323687984478634005e-01
2.866261028788993359e-01
3.886409447405970163e-01
3.051555080613221893e-01
2.881971385989002821e-01
6.566301927179447884e-02
3.570699463195732282e-01
3.213649541706873336e-01
2.251591799972286201e-01
4.142388363921198913e-01
2.657231591006768423e-01
1.490700399306771617e-01
2.068749267593999464e-01
3.094131512996840527e-01
4.571814942494999978e-01
4.382314510471258528e-01
3.544016008070557389e-01
4.320260190466850836e-01
3.031743834656329684e-01
1.063464864768697699e-01
3.514893446100139651e-01
4.082205227860667973e-01
2.819647434074499248e-01
4.094537732835887844e-01
4.730048985397546368e-01
2.504200635545330567e-01
3.000216649597632901e-01
4.047716015501309217e-01
2.994746636731119294e-01
4.352643919115137955e-02
4.739614225824441140e-01
4.079569641315629602e-01
1.049010323104196257e-01
3.000653159215984078e-01
3.371900787277767875e-01
3.487376920848518913e-01
3.897727326263916714e-01
3.895922204342287531e-01
3.123670333484932504e-01
4.259948422760752029e-01
3.359499659173924013e-01
1.512868412487030634e-01
4.174366694558770408e-01
4.109419310618409038e-01
2.871703217812427433e-01
2.794366750955442624e-01
3.632628239611956356e-01
4.792398313322473458e-01
2.934422272821312627e-01
3.878700444600731156e-01
4.289921579505477367e-01
3.320106227469438731e-01
4.655594113201105833e-01
4.819796547615949334e-01
4.152041215969585197e-01
5.831649332702289884e-02
2.354713482303090466e-01
3.155332913418673058e-01
3.841709010772691446e-01
4.164015373513093587e-01
1.806056915827976006e-01
4.547878573013910963e-01
4.484608972869113530e-01
4.301378476960224240e-01
4.277049603663959365e-01
3.710574500606978465e-01
4.096131051778815757e-01
3.080628720369049667e-01
2.677717624440330013e-01
4.075974564118201582e-01
2.114839815094387843e-01
3.336118340674789629e-01
1.391728731881629599e-01
2.002481331149461863e-01
9.000945208493307814e-02
4.148895461183527700e-01
4.142636843312457184e-01
3.029136984782889175e-01
2.825003113301955970e-01
3.148098284358721299e-01
3.432363658807864870e-01
2.736993200247951896e-01
2.399719622976916877e-01
1.116235359420249679e-01
4.138809196494999676e-01
4.443321420329621185e-01
4.071212882116351794e-01
3.399056488842859824e-01
4.377322891114888148e-01
2.744237400314917252e-01
2.322035241229013502e-01
1.160776357275314641e-01
4.006620383498086246e-01
1.828871361541596074e-01
3.602696983978289080e-01
3.095778928232368887e-01
4.283442213143688337e-01
3.865302726833829694e-01
2.053428395417830968e-02
4.120225787049688337e-01
4.019520027171991639e-01
2.380935094743923119e-01
3.471008413457024600e-01
3.438451074860498502e-01
4.398938121069676521e-01
4.094100675520425670e-01
4.221501053171308748e-01
4.155023673617250779e-01
4.099060406457277761e-01
2.918100840826347020e-01
4.369425752692354670e-01
4.191444268886652669e-01
-5.784599825494144906e-03
1.597436401467628719e-01
1.754878649704195159e-01
4.294394616001578902e-01
4.180694332223948151e-01
4.216171533742035238e-01
2.002004643176420184e-01
4.860857054807635746e-01
3.936342864384123619e-01
3.232721304451307009e-01
1.145809007065170526e-01
4.296725819047370609e-01
4.052457248692123426e-01
2.360751976556055565e-01
3.654272747919084519e-01
3.610640036015601018e-01
3.061216962195341673e-01
3.227300834522775497e-01
2.033874794558161725e-01
1.863661329321763260e-01
2.175628726565404791e-01
4.253474857009273968e-01
4.173721451762533174e-01
3.079772918737889720e-01
2.434805169351024201e-01
4.444972422566304537e-01
8.521747255770376062e-02
2.961484011138115213e-01
2.351863055757378584e-01
1.764005069967417849e-01
4.251885978562164881e-01
3.490345998504718050e-01
3.617621327776889273e-01
4.391194711268053830e-01
3.473043744792378429e-02
4.968806846708865854e-01
4.385048747224105647e-01
1.353588652320419361e-01
3.114503120730514052e-01
3.604803201349349728e-01
7.101836075269954418e-02
1.304820986496427748e-01
3.370535554307156345e-01
3.051585369093300915e-01
1.959445637311597599e-01
4.008391730142157328e-01
1.414653569941583255e-01
1.200601518955417973e-01
3.313036117493327048e-01
1.309014841599500656e-01
9.158606338745599318e-02
4.004583208741845368e-01
4.219308819139131472e-01
2.607058606903745468e-01
3.942524154269343994e-01
3.211765232948593507e-01
6.347926881709711200e-01
1.951260695104567455e-01
4.242611904707416781e-01
4.168542227889097118e-01
1.301663676701691752e-01
3.318753867870467000e-01
3.035726267316090077e-01
2.366067822073452398e-01
4.138277496288924051e-01
1.122830182252038539e-01
4.434642202796592048e-01
1.834803600895351661e-01
3.965066070101648243e-01
2.125869223336231961e-01
1.449584121611998400e-01
3.998434506627264740e-01
3.877716763577687131e-01
3.948355746602906780e-01
1.945392102874841100e-01
5.097547454542323830e-01
3.038977351725177245e-01
2.635157648695206634e-01
2.215921321174680048e-01
4.032368058691632173e-01
3.501892649408597236e-01
8.493231886999101643e-02
4.102304501919292190e-01
3.092208358613506292e-01
2.499267584096533934e-01
4.652346496710543788e-01
3.461718781684949287e-01
1.456757759619582981e-01
3.718405499001918857e-01
4.143522231375580955e-01
2.652547974099797590e-01
2.509218066372820299e-01
4.455549531745964797e-01
4.225051230823457793e-01
3.941895357116167453e-01
4.152444621446800821e-01
4.281691385639940228e-01
3.900088274034436142e-01
1.885626644365407667e-01
3.055082054994281426e-01
4.390817597741695777e-01
1.587962913584321234e-01
2.720500380756929459e-01
1.306074596254432896e-01
2.886599151898008309e-01
4.006979593967669451e-01
1.763220236604329250e-01
3.961297763776628345e-01
3.827112352080953572e-01
1.338997731015244830e-01
1.363315740562972278e-01
6.437548222175767769e-03
4.752052991507779711e-01
2.028186308789068082e-01
2.203264689619726380e-01
5.344248209390730642e-01
1.266692185502078238e-01
3.097806836197259175e-02
3.675464066948762043e-01
1.877556011680090176e-01
2.056853560193036001e-01
3.641864082341212394e-01
4.550422445188190834e-01
4.334365262371902561e-01
4.080385228701340905e-01
4.282559368967676083e-01
4.161931440775694657e-01
3.111643842030247242e-01
5.590398402506343567e-01
3.776600245389060695e-01
1.072264808852326640e-01
2.871056309726527922e-01
1.626272247734770471e-01
2.851133622967137460e-01
2.210093067459557026e-01
3.560245228203222090e-01
3.906942782420445015e-01
4.063778737786859496e-01
2.511017433947946853e-01
2.042461226962207499e-01
4.578373784038335115e-02
4.295725359821239708e-01
4.362094882462038137e-01
2.549713564505126651e-01
4.724175389467177855e-01
4.269083896052669469e-01
4.196334972560800680e-01
1.671111788646253427e-01
3.863077218542474434e-01
1.903449843996909974e-01
4.060233016397568062e-01
1.685800512317885136e-01
4.227912797196468064e-01
