2.597202552588449009e-01
3.503597344218722376e-01
3.466484085126483872e-01
-7.650088928655014719e-02
4.196391292420686980e-01
1.581326448604701285e-01
4.704468843281637835e-01
6.787089745766106130e-02
5.103347420557444170e-02
3.168099332259875500e-01
5.226761017917489482e-01
2.471094457972377312e-01
4.348878830847768828e-01
2.597217097266120711e-01
4.120733599778207967e-01
4.061197964519730474e-01
2.295024468047398014e-01
4.269086491805037520e-01
1.325938508060145182e-01
3.241098883194474811e-01
2.792315227779662012e-01
3.371386052404625189e-01
2.746954885004766478e-01
4.430041835020639418e-01
1.057755172177841513e-01
2.482410837509482771e-01
3.937861779504375215e-01
3.339862477997639911e-01
4.253519515069917878e-01
4.468061979287605845e-01
3.435132769759329241e-01
3.231229766718005103e-01
3.593578804222649636e-01
1.398523746461502182e-01
3.116355805374624310e-01
2.158500018073463977e-01
3.926140785822111456e-01
3.714111935587934843e-01
1.560699090800621580e-01
3.807634755320524200e-01
3.200642463510359748e-01
4.076391296061939173e-01
5.033414579190335081e-01
4.194688081371825694e-01
3.121829978249648918e-01
2.171145881311952741e-01
4.134541896609712497e-01
3.799195086396468524e-01
3.274978077565348089e-01
9.066630650077681097e-02
3.245334286776724864e-01
4.210274968556615982e-01
4.017058924478835169e-01
3.773498415081456003e-01
1.392141692598820590e-01
2.271156448416895013e-01
4.290144553638092217e-01
2.119037609726765192e-01
3.828090698036230588e-01
2.952563702315916805e-01
3.021165907250379368e-01
3.900244243234436414e-01
4.047768499821730592e-01
2.962134681944659231e-01
5.364179116041264961e-02
1.133899031065296603e-01
5.025010786683184461e-02
4.203958048328086394e-01
2.747300921699143972e-01
5.369712849447079162e-01
3.197371412637124433e-01
2.738499371037322883e-01
1.226089974993065047e-04
4.188105470785248863e-01
3.331732855429020423e-01
4.836529835805599142e-01
4.005411042551972889e-01
3.388717587244095553e-01
3.095028291500183659e-01
3.920958903957999508e-01
3.154430382021054524e-01
2.014855290987070668e-01
3.804196021582789133e-01
3.754160827544230639e-01
4.030400132351550369e-01
3.465551386820948654e-01
4.159093167296937232e-01
4.001417428572708324e-01
4.413712012056981160e-01
3.033637819396903246e-01
1.758246610187223780e-01
2.422213569048205506e-01
4.815748240686171244e-01
2.373285064810182199e-01
2.832149450268248159e-01
4.829621686089021759e-01
2.592387645215389891e-01
2.269929555438064683e-01
5.056825596435646220e-02
2.405631098593798423e-01
2.922372487435069277e-01
4.275431132146133573e-01
5.037312755703252654e-01
9.627230680807896679e-02
5.263343934221150766e-01
1.969728783344468770e-01
3.809953499916730602e-01
3.239870984859508085e-01
1.530826055577307609e-01
1.104106289898133947e-01
3.720576499683254934e-02
5.435813082488475390e-01
3.963557053361910776e-01
2.194256087044180736e-01
3.375409009671530569e-01
1.846327459300974860e-01
4.061890803439673903e-01
2.153737140525581739e-01
5.385278566349180340e-02
2.326591956715380605e-01
1.520429327536679531e-01
1.905083324075263762e-01
3.953459565031828826e-01
2.948353622671372465e-01
4.098036011207710771e-01
1.409510230446369139e-01
3.015761345018466710e-01
4.555565035593502343e-01
3.659412273710107022e-01
3.966683176733378224e-01
3.147872575889772429e-01
3.757568637971144265e-01
3.904382306517801826e-01
2.784928993099353156e-01
3.911299127690380240e-01
1.101123837073936934e-01
2.277908677479352217e-01
3.651402704066132876e-01
4.912825258043226895e-01
3.905899347020214685e-01
1.590579228659651512e-01
1.909223546042478625e-01
5.043447243833039106e-01
5.769367169688360830e-01
1.343891913966409335e-01
3.091025013986287151e-01
1.130813306372130123e-01
4.250689360785908089e-01
1.381076738399554527e-01
3.426787036698707434e-01
4.246126080402806147e-01
4.948938757882838657e-01
2.662753017850401083e-01
4.143338794335623132e-01
4.377595079152296620e-01
3.584200521449338317e-01
3.965153304973914605e-01
1.317744511009136255e-01
2.033532193159063306e-01
4.433841041420845119e-01
3.175850924324398195e-01
3.044116273389689820e-01
2.153558615488491701e-01
2.253787713585101160e-01
3.750648897406995697e-01
1.377333295526558983e-02
1.930169147142761499e-01
4.307195219440945189e-01
4.310197309955427492e-01
3.881280778465405756e-01
2.068421725635245789e-01
4.392081679432156133e-02
1.533889625922336686e-01
3.952165626665484210e-01
3.192889371502612983e-01
3.546749509166603476e-01
3.298513108918355030e-01
3.859395492342720391e-01
1.848161883640422054e-01
1.514880903945216295e-01
2.366182376814098820e-01
4.854969530773767250e-01
2.214146813032019934e-01
1.200885744452123427e-01
4.577348442662754202e-02
1.620106355814425192e-01
1.473551754639992883e-01
3.937862705610398750e-01
3.901750372116680188e-01
3.941330743010718063e-01
1.668505425061459768e-01
5.381846617753992534e-01
1.358206495783431667e-01
4.471028985652912291e-01
3.783652992536911674e-01
2.251824918741653914e-01
3.895310042451550769e-01
1.385179149764778628e-01
4.994131825869074226e-01
4.023401761568685675e-01
1.063340268655024456e-01
1.904773540209891980e-01
3.718699164027212123e-01
4.050644167735659718e-01
2.392344125960706447e-01
3.461159168012630238e-01
3.643442301440760756e-01
2.330865332719223026e-01
3.504280803825641222e-01
2.715422313427968137e-01
3.034680390073640766e-02
3.733783393060156053e-01
3.233299897488207675e-01
1.388750781376637822e-01
4.024085568050441708e-01
2.372292726438486599e-01
3.123946503114368722e-01
3.766999792187152862e-01
4.045556096635982146e-01
4.250588969565161634e-01
3.349909896023808842e-01
4.292816757054372934e-01
4.082169798496342872e-01
4.090354894483859693e-01
3.637407544805655868e-01
3.601717571336209706e-02
1.852121556165846894e-01
3.929713294579192384e-01
1.793985463782604428e-01
1.502553238050313433e-01
4.728751264394298603e-01
5.575932367086031682e-01
3.043665477175184209e-01
3.567743863037682872e-01
1.891661372370891103e-01
4.858567570099736610e-01
1.218156801082884572e-01
1.923860631834678481e-01
3.143581081899531338e-01
3.291249274947267711e-01
4.855662025723328501e-01
4.360379559838428731e-01
3.886939656382184527e-01
9.770919941582048573e-02
4.204306213572598927e-01
3.037069496970191684e-01
3.367400341030796218e-01
2.006179897635015363e-01
5.300643232122085324e-01
2.994867480289738482e-01
3.521265775019725708e-01
1.903763793939027560e-01
1.414826373359148182e-01
3.248781121660098137e-01
4.243884892207041015e-01
2.915905274970078120e-01
4.213946576467167970e-01
2.432269464502449796e-01
2.203715715701049238e-01
3.956217485535503675e-01
4.636860700305082128e-01
3.955465352179470262e-01
4.407396137846948947e-01
2.829203780854633310e-01
7.441879336240482534e-02
5.819876773985347418e-01
4.408028823442151634e-01
3.920045524423286243e-01
2.532939663900453109e-01
3.655108729968503112e-01
1.907846128470837288e-01
7.259210066754070469e-03
1.874234494252380590e-01
3.959059428169982575e-01
4.607235618351862017e-01
3.404255708639909450e-01
2.982929530089405423e-01
3.923493196411902417e-01
3.074587040344555766e-01
1.726577399539737934e-01
2.156847219224288237e-01
4.805116626100766064e-01
4.143370232149790611e-01
3.642787642403436110e-01
2.923733011040370866e-01
1.532275396982510363e-01
4.121816608161852913e-01
3.942218204646805724e-01
2.146301504706902008e-01
1.815850630334903959e-01
4.111563995413072270e-01
4.126608615156922011e-01
2.870008976548524271e-01
3.643610338233772561e-01
1.639247325067889616e-01
3.243748725216513695e-01
3.499056158434982744e-01
1.606028038913242806e-01
4.152686199854460636e-01
3.048206543876295083e-01
1.877797800038309706e-01
4.511203336345830928e-01
5.974699521115728329e-01
4.150407945011946320e-01
3.699733659501364680e-01
4.829778149046266011e-01
2.065216251117993618e-01
2.003281180541675033e-01
4.003301853509163566e-01
4.703692403791696619e-01
1.609455390509199335e-01
4.072443197372281332e-01
4.216074279332015506e-01
1.513329645650875743e-01
3.227165705612768387e-01
2.039957022995952940e-01
3.776801898337021623e-01
4.029272319439776706e-01
4.087750657789513409e-01
4.024954760253580677e-01
4.231377117517568509e-01
3.474269356414108612e-01
3.878884372078557075e-01
4.184698705961910625e-01
8.844822163693726036e-02
3.854112353730457796e-01
2.098300826189141433e-01
4.282585940161074967e-01
3.759053875527982314e-01
5.368880616840798758e-01
4.410156189390291304e-01
4.728303915352215503e-01
1.200270425004557745e-01
5.538640515998656255e-01
2.993668821096976962e-01
6.940733813860301693e-02
2.404570950911222027e-01
5.415262701853649219e-01
1.632774750980120204e-01
3.070225869323674472e-01
1.069348642056420634e-01
1.259686766023364879e-01
3.330879227989422264e-01
1.815538347964520405e-01
3.618531523199762234e-01
3.239563348371360396e-01
3.767241167490467668e-01
1.867882141340149738e-01
3.062403806067700573e-01
2.355386818641742042e-01
1.628794694371500373e-01
3.758957850117085053e-01
3.829074056872300291e-01
2.767043187694445683e-01
4.446822691949139927e-01
1.061501880980120077e-01
3.688495359581410171e-01
5.017920421768366085e-02
3.399220730966228676e-01
3.136311625942077019e-01
1.891067652935599086e-01
2.177387774504881413e-01
-4.147635455013074651e-02
3.601991128538597486e-01
4.204306213572598927e-01
3.831343052314263309e-01
4.467604287068567270e-01
2.356753781007473458e-01
5.301859384428633248e-01
3.414162244861795870e-01
1.803858186346643244e-01
4.242546108027823171e-01
3.689051743915384707e-01
3.225858413602507024e-01
4.424962186631192229e-01
2.033117364047864195e-01
4.637818054938738777e-01
-6.152325543039209588e-02
3.635446336883468299e-01
3.792276299323199540e-01
3.428103414257179793e-01
-6.858827198156133495e-03
1.075577757309782306e-01
1.966839224670025033e-01
1.857204052580271048e-01
5.165670945309693701e-02
4.444240716652820833e-01
2.854953724427047312e-01
4.191552505453590705e-01
7.380729059609657250e-02
1.438323720868851241e-01
2.625179501076065902e-01
2.803951885235126396e-01
3.739663762178129236e-01
4.950448995115797612e-01
4.282788136656927036e-01
2.351910591717387422e-01
2.852686678703814649e-01
3.964379284479546683e-01
1.418539027018944076e-01
4.039151693204336979e-01
3.969405979064268841e-01
1.089811228504051627e-01
3.928361283514745228e-01
1.368160005538482937e-01
3.800054722737249424e-01
4.099550563007645088e-01
2.497503918074599205e-01
1.469435920650060956e-01
5.730122498328115155e-01
4.221033504063961828e-01
2.554280021272145595e-01
2.068977391739145189e-01
2.995909296664114874e-01
2.141767904528148747e-01
4.356700175458745883e-01
2.326952215278071945e-01
2.635357466857846664e-01
4.162183644507307378e-01
3.680444783813248133e-01
3.217124818459725089e-01
4.245811947894985172e-01
2.205066201512026758e-01
1.570864063713211523e-01
2.582413377117451225e-01
4.052907497002056769e-01
4.274794783619040306e-01
4.828800932923740796e-01
4.216642924197755993e-01
2.260663269670264985e-01
4.066581606174232699e-01
4.208191651563545355e-01
4.224455526401060257e-01
2.520541979649655318e-01
4.149388971133933235e-01
4.557434710050946580e-01
3.173455230773638003e-01
2.378616865480907283e-01
1.558607435793285256e-01
2.561587990294627581e-01
1.349708978426643891e-01
1.977769654915637887e-01
1.874995794118290426e-01
1.104035516902753949e-01
3.600474952733744849e-01
3.820997890993935164e-01
1.983468195231533615e-01
3.043242755001757116e-01
3.554098330584652965e-01
2.669195275917640164e-01
2.856365304605983368e-01
1.348404473447817609e-01
2.934763972413259939e-02
3.210111982664223262e-01
1.784986338286092544e-01
4.378040297984555629e-01
3.556259276174602024e-01
3.600235527149160397e-01
3.619654061207466800e-01
5.750128346877431129e-01
1.368157080130542880e-01
3.973526368950215937e-01
4.301505102042740281e-01
6.566009184629610640e-02
2.885306745216424940e-01
2.514380519096843791e-01
3.311810285055266090e-01
2.963231312634250214e-01
4.068896567303691980e-01
3.916461289346583330e-01
2.508408687310202945e-01
4.873239172842664946e-01
5.693238483670567396e-01
4.005362368045848886e-01
5.711017082085746432e-01
1.872136801869836165e-01
4.103145687506187245e-01
1.030240401216664242e-01
3.441255981967382693e-01
4.152722802618353248e-01
3.998760344086221830e-01
2.169743870739668234e-01
3.211122844816086119e-01
1.733251331150966468e-01
3.130289576709789912e-01
2.992178344734288120e-01
4.035493922944277667e-01
3.129237164263465321e-01
1.987719979521543612e-01
8.199316518484678351e-02
1.493871893367510750e-01
4.248151917413928724e-01
4.403976260656868313e-01
2.581932127491350926e-01
2.208297482521333066e-01
2.245213115899064027e-01
4.470068526157527922e-01
4.024160637408092378e-01
2.755478921689696881e-01
4.986037041997302965e-02
3.962624050503587569e-01
4.591357854625440771e-01
4.040480434610166371e-01
7.429616429045790560e-02
3.223831353816092316e-01
4.426063294329742881e-01
3.329375252552637110e-01
4.545045522573965546e-01
3.554235929525646487e-01
3.399223446008687310e-01
4.105039070609782237e-01
2.786695364153751742e-01
5.204727635740773461e-01
4.295864344601892371e-01
3.757914229869079858e-01
1.670356292761896733e-01
1.716138220408869874e-01
4.283397767523136057e-01
3.006468217943010779e-01
5.651881962787302927e-01
3.035477263463356445e-01
3.570150948688350923e-01
4.129447071201383102e-01
4.190586859017612076e-01
4.514593552417978106e-01
1.829923675236471425e-01
3.699359339645194589e-01
4.060474978193206463e-01
5.106868400896716897e-01
1.673895348272799177e-01
9.475677664268776501e-02
2.989321320513000368e-01
2.264332924127787916e-01
4.180829924186967861e-01
3.227807790022332313e-01
1.631616975717001816e-01
3.995997256143289933e-01
4.669944584323549308e-01
3.514296671178843701e-01
5.435767689185951879e-01
4.003595736161074115e-01
1.084720182413249079e-01
4.413339682166980693e-01
3.696870443398268535e-01
6.276133362899374846e-02
4.539898247698667677e-01
3.095666369422396813e-01
1.529184316890396245e-01
3.999156554815025411e-01
2.741608768693343245e-01
3.487172598914446975e-01
3.968902987107630342e-01
4.127729130419614534e-01
3.222499746336177084e-01
1.815959144899618460e-01
2.867450270910822940e-01
2.482252697229836158e-01
4.027916593993104422e-01
1.884191715692663527e-01
3.730627114191127358e-01
1.174825087174015265e-01
3.607648304445111864e-01
3.679488481421919754e-01
3.370649785667926834e-01
3.573314518567707321e-01
-4.848881034445634564e-02
3.156353673121205516e-01
3.742364888151088476e-01
4.228912447324594814e-01
4.027010242408137763e-01
3.722629818148964209e-01
3.645553850560211973e-01
2.429157013849957969e-01
1.960021155776080493e-01
4.236752070911726786e-01
4.836529835805599142e-01
1.285352723978115397e-01
4.543150578533604045e-01
3.814689988681321253e-01
4.464789234287625530e-01
3.693862623640067899e-01
1.175276350331426883e-01
4.156487416137095159e-01
4.083440547076565563e-01
1.789686407423012049e-01
2.880522300175785144e-01
4.086581531918692667e-01
3.932333469466927633e-01
1.739237892929841600e-01
2.869929018579236435e-01
1.818661999437853061e-01
5.442091546081376796e-01
1.255252869954436579e-01
4.515096214719044876e-01
3.139822412969053844e-01
4.513246668960271268e-01
2.587374857365681846e-01
4.079932210994159925e-01
4.340288697909521765e-01
-1.490484746966515110e-02
4.545616955715907070e-01
4.110523237297393218e-01
2.902689997807822442e-01
4.289586570609444371e-01
2.068904462549447654e-01
3.061412322435435596e-01
3.239052861470204103e-01
2.409634790148038885e-01
3.567107286303460301e-01
4.667656903904201515e-01
2.677785918120842990e-01
1.233312939427117921e-01
2.663765869346050308e-01
3.883419122421243319e-01
5.784152580986486880e-01
4.944671870637533662e-01
4.345659287153518791e-01
2.577521990481602687e-01
4.753095990202548249e-01
4.546712527524417458e-01
3.154998296209058917e-01
3.175175894273923327e-01
4.392577350218819787e-01
2.220362600937150210e-01
1.881963878028899140e-01
3.253132171694783081e-01
3.093212185969408945e-01
4.762408460114305742e-01
3.844445885185034384e-01
3.434048781744715173e-01
3.824091275978057647e-01
4.367760368427445195e-01
2.660695004048933554e-01
3.397854085082293585e-01
3.115456335686840883e-01
3.496445404974860560e-01
3.887809606855376909e-01
4.309049970811804631e-01
4.119823557046650708e-01
3.886305129362907507e-01
3.339029324471861626e-01
2.785435160402603416e-01
4.179990769643525672e-01
3.963180733996363170e-01
4.268878090564794392e-01
1.907732618815113634e-01
1.812092372851507871e-01
4.391077533960701662e-01
4.412309324487500573e-01
5.405071803132982522e-02
3.379160243613726911e-01
-6.463917956136472354e-02
4.049259069126959210e-01
1.826620962906081724e-01
1.427295012600511559e-01
4.028048865334927786e-01
4.007261070450173213e-01
3.772312923025147868e-01
3.724261405767830824e-01
2.080448883662210369e-01
3.961551027219166188e-01
1.796323186083704782e-01
4.480144408666427158e-01
4.381375697044495032e-01
1.687123828202939657e-01
1.658367545729134973e-01
1.796047371627546296e-01
1.846519359920985037e-01
3.265860684916844781e-01
3.739420908300076229e-01
3.728686359436657050e-01
3.685142834198780193e-01
3.903532205293276935e-01
3.277303812145933026e-01
1.288820669058277635e-01
2.946777235037769116e-01
1.748870149077324243e-01
4.388366832416586427e-01
2.887595344895583227e-01
2.228272605262725803e-01
3.230774892649555530e-01
3.188029644249308348e-01
4.196350169495940974e-01
3.210156609190791266e-01
1.353456912078825070e-01
3.073869645922549521e-01
2.544197489222412845e-01
2.579847951402167716e-01
3.480694824401117105e-01
2.413579142091551444e-01
3.481036934688099826e-01
2.739093338596003124e-01
1.894569944692851837e-01
4.357713954512646426e-01
1.844475002449072198e-01
1.977601136813044169e-01
3.574347849786085329e-01
1.874143809977485975e-01
3.954372678186583445e-01
4.165306591857914631e-01
4.168227062225361990e-01
7.978951868786903281e-03
2.336612219752820518e-01
3.415332690184747499e-01
4.195821215244016633e-01
4.274848888625003562e-01
4.114268514618586448e-01
-1.602163036844815938e-02
3.617501052039100995e-01
3.763825590345091232e-01
5.241227361209965796e-01
2.475469933845983184e-01
2.256047968849597962e-01
4.186324943368355256e-01
8.182620368827023261e-02
3.941286772683378348e-01
2.886030160987275162e-01
1.424971514086739721e-01
4.718738481571643772e-01
3.625786562482998243e-01
3.496021628484494714e-01
3.023557550332051647e-01
2.381554636438307504e-01
3.540060286847850346e-01
4.448315815514530813e-01
2.083883091430182855e-01
3.755226919348283454e-01
4.988163661734061893e-01
2.156715517155522732e-01
4.218071065990466884e-01
1.763374412511213574e-01
3.044570378192651416e-01
3.977358038851905864e-01
2.919818423115461137e-01
3.524069502918133479e-01
4.224825176309515706e-01
4.229172340391706975e-01
3.676945992597767110e-01
1.264553052364494334e-01
2.699204177937968852e-01
3.186080511388728609e-01
3.024233710215278870e-01
4.730985925036314543e-01
1.512203218578761499e-01
4.118366286481001115e-01
4.128825296396505529e-01
4.291608465861055932e-01
2.036949087889421417e-01
3.805759142498646441e-01
3.661841773450117965e-01
4.226279877262886786e-01
4.323601240765162501e-01
4.472159644929974975e-01
1.442158110014085948e-01
4.298209560395283013e-01
4.280235736174754502e-01
4.231757641703208783e-01
1.308934334273413602e-01
3.934446522056440632e-01
4.095120168880850287e-01
4.278955495007786825e-01
2.582313366795150333e-01
2.339877320228883062e-01
2.951195093124553970e-01
3.832546073375114881e-01
3.977384193048641436e-01
5.753904374072026373e-01
9.100528791760408021e-02
1.640937722493887030e-01
1.139187189404565342e-01
3.803559083866379642e-01
4.286375268926869708e-01
2.297256882871933081e-01
3.534005221437903077e-01
1.372293587456206720e-01
1.526747643407402322e-01
4.370124323760470886e-01
2.376954055392418996e-01
2.390432026656841569e-01
5.040853380604958245e-01
4.467604287068567270e-01
2.047538985589160976e-01
4.242698533793484716e-01
3.420714066572297374e-01
7.731430813919963618e-02
2.127435419083833490e-01
3.870872818069860943e-01
3.130002843994709183e-01
3.249246838264194803e-01
3.701177057977991791e-01
5.710456997476897056e-01
3.670334787242934271e-01
7.319022084133941508e-02
3.189550184204322791e-01
4.186555273861521376e-01
1.223972481778069915e-01
3.965559950992369465e-01
1.171526503888578041e-01
2.840401550773457018e-01
5.769949688302812296e-01
2.711394459458446038e-01
2.179082920298861803e-01
3.463907649247043308e-01
4.364528717307666894e-01
1.264358748515949094e-01
4.051764347741332872e-01
3.908423605829014491e-01
3.052435498117602730e-01
2.355457044614259476e-01
4.138257362611188483e-01
4.168058174012296280e-01
3.008231499124740527e-01
3.679843820668741716e-01
2.942451857682775729e-01
4.069426612178234648e-01
3.856053531705423421e-01
2.837425919423419152e-01
4.069312070248306545e-01
4.501475170965626993e-01
1.217332740158991455e-01
4.411213424060724253e-01
8.521040776287916452e-02
2.380529098571201874e-02
4.221510199713061628e-01
7.263528139043250176e-02
4.247354282875638321e-01
4.385231960206154578e-01
2.277062706181489371e-01
1.687603335363875579e-01
4.113544985159093836e-01
3.888003458438883952e-01
3.753528268085332131e-01
4.343216570486407857e-01
4.594053886600345527e-01
3.907862025426160901e-01
3.185149307632431093e-01
3.395355170023727776e-01
2.865683420777048185e-01
3.335249683928560582e-01
9.835041296104563013e-02
4.014185268936867335e-01
3.966514138940911982e-01
1.143230005670806543e-01
2.536689091531353912e-01
2.278304143008147153e-01
4.078741201304381114e-01
4.011961192541519949e-01
2.058714737876664036e-01
2.333719153586660544e-01
2.116543126554386034e-01
4.330959246067949131e-01
5.617635110133831766e-01
3.874844554868920321e-01
2.580903152954537316e-01
3.668684576055146751e-01
3.668659663097735280e-01
5.858290487665121504e-02
7.464082950147873929e-02
3.427304095135351170e-01
3.198852475248257776e-01
3.443912114622678100e-01
3.583837438304766088e-01
4.073411989747271478e-01
4.301308247253408101e-01
4.397943547097955541e-01
3.915885286875525062e-01
4.428065520616319417e-01
3.482883168331579737e-01
4.446822691949139927e-01
1.643373992102126757e-01
3.799263747697921301e-01
3.372518076152861699e-01
3.132871751168694319e-01
3.100176111583060057e-01
4.189365139286947981e-01
2.210416031220235333e-01
4.519717334406593845e-01
5.837912643990104122e-01
1.982390205589455168e-01
4.326571433731841720e-01
1.996321899565493274e-01
3.527470810686620939e-01
4.387885886305968319e-01
9.982159548972741048e-02
4.794585418918066444e-01
3.066161620881130423e-01
1.953198269637091977e-01
2.397268411766195761e-01
3.519813984952022690e-01
4.544066441376808929e-01
3.130704859745715440e-01
3.804770895258400842e-01
3.291416333354076351e-01
4.030318908869998662e-01
4.243126929196152641e-01
4.164398388890743763e-01
2.423632573997966944e-01
7.529970754923034915e-02
4.339537356224766884e-01
-8.633933626001921713e-02
4.123558571478305734e-01
3.798671786702292885e-01
3.585905949011810590e-01
2.766550439540931272e-01
1.797951287942397836e-01
4.089688380293615144e-01
3.566092377001884861e-01
2.394647368239140872e-01
3.940736734582215295e-01
4.201541433577531959e-01
3.234711761888750536e-01
3.197040863323324933e-01
2.664161586525071179e-01
3.164104391359883195e-01
4.487448121833404469e-01
2.274239217205350494e-01
1.282667099700545155e-01
3.857715321915503592e-01
1.850388895609299811e-01
4.175253744177258586e-01
4.003091951910773827e-01
3.871881167453766204e-01
3.424305108237830630e-01
2.731647244511363204e-01
4.373795141659432284e-01
4.645457893556995677e-01
3.002632578067110369e-01
2.366990776090151516e-01
4.066124743669638497e-02
1.338997731015244830e-01
4.905835608921932378e-01
3.822762187282469637e-01
3.065688641896327504e-01
3.959381109354727091e-01
3.499782388622122986e-01
3.669248131694436976e-01
3.475602979170439033e-01
3.235004942077624457e-01
3.043040599583188843e-01
4.016799883661621440e-01
3.942449914548339929e-01
3.790797438288483479e-01
3.273187410075844572e-01
2.128194450674606164e-01
4.452854713418066823e-01
-2.746497919962559778e-03
3.386781025691899538e-01
4.042389671885434632e-01
3.498330256451186449e-01
4.350201966656652153e-01
1.960325961665977668e-01
4.517108120307291030e-01
4.180769753850422377e-01
4.444245053418126590e-01
1.902384521665805850e-01
4.143741813935328255e-01
4.077561005313167231e-01
4.414172428317100078e-02
3.289896263920671360e-01
4.107887930409819255e-01
4.118980228387348341e-01
3.304677976603610512e-01
3.597183690592349881e-01
1.089854261729933105e-01
3.876058300627555631e-01
4.381432992801051474e-01
1.157262019189806146e-01
2.245255479440750601e-01
4.742769069063163534e-01
4.024085568050441708e-01
3.139874204784567913e-01
4.150379593802936418e-01
4.566759660818080491e-01
4.205848222502316103e-02
4.532841980352112499e-01
4.482558855449250146e-01
3.182559588230901015e-01
3.248312920087821354e-01
3.526844679407639682e-01
3.869173699812138434e-01
9.930363945220524458e-02
3.982627867594528692e-01
4.173122159094215244e-01
1.565449576545773214e-01
3.211420941416374131e-01
1.562994292719498968e-01
3.872470189141565822e-01
3.419883998406910153e-01
4.128463976463200846e-01
1.945232683183041600e-01
3.831249070809403245e-01
3.061470098256808825e-01
1.446733711663168997e-01
5.199777273328972660e-01
3.848568759416777785e-01
1.882692950847029700e-01
3.384713837756362920e-01
2.014975430008042745e-01
2.710373311181409894e-01
4.254546948378762905e-01
4.143397152292637164e-01
3.941395414214241000e-01
1.882662227528638377e-01
3.621067413311033212e-01
7.663377655422955181e-02
5.079123644450060926e-01
5.544566212446546682e-01
4.091006478948766012e-01
4.828800932923740796e-01
4.436799853905434299e-01
2.233621420227186738e-01
4.051841270140875695e-01
2.583490074951581006e-01
3.821447776947252406e-02
3.963859196282066844e-01
9.173852305224934611e-02
6.410329915563384162e-02
3.548121231518135410e-01
6.212457073402700702e-01
4.664438221588134703e-01
4.193000590889736645e-01
4.432394821552050612e-02
3.611536574693997026e-01
2.256853906808027888e-01
1.403651270632120251e-01
4.153628612315118374e-01
2.810006883635162156e-01
3.308020450084566133e-01
3.918842564148515839e-01
3.912910108205447934e-01
3.648575841981158141e-01
2.963123663596939905e-01
2.167071809797247728e-01
2.927063495348583566e-01
1.222245619757223734e-01
4.029776977930843995e-01
3.685408836785672992e-01
7.071567494852810942e-02
1.600388953867597497e-01
3.989169097174842249e-01
1.790600796048160137e-01
1.609588270126753318e-01
3.285306351350628096e-01
2.569470935893390928e-01
5.163290694457591812e-01
3.733987974942894472e-01
4.098647012976385229e-01
1.827642928372102404e-01
4.087898155111020504e-01
4.030505122568340259e-01
3.249160365188819011e-01
3.853361006236794561e-01
1.131789295414546564e-01
1.557637822443146691e-01
3.848163323311031836e-01
4.358373729538893571e-01
-6.781213248026490316e-03
1.053704973047902421e-01
2.936267981380933367e-01
2.697151124529653665e-01
3.022285777724200706e-01
5.067522001851789692e-01
3.243957528101304999e-01
4.507731799700371855e-01
2.622441171791407011e-01
4.042880670727571069e-01
3.830736375485616074e-01
4.078728843265932436e-01
2.008406720140110124e-01
4.376536382296546401e-01
5.417399581964481570e-01
2.096586873897479386e-01
1.568755330254817115e-01
4.066203511564678297e-01
2.422898468175324616e-01
4.092814417153834983e-01
3.994547204806452867e-01
4.985904232734970076e-01
1.658538623330282347e-01
4.419185471680995292e-01
2.109503608781296280e-01
5.426549378780616273e-01
3.107208055368980704e-01
1.837089889717996860e-01
1.886154677905294563e-01
3.551319149474944648e-01
4.313258191605548464e-01
3.289310824669883226e-01
2.812241028166008738e-01
1.462561258618192417e-01
2.195183656083287693e-01
1.379560812377778056e-01
3.684288951997041206e-01
4.500433420356395597e-01
8.562059870939262018e-02
2.448824538276031804e-01
2.821027130268396674e-02
1.737758731750884966e-01
2.894900945542983051e-01
2.951398343366826715e-01
3.839567339971826643e-01
3.837612894449271006e-01
3.075712690682585460e-01
2.869467532312938718e-01
3.749639124840445925e-01
1.132508876475775694e-01
3.170691214235149546e-01
4.520206931642032355e-01
4.312902724147811839e-01
6.102668440809480566e-02
8.664393159253373777e-02
2.780456166294484333e-01
3.598435916222249009e-01
2.904660875073550308e-01
3.656152394613168544e-01
3.663489736175296052e-01
2.928498716126453627e-01
2.001292804353252686e-01
1.268764194209496265e-01
4.233424258286617725e-01
3.731464111554811947e-01
4.350642806401555651e-01
3.070164255058382419e-01
4.333123022256148427e-01
4.384563333232812665e-01
3.676860291277411208e-01
5.153195879262841839e-01
4.461955995473067538e-01
3.551960208612114367e-01
3.978156807787091576e-01
-5.215549837380765302e-02
2.094804028259206197e-01
3.972682952742360163e-01
3.056572864124456612e-01
1.925168112375147955e-01
1.104690304565915382e-01
3.319888235720845349e-01
3.108644312622141359e-01
3.149197128242546828e-01
5.524764406874019262e-02
2.699206818501919125e-01
3.978404147802389601e-01
2.463686891060115347e-01
2.297306732618841982e-02
3.876016167782530553e-01
4.366089052436855078e-01
3.237689376981127132e-01
2.032037744332632345e-01
4.828800932923740796e-01
1.091035303332292816e-01
1.198245056855356400e-01
4.165014465156135492e-01
3.031421365534605061e-01
5.150752174666320959e-01
3.274776332504691356e-01
4.219457279079803502e-01
3.358838753900001972e-01
2.370347798397999528e-01
4.077270699367157442e-02
4.293489265208605410e-01
1.453002790549058620e-01
4.710399558211768034e-01
1.915235772565661576e-01
3.721076347075311097e-01
1.356864392227783989e-01
4.689640314113531216e-01
3.954809955410734101e-01
4.059012934027125818e-02
3.749665994362801902e-01
5.005610111725846689e-01
2.823128110622958320e-01
1.762474819176657881e-01
4.261831287590284734e-01
2.146242935969484567e-01
1.398680341363959800e-01
2.992755254847339619e-01
5.705863597486992012e-01
-1.211132731765497510e-02
2.564104118290862488e-01
3.098304482012898542e-01
1.465426210755161329e-01
3.827274329767214045e-01
2.887434028180154155e-01
1.988146703618179079e-01
4.432717527931392398e-01
3.921785165628465242e-01
3.676492925929783495e-01
4.858417671624304379e-01
4.139371531226146983e-01
3.875786348473334586e-01
2.004145751965362710e-01
3.938008051975979695e-01
4.633149201788284155e-01
4.246608062158870878e-01
4.006462652539045100e-01
3.489028336347567705e-01
1.319452643189150398e-01
4.032991006896077812e-01
2.254419276141900463e-01
3.567179510125665920e-01
3.898017018825467583e-01
4.639631745623160608e-01
3.952770364563374383e-01
2.113475153056522393e-01
1.733655920815723173e-01
3.852770198724475570e-01
2.410322828004898832e-01
4.787147596797287907e-02
8.860094888496307386e-02
4.327891283358059060e-01
3.477286077080206095e-01
3.192227476224670513e-01
1.301219373187483264e-01
1.070722713696620754e-01
3.019141279322122284e-01
2.654094887071065112e-01
2.472871289471077205e-01
9.721880201876077765e-02
4.245664999930277017e-01
5.821295862178845759e-01
9.881610761576570257e-02
7.173798103962240880e-02
3.982787270689446268e-01
4.190174819842302778e-01
2.472686551235558639e-01
4.010113578244906551e-01
3.821398228537485342e-01
4.184931773488404505e-01
4.328250399432875262e-01
2.412197865174292299e-01
4.097199471088129319e-01
2.211791049868157832e-01
3.831972649022237221e-01
4.090414531230643358e-01
3.694267828219308658e-01
4.397590739705505292e-01
-4.425036982321815804e-02
1.614684974302141862e-01
3.910104969572057998e-01
3.660222545114465986e-01
9.589091966755165786e-02
1.954777601557588507e-01
5.776200283733771979e-02
1.216226973715621162e-01
4.536269999972575295e-01
-7.760722039734346822e-02
4.327342015352227955e-01
6.000132006657858674e-02
3.959371781906959042e-01
3.958546026441398524e-01
4.070498903332692153e-01
5.530977764969670085e-01
3.013937307007868438e-01
1.783385655877072484e-01
4.000680824089458132e-01
2.390468489073349356e-01
3.895967523788685383e-01
3.357028187578645073e-01
4.001512786788942733e-01
4.253711132713087761e-01
1.750396211722671583e-02
4.994074978643257556e-01
2.377239646242007565e-01
4.565636178862703676e-01
3.065541323821147079e-01
7.821931274714397087e-02
3.901984070324696074e-01
2.319316735001067387e-01
2.200630221963870981e-01
3.689190459411624268e-01
1.044031969065210286e-01
2.244969061236586905e-01
4.599572470242470068e-01
3.569942128376833446e-01
2.968390819411692583e-01
4.190012048410153289e-01
3.174293195735551909e-01
4.326231161964478877e-01
2.942339367542403661e-01
2.421770329134816657e-01
4.575029376839080397e-01
5.332682990724947336e-01
2.477310266675475658e-01
9.166517837516681422e-02
1.087103519377788097e-01
1.312176514455227760e-01
3.307455643870205741e-01
3.318432928981275842e-01
4.301254182909806101e-01
4.104134066691645932e-01
3.770761420756639781e-01
2.529315712484766498e-01
2.928475591690554714e-01
1.194387809498585334e-01
1.801156827187490317e-01
1.092228614179781565e-01
6.672428683418031581e-02
3.200219767891943623e-01
2.157885318778772765e-01
3.971003493491543357e-01
3.420534840991184544e-01
4.313038996582999052e-01
2.914634176195642912e-01
3.531170524587248782e-01
1.244394619808618374e-01
4.794603632336537635e-01
1.836313561997683641e-01
4.708337322578403650e-01
3.021634613990256679e-01
3.692555883061216515e-01
4.779462227044588563e-01
2.051922064701940662e-01
4.077316475150016273e-01
3.220789880559957186e-01
3.434504176125420249e-01
4.432655394183688813e-01
4.292653496844044403e-01
5.631838686609050848e-01
4.215441136700170399e-01
3.889852151947759129e-01
1.788032121752522186e-01
7.906180094033442296e-02
4.103551628157151021e-01
4.358148332261485014e-01
5.317003122827290706e-01
4.154768893634606663e-01
4.327200833974222949e-01
5.661355391751679011e-01
2.178993172658638122e-01
1.722152781957775602e-01
3.155197704428709393e-01
4.466263062317829546e-01
4.256189643046086046e-01
4.490890836333322755e-01
5.753967678729765556e-01
2.755283597392225725e-01
3.093586325334485854e-01
3.244095225793746651e-01
2.124165893619663625e-01
2.785982191408046815e-01
5.163682517800599614e-01
3.858310290343975463e-02
4.792920737116193597e-01
3.388587719960651223e-01
3.537522320674083565e-01
3.504344614688286175e-01
2.715135014759206267e-01
4.598905085545757498e-01
2.869601825984851584e-01
3.983555794296446129e-01
3.999378428574353328e-01
4.094460547375762816e-01
1.262121556019560886e-01
4.065471904402643832e-01
5.528410896985328504e-01
1.826744409115148293e-01
3.536313905833994298e-01
3.215165242011052693e-01
1.095386851740230011e-01
4.073024877429262114e-01
1.911708732211995776e-01
4.167287867485231501e-01
3.460683148686478083e-01
1.554821139018533194e-01
1.633842440856463074e-01
4.403934756003832773e-01
4.312625388172482421e-01
2.329413310761957179e-01
2.396222958392557056e-01
4.629637486788134026e-01
4.539898247698667677e-01
3.072719586549942372e-01
3.300988029345744423e-01
3.669356064953354091e-01
5.474443881026896941e-01
4.387950519544123185e-01
5.366436250858523938e-01
4.517108120307291030e-01
3.220390326389244717e-01
3.452178736984845564e-01
3.387957397139083615e-01
1.604277173495992082e-01
1.102109425234336082e-01
2.796203148664177518e-01
3.239672533657574904e-01
1.070064732222816006e-01
3.989961261795698100e-01
1.712484742102534374e-01
3.765282355950601567e-01
4.571978393569473553e-01
1.558852620444110271e-01
3.998884185871601216e-01
2.528001269292909359e-01
3.102861885440030831e-01
5.529971233774204631e-01
3.313663743529006722e-01
1.631512110806672133e-01
3.317943599785483921e-01
3.991161781498948624e-01
1.314243336222052083e-01
4.757243683074734858e-02
2.892509981273790887e-01
5.668153144817106304e-01
2.500499060719291733e-01
4.338323038703541523e-01
3.010532591899475752e-01
4.484207518355394773e-01
1.738648623118653758e-01
2.151890403789111783e-01
2.511488979584515779e-01
4.435219634051743021e-01
3.529770774250986509e-01
3.763070642987689784e-01
3.389144389760999077e-01
3.064917370882948577e-01
3.189919966887835301e-01
1.523820261838901569e-01
4.686008654898313752e-01
4.951730131269634905e-01
2.945868334379165288e-01
1.751108972217383652e-01
1.982576606573238642e-01
3.973124972525584608e-01
3.723767613670428966e-01
4.093532478770503524e-01
4.197784094472236660e-01
3.872603194895424261e-01
1.505202829822488431e-01
4.597180437963911959e-01
4.278723012521388758e-01
3.855903888407054003e-01
3.950850487026959512e-01
3.271458648126914226e-01
4.990021546777800160e-02
2.284477565763767815e-01
2.951199068700212091e-01
3.571354298989851683e-01
2.762901645782379900e-02
4.480914459601507138e-01
3.105417079177468787e-01
8.111468213006461925e-02
3.869991269695422509e-01
2.064691665995295466e-01
9.036339979210397666e-02
4.527324328624920402e-01
5.450065479937303836e-01
4.289993796688930661e-01
5.596597340893658679e-01
3.696062469002399098e-01
3.739103721965939542e-01
3.196005770553367875e-01
4.896732331065919985e-02
9.796453652986568394e-02
3.913712110213276030e-01
3.580313584967395046e-01
3.970751959444125401e-01
3.054053719644891363e-01
4.395881313954123626e-01
4.030840658415381639e-01
4.522844154639650838e-01
1.175918413994888334e-01
2.282564382579768125e-01
3.911409657116587946e-01
4.332345179499821897e-01
4.183685673767706947e-01
2.456310769508415759e-02
4.230622434050593239e-01
2.971156892303879471e-01
4.276097101958643010e-01
1.864336518131789466e-01
1.896027833647957461e-01
5.601950776845032731e-01
2.677802017303989035e-01
3.983250383035272790e-01
9.446187765995274488e-02
1.074743338271739734e-01
4.936167841494034647e-01
3.143196791051487415e-01
4.534211738462641805e-01
4.334123588117247960e-01
4.219023210032972759e-01
3.717636480600369220e-01
5.555888395083495856e-01
3.303849728286351040e-01
2.170485377682579153e-01
2.334474753149665405e-01
4.547213060445504107e-01
2.633085446478515834e-01
2.858077162422983375e-01
2.253608111825281812e-01
2.735044737486488908e-01
2.034205058146262013e-01
4.455914741988445393e-01
2.762322612227920970e-01
4.085873469093675436e-01
3.206336947340797106e-01
1.965070496028516744e-01
4.031236838439953285e-01
3.793631533502159758e-01
3.763071228857629569e-01
2.964528739872683838e-01
2.120345690503850633e-01
3.397669099034578699e-01
3.408663599054197468e-01
3.290508017943029051e-01
3.060435476423382650e-01
2.973064430888259779e-01
4.370950826085728269e-01
4.326587727720891952e-01
4.126012411998216112e-01
4.475223840147616872e-01
4.504182560601908691e-01
2.362885170499362253e-01
2.969863584826517577e-01
3.896002022067921455e-01
1.016591871366718108e-01
4.137563744052705772e-01
1.370438604973762964e-01
4.258360272086925136e-01
3.192767278198767600e-01
4.033458739398972925e-01
2.710683955024603131e-01
1.858575360839593293e-01
1.633254619953086739e-01
4.130860782419987220e-01
4.213248312441371657e-01
4.272267358954970340e-01
2.512335205644519176e-01
2.126342443027691709e-01
3.318558533355539519e-01
4.013506459776326474e-01
2.760115186032207069e-01
3.113826291992936035e-01
1.795889912027528734e-01
4.243607518473804241e-01
4.111414932175733727e-01
3.070231373679639386e-01
2.495487727171382397e-01
1.302259898946812045e-01
3.838767119224375524e-01
4.305483035287749893e-01
4.677685718485168898e-01
3.893921989597828315e-01
5.118397962898688786e-02
1.722945999235881709e-01
4.254849639825874497e-01
4.890518621686885115e-01
4.113039502217905596e-01
3.504190527574720937e-01
5.383045199771251399e-01
2.005782836108540579e-01
3.820644596482993816e-01
1.339731811683237683e-01
3.359934651007402406e-01
4.453271360717704908e-01
2.162480143766605800e-01
1.646620863652006606e-01
1.740114776750552039e-01
4.044555608157845983e-01
2.732183978811121294e-01
1.326590084485936849e-01
1.938410538924685289e-01
4.252991535884820262e-01
3.005857851212539456e-01
3.812250551558123424e-01
3.237661407915328748e-01
2.837860419159342062e-01
3.737884950878850310e-01
2.440846689215605270e-01
3.647642695974727123e-01
4.195050485911379079e-01
6.993956297212342021e-02
5.763262584161144009e-01
2.253207937346098644e-01
5.588590408701720191e-01
4.187365200050732206e-01
4.297910126501215400e-01
2.127689576009148820e-01
3.243988087940407050e-01
3.275890095325881268e-01
3.186347303779750728e-01
1.190152359030142992e-01
4.843827676165827767e-01
4.020414703680210144e-01
3.046901604474078762e-01
3.895344766448384233e-01
4.199394634340083421e-01
3.096284921942605295e-01
4.257674054908037187e-01
4.337939847398940563e-01
3.744503579604145926e-01
2.492966426756825782e-01
2.973651821102544224e-01
4.317020955401774662e-01
4.032100954279225768e-01
3.963876524256875200e-01
3.152809136749299412e-01
4.047821764610535222e-01
4.370355098427695650e-01
2.896242325474568946e-01
4.533120139117874370e-01
2.193685041439437100e-01
2.256412483682716519e-01
4.786866071276184020e-01
3.355933665522931042e-01
3.531247120028213060e-01
3.429003872289295152e-01
3.375250554258583668e-01
3.175099767694879449e-01
2.659884101392535061e-01
4.072203103763190613e-01
4.153883546233844148e-01
3.678714615486016748e-01
4.076371232920952270e-01
1.788907360044232620e-01
5.650422149579307218e-01
3.581591699866298328e-01
1.454680917070238777e-01
4.182799855845334980e-01
4.121652993608090343e-01
2.770064600299126933e-01
2.991245144373068099e-01
2.378996460448608019e-01
4.729098131762627388e-01
3.917508935790737223e-01
3.624812883778442685e-01
5.178734929158236300e-01
3.670337563901318045e-01
4.326571433731841720e-01
3.927495093895048139e-01
3.472175774456889297e-01
3.840333568230025474e-01
3.949590794459781340e-01
2.927998554145682664e-01
4.281239673277540403e-01
3.661407879500393481e-01
2.917750234180470081e-01
3.590356817052424709e-01
4.008239899789642902e-01
2.116566298498860077e-01
4.103920639085643640e-01
1.249005675146831612e-01
4.066060948496234562e-01
3.521226059718047252e-01
1.019804296658214371e-01
1.665064948651099330e-01
1.634412019296824503e-01
3.140350310414506962e-01
3.897415236624827140e-01
2.267113474480273450e-01
3.784019299833302208e-01
2.615000804201626505e-01
4.205138376264513367e-01
4.676235678766149095e-01
4.251486354684547164e-01
1.468948791111671648e-01
2.510343001385229034e-01
3.785691952702749385e-01
1.678013901091353344e-01
-2.565657828126224893e-02
2.703608465998986743e-01
8.643060721913843614e-02
4.062196793724573984e-01
3.840296888705552747e-01
4.137567896592619920e-01
3.862307964672659910e-01
3.264995771597384855e-01
5.378107429413937490e-01
1.427203797795905948e-01
5.546183150412461460e-01
4.237589113916837014e-01
3.099534671132523345e-01
1.558823661063100108e-01
3.887789181487437684e-01
3.304966197229175506e-01
4.908227550540021911e-01
3.760964442213510783e-01
3.053041562106376672e-01
5.048435074121214727e-01
9.493627190238915214e-02
4.519504290188569029e-01
4.299776121844809951e-01
3.312486346601966614e-01
2.083462821861015168e-01
5.904997976958305944e-02
3.161984737982878046e-01
3.906059355071486161e-01
2.428056329164440807e-01
3.019378490260244408e-01
4.406092255251203293e-01
4.198535217078147030e-01
3.472620138342256690e-01
3.978109593184213089e-01
2.991273273598779037e-01
4.338813693990217213e-01
4.373473425206312881e-01
1.464167476035544146e-01
4.283329034440167549e-01
2.280317339626363460e-01
3.770168738626482052e-01
3.289273192484375441e-01
3.765807351223749988e-01
2.964052145464565191e-01
2.037363359760302473e-01
4.020073238597021148e-01
4.203198908598253514e-01
1.669976092215458563e-01
3.707970016826549475e-01
5.375924148984758677e-01
4.037454549975589835e-01
4.861314047468091593e-01
1.927903820441597693e-01
3.795322919272489104e-01
2.043829512099446244e-01
3.386586181614840152e-01
3.244365476145164573e-01
1.977964915574439153e-01
4.105396851257968605e-01
6.061574344847700524e-02
4.130398101593096838e-01
2.753899455334455348e-01
3.379573983969457185e-01
1.484633243068178288e-01
1.360690162767714262e-01
3.402716063184009210e-01
3.922410154419571637e-01
2.432680522802024570e-01
3.300218626726373894e-01
3.772770406953315780e-01
3.988226697991690828e-01
3.949070925341146010e-01
3.857587959931420007e-01
4.024750566115501416e-01
2.508217659426867363e-01
3.744689513852484386e-01
3.658282748000095119e-01
3.935013917176955478e-01
2.074375083951018606e-01
1.292451687633844326e-01
3.966934767002734397e-01
4.323763337534052287e-01
8.098773249551823039e-02
4.475363883809350685e-01
2.866704820289387445e-01
4.347879699372209639e-01
4.302952107851702457e-01
4.542056604175001011e-01
4.806250290243341272e-01
1.606733297695021045e-01
1.116173792456071762e-01
4.169399525729182709e-01
5.755242430477962579e-01
3.989243750780595010e-01
4.551716006182927599e-01
1.306067449429518523e-01
3.138509065793801400e-01
1.659230045861930514e-01
3.893566220076836171e-01
2.645442363392767615e-01
3.666821880379185217e-01
3.913592790248437980e-01
3.618152110175382186e-01
4.530251266797341581e-01
5.780902311069391342e-01
1.717037368532061958e-01
1.564784721213899887e-01
1.621629970341857407e-01
3.887665362522771395e-01
3.924105392326247554e-01
3.498538015392090861e-01
3.876146102283347661e-01
5.420653861273382335e-01
4.443680347822364096e-01
1.767762890460093314e-02
4.324477661532860617e-01
4.226666402051267868e-01
4.092923491863321717e-01
4.261029310477780219e-01
5.087278958162404496e-01
4.340146010364461793e-01
2.741908041182731792e-01
3.339623058014503654e-01
3.453132934061673431e-01
2.195874770431580358e-01
2.482422366948590087e-01
4.202968567939496802e-01
4.326265962306969914e-01
4.020120457556580762e-01
2.098534776669765678e-01
3.472265589107024764e-01
-5.758831084863526295e-02
2.176786163252127093e-01
4.068412306795708977e-01
4.375598187103643122e-01
3.465365446141318584e-01
4.196365732807254556e-01
2.999091522061391180e-01
4.768565092634100000e-01
2.332550211733770973e-01
4.175427148194496008e-01
2.702938031625178872e-01
1.204402571499436636e-01
3.660780986217060939e-01
1.641974435119541997e-01
3.179766212430273353e-01
3.247116184473701206e-01
4.374327187080656598e-01
3.960741199781404598e-01
2.522231381522049842e-01
3.645114132764541992e-01
2.473459032369107469e-01
1.132998944803341179e-01
4.486248793786292155e-01
2.390047002122876185e-01
3.955332874413925448e-01
3.290369235229416711e-01
3.484010790171747640e-01
5.503116213851592942e-02
3.340721177444423429e-01
4.235247586780503948e-01
4.154960846534795915e-01
3.393139014075464699e-01
1.659730207842701477e-01
1.598323567886675012e-01
4.193006750407624605e-01
3.210306109755973747e-01
2.802925844404693945e-01
3.244282696705911295e-01
5.228321005419794831e-02
4.502594265535207474e-01
1.154512558687480900e-01
2.922144565979347131e-01
4.107812356506951312e-01
3.864695670144042139e-01
3.126308683410848888e-01
4.613926470484441822e-01
2.264765851309126776e-01
3.054765048736315936e-01
4.488108138344287235e-01
5.176829659860365113e-02
1.760458007550048665e-01
3.869569291555035456e-02
4.029293598302380874e-01
2.351335416808364998e-01
1.062436921365052939e-01
3.586430948226718152e-01
2.072090688002782843e-01
4.574671999495130703e-01
1.761389370014031786e-01
3.451860225389669079e-01
1.020331214472698644e-01
4.485080857911921681e-01
4.273671264320678675e-01
4.567107998670167923e-01
2.060591861844661421e-01
1.271399738691811609e-01
4.556207841967439554e-01
4.275928239470744852e-01
2.937870407033096876e-01
3.030849655224731043e-01
2.246281082113494587e-01
4.238581394199445462e-01
4.141139155604474653e-01
3.476615398732230688e-01
2.156372495284787916e-01
2.755390160734116911e-01
3.486973664743243106e-01
3.896098963626712930e-01
4.315119980054439863e-01
5.638630349033650901e-01
1.992927079518237998e-01
4.288012528115288657e-01
2.319215708949579069e-01
3.398939374603659469e-01
4.501442866794210795e-01
4.379651892584263129e-01
2.633325137976271768e-01
4.779286725596368912e-01
3.910222329445113831e-01
4.390981439672743680e-01
4.016056560345555027e-01
3.905239512245191613e-01
3.250734120764374735e-01
2.876419826001735403e-01
4.086375682864002434e-01
3.113773649172290048e-01
4.498610368200597343e-01
4.467268751221526446e-01
3.119157136683249343e-01
2.267881195057503685e-01
3.455551389406457674e-01
4.191308835838779556e-01
5.475071243379611152e-01
3.534446043963541673e-01
1.237467642744526225e-01
4.170068399996068598e-01
1.367102609670832192e-01
3.717686065445479637e-01
3.513662991637861444e-01
3.887930694388163633e-01
-1.412411379060742218e-02
4.245977498475050904e-01
4.205848993349693976e-01
2.761519771040239490e-01
3.560583526601296955e-01
1.678757041426793828e-01
2.714737972526606868e-01
3.973500745853709160e-01
-1.843269454072058930e-02
1.084513437541844288e-01
3.136927574411476072e-01
3.832800546315439094e-01
4.254543473821484900e-01
1.891835015668490508e-02
3.772952353593256314e-01
1.980873298432617169e-01
1.370404570992304893e-01
3.826384244786442124e-01
1.922141886882104411e-01
-4.705224905197474133e-02
3.089800169892558124e-01
5.997939608316547877e-02
2.273889707613383493e-01
3.074522790494378377e-01
5.843226750309847839e-01
1.918082779790593606e-01
3.956463074994657214e-01
3.213565182659361974e-01
4.426992571602945126e-01
2.935315673859138497e-01
2.187432027739017685e-03
3.566809911252623033e-01
5.339033530012881057e-01
4.387694268740596759e-02
5.563002842385503799e-01
1.343240952714427339e-01
3.469625030965938772e-01
4.123872557726103172e-01
3.920737841993669481e-01
2.073858068406942701e-01
3.551208483124459470e-01
3.164332337088545666e-01
3.671262469140840201e-01
3.175130281062711335e-01
2.935509487684738184e-01
2.834566112319916731e-01
3.374548773353460152e-01
3.996816489864009614e-01
4.295725359821239708e-01
1.806791173252763893e-01
1.975212964139429761e-01
1.299754151470517705e-01
4.565185127886057237e-01
3.700685266842194121e-01
4.787835091858304026e-01
2.007627516439446647e-01
4.191664380057096295e-01
4.636753455401852464e-01
4.956364392368469707e-01
3.222272306604959113e-01
1.187128049024760712e-01
4.674562087343016592e-01
1.968006650190269324e-01
3.959131236655212827e-01
3.329844265504989798e-01
2.079337561412540336e-01
4.042389671885434632e-01
4.290228809370012497e-01
4.491506896001832283e-01
1.512808059844108211e-01
4.115964754976944584e-01
4.226335816224327524e-01
3.624565257674388086e-01
2.169408370316597279e-01
3.759678163515739469e-01
4.579048544207946492e-01
1.066140402498602507e-01
1.480493398939358440e-01
1.080209408133976923e-01
3.704330487162355023e-01
3.888822365201025644e-01
3.745417004987746101e-01
1.932560812059706534e-01
3.520949406911879076e-01
2.100920049297550773e-01
3.796995454304072926e-01
3.910510794044846361e-01
4.382064237786884031e-01
1.044424557524484681e-01
5.042936794352665536e-02
8.790822116412978782e-02
3.947512259858301786e-01
5.427959769585485317e-01
3.001649106579702964e-01
1.880000646116933294e-01
5.401135405063711703e-01
1.223630092663467034e-01
2.070305511591737924e-01
3.113374123216277045e-01
2.961201185329092600e-01
3.830579407153310023e-01
4.283995016285416790e-01
3.623357017723944362e-01
1.018863493265281389e-01
2.726050277944067068e-01
4.163590819458798942e-01
2.644357748586526613e-01
1.630769303238718826e-01
4.102477243098548998e-01
1.709247429786254768e-01
1.017767324798858064e-01
3.562034311520325125e-01
1.809186610381695315e-01
3.172937053707137744e-01
4.151775326448952086e-01
5.634560002689145142e-01
1.675656257293282603e-01
4.006751856529877642e-01
4.197920650299187262e-01
2.060314824198288819e-01
2.403427532158624036e-01
4.104290520520605390e-01
3.931784346476354663e-01
-3.671519894433104836e-02
4.193506746004652119e-01
4.321240820568034158e-01
2.224420171831622273e-01
2.000945828275345617e-01
3.744174760722771556e-01
2.696394752329919764e-01
4.683226301709504380e-01
4.164922422167110505e-01
4.082012865017489722e-01
3.857383859150803063e-01
4.458997212033022350e-01
3.341822877651667301e-01
3.283458325866259742e-01
3.803134136465978199e-01
3.570358180678246396e-01
2.920077383100672802e-02
4.020723676424832194e-01
4.429827014106380578e-01
4.220400013519974847e-01
3.018981640551477996e-01
9.864165562989699043e-02
4.032116110552004806e-01
4.011421800510411861e-01
4.824412734710123440e-01
2.402627608910285206e-01
3.436499722166931337e-01
4.134973309325555291e-01
3.133963769584736103e-01
3.562737074131027692e-01
2.200531670248184746e-01
3.565425192712524116e-01
2.075139736335257223e-01
5.064635617331056938e-01
2.128079978659044025e-01
4.003481787777143919e-01
3.821635232014580774e-01
3.435732531289567571e-01
4.836695019179647059e-01
3.514610865924973071e-01
4.423596018426271259e-01
3.505951196199739717e-01
3.400424914223752482e-01
3.557743422486438489e-01
3.939397789413240925e-01
4.082220838058173706e-01
1.601535027239630038e-01
4.496784629087376833e-02
2.009200505031585871e-01
4.148373778025673531e-01
5.357802527531875525e-02
3.029511265221464522e-01
4.406385872560460437e-01
2.638843879703698381e-01
4.152743827548660560e-01
3.869417703854124424e-01
4.092723718512263908e-01
4.892894697800742598e-02
3.835666093450633141e-01
4.958213639383364790e-01
3.947804009810856329e-01
2.745725516600963645e-01
4.623399019399141996e-01
-2.010353917985759770e-02
4.065883191739191882e-01
3.184348232560471059e-01
1.719994297270527328e-01
4.989089692242193452e-01
4.017817039351195274e-01
1.500095607165576883e-01
2.470431773772015227e-01
-2.992661397067049311e-02
4.267173821464696482e-01
2.919042589411718347e-01
4.121804884124302126e-01
4.080572681771856836e-01
2.956098654818225535e-01
6.542883099156137500e-03
4.091197738929125416e-01
3.804731636163520281e-01
4.910213639263161789e-01
3.030864963436779788e-02
1.777938495516916684e-01
5.244271065916905616e-01
2.501594614945479855e-01
3.603580214446733265e-01
4.441028365217450369e-01
2.596793691716071106e-01
4.708709669480208859e-01
1.430911993533156290e-01
3.389519862270634620e-01
4.531561518446612369e-01
2.022801576148890446e-01
4.020988252924626027e-01
2.207039518519430810e-01
3.330396037150493149e-01
4.085559436167147118e-01
3.231492857589385315e-01
4.616058299334191983e-01
2.816070118652886922e-01
2.011835248455011160e-01
4.183496789631027113e-01
1.250316289437977124e-01
2.774484350845399239e-01
4.458955018816838645e-01
3.174056757382293092e-01
3.078404239424699651e-01
3.227044254608262275e-01
2.689185415258675826e-01
3.678754133699719819e-01
3.605581075639752719e-01
3.106908228543728834e-01
3.918166975820417397e-01
1.381475520659651568e-01
5.296551450074439282e-01
1.834003017091103416e-01
3.321153485754011481e-01
4.333464196893900278e-01
4.107449814420737200e-01
1.566108823791168281e-01
1.475255281937256670e-02
1.338829527994085666e-01
1.804554057931877786e-01
4.059457516291156698e-01
3.089417937887745103e-01
1.574091993812012091e-01
3.571996996861672713e-01
3.501892649408597236e-01
3.435279588268356221e-01
1.827592287135443583e-01
4.200093265986819535e-01
2.899393029450883508e-01
1.230737348951361915e-01
1.489695239843615571e-01
3.498079658467922459e-01
2.135691884724643108e-01
3.072011443230046601e-01
1.531940440781578150e-01
4.048984694450327160e-01
1.588708866261441810e-01
3.534172218436247848e-01
1.901407480640387448e-01
4.146264148335642719e-01
3.993164357979738233e-01
4.094923266790404526e-01
3.329597225893258239e-01
8.457481639332933149e-03
2.687603364353960966e-01
1.397867922323050571e-01
4.236577282507056896e-01
4.432993283468619206e-01
2.773011800775120328e-01
3.975643064762821588e-01
3.209011387809330706e-01
4.062127284944826444e-01
3.809060564421449246e-01
4.165097784823902916e-01
1.961289141805268865e-01
3.965619891462097146e-01
4.132754435637839840e-01
3.644754705083262936e-01
3.775922643651696275e-01
1.834600769568757728e-01
4.320260190466850836e-01
3.715364319303136598e-01
3.808189524362943779e-01
4.899665771896767608e-02
4.181252122728763010e-01
1.592824033497566155e-02
4.332472363067422227e-01
4.976322906609895180e-01
3.763397727702340045e-01
2.045355101655854380e-01
2.061588268942016189e-01
1.695031170388618669e-01
1.192578774239606426e-01
2.063047875933750608e-01
3.759519335087866398e-01
4.489353366728671690e-01
3.913224370998794055e-01
3.776553570807235638e-01
3.187828360789436433e-01
6.440786441667252504e-02
4.680714678522007177e-01
1.760784165588157590e-01
3.511271281961199642e-01
2.446769450349291497e-01
2.297033501285861701e-01
5.304156411797085191e-01
5.012576407581730287e-01
4.038342084015575928e-01
4.072284178495185758e-01
3.050668341563890773e-01
2.980334236210083754e-01
2.647460163934226562e-01
2.223789403176307800e-01
4.452720184900271216e-01
1.900642455085626847e-01
3.169134687260570793e-01
2.611908007576975721e-01
3.366801447517493995e-01
3.230787725358833518e-01
3.268028629411995900e-01
2.778615839273900767e-01
2.969199825303787676e-01
1.968147033673165180e-01
3.683838013049349214e-01
1.433110220699477799e-01
1.667462484455778382e-01
4.264578668243950710e-01
4.264728529791320111e-01
3.635967955728404144e-01
4.872845486499636780e-01
1.372850127385951413e-01
4.157928115130840596e-01
4.153791670873329123e-01
3.845107180070764241e-01
5.714007529887401571e-01
5.025114303745155109e-01
3.950368254657974920e-01
5.574191615549436429e-01
2.757546326422006810e-01
3.782701038528706317e-01
2.489377992461478395e-01
1.821683363911575926e-01
4.035193951726150363e-01
3.792247319507278114e-01
4.157624715204322197e-01
3.918683334491016579e-01
4.865527888795975198e-01
2.057385434925700363e-01
1.899264545986947272e-01
3.620279784825529701e-01
4.275171366045169563e-01
3.632983681759447969e-01
3.250142795221871439e-01
1.162777998366199411e-01
3.614417596762107276e-01
3.387292672715118136e-01
4.340091702046691702e-01
1.865571695185018197e-01
4.424916476328219495e-01
2.348043623566741234e-01
4.703698194443878822e-01
4.448838023133861452e-01
1.710878602897989709e-01
5.330026214940468687e-01
9.447366064236745187e-02
-3.255347238135531535e-02
3.668598028086340612e-01
4.376863567422334400e-01
4.493606502834732730e-01
8.773138506207292520e-02
3.971550651203809013e-01
4.049198073925371344e-01
3.686550462452615751e-01
2.086569772306762771e-01
6.209897768617553826e-01
2.637221427838611354e-01
2.741356913496256209e-01
5.489462390348287535e-01
3.750513483445537255e-01
4.339522222357778958e-01
4.118691133935938331e-01
8.955571084445454813e-03
3.314179259285454093e-01
2.497795584212898490e-01
1.759383621661602393e-01
3.060846972880645889e-01
4.041392846546650319e-01
4.343029623205875156e-01
1.350572312552767440e-01
5.755476899611153829e-01
4.441895512477247454e-01
3.878535127206860222e-01
4.030557400257578915e-01
2.217432992507919684e-02
2.096198558046188098e-01
4.455224555665190933e-01
3.218915866847674723e-01
3.684230997344263292e-01
-2.134018000548068908e-02
3.084720241845646527e-01
5.143345809549855485e-02
1.904154551814066232e-01
2.530502317154561531e-01
2.085266019166698015e-01
2.828336167222447184e-01
3.370072484698301563e-01
4.285110838779681575e-01
4.212938412968342816e-01
1.299836629105842190e-01
4.044194684890024538e-01
2.938814470053684458e-01
4.042389671885434632e-01
3.995327947038091465e-01
1.023897662048418450e-01
4.843827676165827767e-01
3.877716763577687131e-01
3.911617680155379251e-01
3.982504281401134660e-01
4.746504112746823267e-01
5.644832128807191207e-01
4.091055807372047104e-01
2.480950815180772706e-01
2.151595751612387364e-01
4.508499872702021460e-01
2.575034654756521157e-01
2.823445794033715428e-01
2.266090009745276579e-01
5.495057138119902040e-01
1.875653072921597275e-01
3.501892649408597236e-01
3.754088016192396182e-01
2.896777440489147204e-01
3.783071071825139797e-01
3.396852261903641201e-01
1.771133332358531542e-01
4.591194238826911689e-01
3.332029742116600080e-01
5.478821988206503818e-02
1.950565853926388149e-01
3.351378328407626506e-01
1.772230185187017304e-01
2.914294658756573786e-01
3.184099243644931132e-01
4.205838410347790823e-01
3.941917405451720313e-01
4.189508055039137813e-01
3.621899006522428799e-01
3.964806838420289470e-01
3.970096590060244734e-01
3.524949205926737883e-01
3.203987143131875048e-01
2.166517136186900394e-01
3.182615166210155389e-01
2.633725069726053358e-01
2.181572649294349353e-01
4.597946132217427540e-01
3.258351370611103914e-01
1.481798981885680266e-01
1.358227079236673518e-01
3.376355712426223343e-01
3.357691682796026256e-01
3.902948829242401385e-01
3.927189189291552807e-01
2.098353524609342657e-01
3.701448652676863627e-01
3.401560105279485824e-01
1.844098033315588747e-01
3.956980043393215074e-01
3.828166769015718951e-01
1.107960015396512732e-01
1.422232452620251775e-01
3.258904673526446527e-01
1.258947465376609454e-01
3.822530849566017630e-01
5.462353015660339484e-01
4.682367570313722971e-01
3.589811583748644397e-01
4.572384492720661942e-01
2.683257681128579653e-01
3.801549060364569632e-01
7.063260248354070840e-03
1.666496669561446098e-01
7.999390845391697591e-02
2.753982010715799178e-01
2.418686589428755140e-01
1.671791515043859200e-01
2.288834672467536802e-01
1.918270786989512700e-01
2.399271641334297933e-01
7.776011927269027568e-02
4.121170457516161734e-01
1.074052843453938699e-01
3.754676110321944482e-01
1.098001983457863179e-01
3.787655330667278331e-01
3.508247231489561857e-01
1.467846709176138520e-01
2.999686140217851515e-01
1.752019616585918371e-01
4.324780881590668535e-01
1.747881688567142766e-01
1.280547804608733742e-01
1.967406029771379405e-01
3.837646541308452619e-01
2.403058885531694500e-01
2.687789931980814062e-01
3.670315076370771479e-01
4.198445385623668646e-01
5.326962625120034919e-03
4.430104972879712610e-01
4.598887446379408828e-01
3.099229690145519633e-01
2.031342081038268743e-01
2.162726957660739968e-01
4.040747833617230889e-01
4.386631559510789091e-01
4.471902379149306772e-01
3.953280988388808148e-01
3.999157505816372526e-01
4.431288630150699293e-01
1.165241168538151337e-02
4.573442177996445146e-01
3.933971367635309968e-01
1.761849502597129524e-01
3.846349462508567574e-01
4.360404723201299904e-01
2.702663233728052061e-01
4.410151736446810689e-01
3.931079661116854695e-01
4.090622195569319497e-01
2.794808657879868652e-01
3.931061116590585103e-01
1.533301110439442561e-01
1.875863377824223133e-01
4.503183659823011276e-01
3.599217856748778699e-01
3.560182145113859886e-01
4.106644669585812757e-01
3.729490403690833289e-01
5.352278929064011592e-01
2.306203217679952122e-01
3.997104977699377226e-01
3.968902987107630342e-01
2.119807252793466379e-01
1.441226669492891299e-01
2.316997716556305764e-01
3.648708012496922337e-01
2.441401030058465149e-01
2.110547435919810644e-01
1.939619285702417206e-01
3.858943943459609560e-01
2.356812704918169188e-01
1.505497851902223849e-01
4.261207335274468933e-01
4.214392372041081414e-01
1.210311502191901284e-01
3.641841010392953271e-01
3.101058824228781763e-01
4.015481126940093626e-01
2.097605781387964219e-01
3.690172848782315440e-01
3.659000562323219685e-01
5.007201298799263123e-01
1.604277173495992082e-01
3.146738112607321280e-01
4.212980114294431755e-01
1.880703335701354728e-01
3.463202498137538110e-01
3.033731946954326131e-01
1.998068768712848720e-01
1.949611683404571805e-01
4.130774260798731334e-01
1.176619140168151528e-01
1.537961725727442497e-01
3.753382257014621359e-01
2.865825732402727533e-01
3.193878862679175867e-01
3.653090394333190494e-01
4.090622195569319497e-01
4.278780097497542068e-01
2.285737656085599923e-01
1.922949713358261814e-01
4.160132135646337215e-01
2.677015931498681334e-01
6.498859537316784875e-03
3.934959069045593782e-01
5.122121993643400373e-01
3.143755256219561978e-01
3.524531725256154213e-01
3.990212465150239085e-01
2.046520249254023538e-01
1.674540549317504734e-01
4.121021278100648888e-01
4.135817513470391171e-01
8.250176865107053392e-02
7.474839082426684711e-02
3.225526686324997061e-01
4.060902253306329368e-01
1.702368456403056396e-01
1.914547600688978335e-01
4.008663912163196730e-01
4.313251674839772565e-01
2.256347826794004585e-01
3.574438799662960076e-01
2.302919316333588290e-02
4.737538385726778878e-01
4.012575240252990727e-01
4.040023585512740878e-01
1.793517483986165617e-01
3.712267107907833985e-01
2.622270019504289729e-01
3.218500949773000497e-01
1.414778657322968147e-01
4.642761847889662619e-01
4.073442941272791828e-01
3.446592328524128446e-01
2.683747958006342249e-01
2.818192615905648069e-01
2.243581932258681966e-01
3.092619340359961666e-01
3.979432602649330963e-01
6.952389898070052143e-02
3.063728266722701155e-01
3.048129552184769553e-01
4.319166406142548320e-01
4.303782473931124231e-01
1.893294518022069495e-01
4.185689148139820626e-01
4.737599062268229577e-01
3.995621457089997830e-01
2.942838413175388745e-01
1.489986774296027938e-01
3.647440038085551506e-01
4.555648218336991739e-01
4.122741497634336838e-01
4.277049603663959365e-01
2.013392504032716634e-01
4.381397521114677729e-01
3.259639017592145388e-02
4.048167605046781303e-01
4.189719803870510795e-01
1.817383403021906318e-01
3.437684826686041029e-01
4.051156460377593471e-01
4.051067265413545448e-01
1.030599147803391569e-01
4.105240187478449987e-01
3.897839589856847975e-01
2.449013196954440419e-01
4.206715289189437157e-01
4.015179979003021815e-01
3.962549003551728011e-01
1.813308319927234291e-01
3.677085222182431279e-01
4.070017921538777173e-01
2.406310665609470156e-01
3.019421833017978396e-01
3.062503700211826607e-01
4.030754538023751388e-01
4.213834909324689071e-01
3.211120827465061001e-01
4.019183975161915168e-01
4.095376411463734212e-01
3.192816516998884802e-01
2.282571745786533823e-01
2.962784230801970287e-01
3.617832242614933969e-01
4.389419598791422517e-01
2.775000077382249741e-01
4.801102467670932405e-01
4.340951703518879934e-01
3.210611480769708370e-01
2.528575783438560820e-01
2.203660890390400640e-01
2.049881101551753737e-01
3.236562681869366576e-01
6.134386354852038731e-02
3.663846465203537406e-01
1.164236637915300188e-01
4.007859031218698465e-01
2.211840506087431046e-01
2.257909337812293027e-01
4.440484308632614008e-01
4.182173943437737518e-01
4.025989158236559229e-01
3.161459767812514476e-01
3.711685130766662621e-01
4.372974741177897418e-01
1.515589528004176734e-01
1.235234456735489067e-01
3.001932339012338136e-01
3.259826666842995380e-01
2.764028493559524402e-01
3.568879420884511489e-01
2.196421011995951245e-01
1.800464389497172524e-01
3.372135096251046571e-01
3.171800715806847859e-01
2.516851363329977720e-01
2.881291686405735297e-01
4.599094034410277088e-01
3.493107553725583458e-01
3.459129831963829171e-01
4.480403717938210018e-01
1.576595388680261389e-01
1.344334335653508128e-01
9.654051715372727327e-02
3.005996759025151288e-01
2.993929968473457714e-01
3.825110826597725722e-01
4.677253212864636023e-01
3.488166686182599396e-01
4.332690649410673722e-01
1.260725261154162502e-01
2.942951564079132054e-01
3.806802627482062662e-01
3.004859267304427900e-02
3.843898459433121584e-01
3.922415365010722410e-01
4.217521506709354107e-01
3.436480941964935032e-01
2.001966426988121550e-01
2.410848823862579704e-01
3.804463301092302352e-01
5.798120724490517415e-03
3.583347842106632819e-01
3.171934902013949231e-01
4.459433678499479248e-01
4.342465390621254029e-01
3.188579322198128452e-01
3.746969082338220680e-01
3.957052482974888763e-01
4.176616966643058593e-01
3.850567155142954334e-01
2.864237624050950393e-01
3.818631395508096382e-01
4.282788136656927036e-01
3.881105064784556302e-01
1.031816563132670339e-01
2.270731402265044607e-01
3.262214479364267117e-01
3.012260096012200350e-01
2.254136918364954556e-01
1.913179872377135937e-01
3.260891768435567051e-01
3.209045258726421768e-01
4.296976887552244051e-01
1.347810612939027153e-01
4.087192414189815826e-01
3.967192451854676394e-01
4.235485155381437106e-01
3.606202735303760676e-01
4.425789833311473132e-01
4.774936634031627936e-01
2.097745066312857454e-01
1.221181706086491986e-01
3.318868644438816018e-01
4.369696585594335936e-01
4.279729239993910750e-01
2.037684829594126057e-01
2.822377155178770192e-01
1.335831535249805690e-01
1.254635354168844585e-01
1.755441802402306073e-01
2.091091076944702198e-01
-1.317357443839833019e-02
4.093832991876832361e-01
1.241714275362316849e-01
1.708487903556528964e-01
2.871879730010769571e-01
3.272344675999844799e-01
4.088895894185965579e-02
2.649162911930075803e-01
4.123095851026359338e-01
4.733232519666440430e-01
3.272543129898771719e-01
1.354083620721843739e-01
2.141545241587074211e-01
4.496261569140350134e-01
4.352884429435633917e-01
2.293266713834885007e-01
3.331039367985906829e-01
-1.690299457973316877e-02
-1.907809315574857112e-02
4.113261340293937196e-01
3.062494106591561183e-01
4.302756330200022128e-01
4.075558682764674479e-01
2.765290568557269846e-01
4.416139967872029781e-01
4.465127423146278418e-01
4.527096977894483065e-01
3.447475713343576831e-01
3.238664622638819379e-01
2.347890272524899846e-01
4.107019915962929479e-01
-3.499602691508028884e-03
4.930679707321745653e-01
3.611582722324813699e-01
1.426621896170548465e-01
4.052214658082113341e-01
3.835223562483438542e-01
4.486262463185891614e-01
4.150012998135718667e-01
5.466121499986920096e-01
3.758415415877479626e-01
3.708051648383940968e-01
4.369197630206897442e-01
4.341457459478779146e-01
4.209115107065411476e-01
2.991898888922186472e-01
3.080389541870547920e-01
4.381746744410427441e-01
3.717775786712219921e-02
3.186911941328296471e-01
3.867985033602118761e-01
3.918799259563611193e-01
3.810652783820934753e-01
4.070845176532640330e-01
1.617609834544917746e-01
8.434466130586781851e-02
2.227260686719314264e-01
3.801583887676994178e-01
2.070302527472327458e-01
4.872419212178507042e-01
3.936217447554627991e-01
4.136734130641889773e-01
4.295033361948298878e-01
3.852754893079757270e-01
2.199014905254015606e-01
2.222886881321896879e-01
3.045387625344376029e-02
1.534079354010473573e-01
4.260188911583099314e-01
3.395734866024948673e-01
1.770405331439661445e-01
3.189527947701618626e-01
1.836923408623360454e-01
3.832646523929714721e-01
3.945378023630796704e-01
4.355737006937271949e-01
4.350092723488811486e-01
3.830416739451674157e-01
-4.782626517410158706e-02
2.906921220842920150e-01
2.902025691625287340e-01
1.861315636368010840e-01
2.520658709671033670e-01
4.230749192738010311e-01
3.740359183987857494e-01
1.344684276505084819e-01
3.958658435464509351e-01
-3.472546926201651365e-03
3.991892010912304056e-01
3.823967074870179839e-01
1.011498910618098546e-01
1.551060927822781876e-01
3.905006684543644857e-01
2.572917813721196656e-01
4.157535607166444325e-01
2.919401753410031941e-01
3.879164484297347726e-01
1.123675990900456223e-01
4.021684999165549557e-01
3.079239312898551795e-01
5.301498054537199245e-01
4.409774589726688232e-01
3.487655117787110126e-01
3.601107600156118749e-01
4.591496852268677209e-01
3.578381580089193825e-01
3.984734083305901398e-01
4.169295229262066638e-01
2.981152913105407087e-01
4.444972422566304537e-01
1.324020084410606757e-01
2.410938739961157318e-01
3.891122376066505351e-01
4.558285360009887710e-01
5.310980144791985769e-01
3.659164634950929917e-01
3.978101292461067029e-01
2.199498159161096533e-01
4.827906520305948468e-01
1.367254129091132753e-01
4.556096941600916161e-01
3.811396874327878659e-01
1.994614444693866562e-01
3.583263465632394729e-01
3.699100902539568803e-01
2.518508819264284604e-01
3.278489135536426513e-01
2.033927313732036002e-01
2.597052690211235637e-01
1.811094808692141345e-01
4.409387533838078355e-01
1.289268306056265689e-01
2.953117313725806548e-01
4.438754437182111934e-01
3.278411618216456325e-02
4.323029010143033535e-01
3.311271488852227662e-01
4.319213862437522589e-01
3.001768832338309045e-01
3.605671713702703896e-01
