Sample: newVertex/00a_newVertex/bdm_m05_b1p1_00a
SigStrength	NegCosCut	PosCosCut	bestEff	BkgExpect	BkgError	CVNCut	BDTCut
18695.703413290394	-0.9	0.9	0.01531	2990.9012158473747	54.689132520523444	0.5	-0.2
18693.52831636625	-0.9	0.9	0.01531	2990.172024165331	54.68246541776743	0.5	-0.044827586206896586
18692.078104714165	-0.9	0.9	0.01531	2989.6858963773025	54.678020230960286	0.5	-0.01379310344827589
18687.00143715408	-0.9	0.9	0.01531	2987.9844491192016	54.66245923043713	0.5	0.01724137931034478
18683.374362892613	-0.9	0.9	0.01531	2986.7691296491294	54.65134151737841	0.5	0.048275862068965475
 ======= BEST CUTS ========
18683.374362892613	-0.9	0.9	0.01531	2986.7691296491294	54.65134151737841	0.5	0.048275862068965475

Sample: newVertex/00a_newVertex/bdm_m10_b1p1_00a
SigStrength	NegCosCut	PosCosCut	bestEff	BkgExpect	BkgError	CVNCut	BDTCut
15598.4315671649	-0.9	0.9	0.01835	2990.9012158473747	54.689132520523444	0.5	-0.2
15596.61681327342	-0.9	0.9	0.01835	2990.172024165331	54.68246541776743	0.5	-0.044827586206896586
 ======= BEST CUTS ========
15596.61681327342	-0.9	0.9	0.01835	2990.172024165331	54.68246541776743	0.5	-0.044827586206896586

Sample: newVertex/00a_newVertex/bdm_m20_b1p1_00a
SigStrength	NegCosCut	PosCosCut	bestEff	BkgExpect	BkgError	CVNCut	BDTCut
15446.908756474688	-0.9	0.9	0.01853	2990.9012158473747	54.689132520523444	0.5	-0.2
15445.111631061376	-0.9	0.9	0.01853	2990.172024165331	54.68246541776743	0.5	-0.044827586206896586
 ======= BEST CUTS ========
15445.111631061376	-0.9	0.9	0.01853	2990.172024165331	54.68246541776743	0.5	-0.044827586206896586

Sample: newVertex/00a_newVertex/bdm_m40_b1p1_00a
SigStrength	NegCosCut	PosCosCut	bestEff	BkgExpect	BkgError	CVNCut	BDTCut
14732.272141256368	-0.9	0.9	0.01942885771543086	2990.9012158473747	54.689132520523444	0.5	-0.2
14730.55815814957	-0.9	0.9	0.01942885771543086	2990.172024165331	54.68246541776743	0.5	-0.044827586206896586
14729.415386880222	-0.9	0.9	0.01942885771543086	2989.6858963773025	54.678020230960286	0.5	-0.01379310344827589
14725.414957133742	-0.9	0.9	0.01942885771543086	2987.9844491192016	54.66245923043713	0.5	0.01724137931034478
 ======= BEST CUTS ========
14725.414957133742	-0.9	0.9	0.01942885771543086	2987.9844491192016	54.66245923043713	0.5	0.01724137931034478

Sample: newVertex/00a_newVertex/bdm_m05_b1p5_00a
SigStrength	NegCosCut	PosCosCut	bestEff	BkgExpect	BkgError	CVNCut	BDTCut
2214.8135762435663	-1.1	0.85	0.118785140562249	2505.502619500588	50.05499594946131	0.3	-0.2
2214.473296785141	-1.1	0.85	0.11876506024096385	2503.801172242487	50.03799728448859	0.3	-2.7755575615628914e-17
2214.267156635198	-1.1	0.85	0.11864457831325301	2497.9676387861414	49.97967225568953	0.3	0.09999999999999998
2208.386307771851	-1.1	0.85	0.11588353413654619	2363.7963692901844	48.618889017440374	0.3	0.5999999999999999
2202.295285683329	-1.1	0.85	0.11586345381526104	2349.2125356493193	48.468675819020675	0.31052631578947365	0.5999999999999999
2202.199711673262	-1.1	0.85	0.1186144578313253	2468.0707798223684	49.679681760477976	0.32105263157894737	0.09999999999999998
2195.666499287645	-1.1	0.85	0.11585341365461847	2333.899510326411	48.31044928715123	0.32105263157894737	0.5999999999999999
2195.2682562272985	-1.1	0.85	0.11870481927710844	2455.6745212276332	49.554762851088626	0.33157894736842103	-0.2
2194.917235383705	-1.1	0.85	0.1186847389558233	2453.9730739695324	49.537592533040325	0.33157894736842103	-2.7755575615628914e-17
2194.6663016146185	-1.1	0.85	0.11856425702811245	2448.139540513186	49.47867763504989	0.33157894736842103	0.09999999999999998
2187.7045902675127	-1.1	0.85	0.11580321285140563	2313.968271017229	48.103724086781774	0.33157894736842103	0.5999999999999999
2181.3385708830724	-1.1	0.85	0.11575301204819277	2297.682990118263	47.93415264838071	0.34210526315789475	0.5999999999999999
2175.191537912707	-1.1	0.85	0.11571285140562249	2282.3699647953554	47.77415582504159	0.3526315789473684	0.5999999999999999
2168.971079137705	-1.1	0.85	0.11569277108433734	2267.7861311544902	47.62127813440637	0.3631578947368421	0.5999999999999999
2161.9300534881795	-1.1	0.85	0.11563253012048193	2249.799402997424	47.43205037732845	0.3736842105263158	0.5999999999999999
2156.480684969913	-1.1	0.85	0.11556224899598394	2234.972505462544	47.275495824608164	0.38421052631578945	0.5999999999999999
2149.9984368493065	-1.1	0.85	0.11549196787148594	2217.9580328815355	47.09520180317243	0.39473684210526316	0.5999999999999999
2142.994538014313	-1.1	0.85	0.1154718875502008	2201.915815876584	46.924575819889775	0.4052631578947368	0.5999999999999999
2135.5849119801187	-1.1	0.85	0.1154417670682731	2184.6582794015603	46.74032819099113	0.4157894736842105	0.5999999999999999
2129.6714082224335	-1.1	0.85	0.1153714859437751	2169.102190184638	46.57362118393456	0.4263157894736842	0.5999999999999999
2123.5102836175906	-1.1	0.85	0.11533132530120482	2154.2752926497587	46.41417124811946	0.4368421052631579	0.5999999999999999
2118.6152759852494	-1.1	0.85	0.11530120481927711	2142.6082257370667	46.288316298360506	0.4473684210526315	0.5999999999999999
2114.509732120305	-1.1	0.85	0.11522088353413655	2130.6980949303606	46.159485427486736	0.45789473684210524	0.5999999999999999
2110.3133351237457	-1.1	0.85	0.11515060240963855	2119.0310280176686	46.032934166938226	0.46842105263157896	0.5999999999999999
2105.4074781427803	-1.1	0.85	0.11508032128514056	2105.9055777408903	45.89014684810771	0.4789473684210526	0.5999999999999999
2100.1096646729607	-1.1	0.85	0.1150301204819277	2092.7801274641115	45.74691385726595	0.4894736842105263	0.5999999999999999
2093.5632253938034	-1.1	0.85	0.11498995983935743	2077.4671021412037	45.57923981530631	0.5	0.5999999999999999
 ======= BEST CUTS ========
2093.5632253938034	-1.1	0.85	0.11498995983935743	2077.4671021412037	45.57923981530631	0.5	0.5999999999999999

Sample: newVertex/00a_newVertex/bdm_m10_b1p5_00a
SigStrength	NegCosCut	PosCosCut	bestEff	BkgExpect	BkgError	CVNCut	BDTCut
2164.211347852088	-1.1	0.85	0.1215625	2505.502619500588	50.05499594946131	0.3	-0.2
2163.8719255099572	-1.1	0.85	0.12154233870967741	2503.801172242487	50.03799728448859	0.3	-2.7755575615628914e-17
2163.6289475076287	-1.1	0.85	0.12142137096774193	2497.9676387861414	49.97967225568953	0.3	0.09999999999999998
2157.2441878417358	-1.1	0.85	0.11909274193548387	2383.2414808113376	48.81845430583948	0.3	0.49999999999999994
2149.786478132726	-1.1	0.85	0.11904233870967743	2363.7963692901844	48.618889017440374	0.3	0.5999999999999999
2143.8486814209778	-1.1	0.85	0.11902217741935484	2349.2125356493193	48.468675819020675	0.31052631578947365	0.5999999999999999
2137.5726854387385	-1.1	0.85	0.11900201612903226	2333.899510326411	48.31044928715123	0.32105263157894737	0.5999999999999999
2130.522842999016	-1.1	0.85	0.11891129032258065	2313.968271017229	48.103724086781774	0.33157894736842103	0.5999999999999999
2124.4829329737313	-1.1	0.85	0.1188508064516129	2297.682990118263	47.93415264838071	0.34210526315789475	0.5999999999999999
2118.8393948032794	-1.1	0.85	0.11879032258064516	2282.3699647953554	47.77415582504159	0.3526315789473684	0.5999999999999999
2113.8485084141375	-1.1	0.85	0.11870967741935484	2267.7861311544902	47.62127813440637	0.3631578947368421	0.5999999999999999
2106.7838458255055	-1.1	0.85	0.11865927419354838	2249.799402997424	47.43205037732845	0.3736842105263158	0.5999999999999999
2101.4459011267504	-1.1	0.85	0.11858870967741936	2234.972505462544	47.275495824608164	0.38421052631578945	0.5999999999999999
2095.101556427714	-1.1	0.85	0.11851814516129032	2217.9580328815355	47.09520180317243	0.39473684210526316	0.5999999999999999
2089.512932582303	-1.1	0.85	0.1184274193548387	2201.915815876584	46.924575819889775	0.4052631578947368	0.5999999999999999
2083.1636319899553	-1.1	0.85	0.11834677419354839	2184.6582794015603	46.74032819099113	0.4157894736842105	0.5999999999999999
2077.3691988330816	-1.1	0.85	0.11827620967741935	2169.102190184638	46.57362118393456	0.4263157894736842	0.5999999999999999
2071.5211225950825	-1.1	0.85	0.1182258064516129	2154.2752926497587	46.41417124811946	0.4368421052631579	0.5999999999999999
2068.499041559262	-1.1	0.85	0.11809475806451612	2142.6082257370667	46.288316298360506	0.4473684210526315	0.5999999999999999
2064.6385967864385	-1.1	0.85	0.11800403225806452	2130.6980949303606	46.159485427486736	0.45789473684210524	0.5999999999999999
2060.164267994975	-1.1	0.85	0.11795362903225806	2119.0310280176686	46.032934166938226	0.46842105263157896	0.5999999999999999
2055.5258810283267	-1.1	0.85	0.11787298387096774	2105.9055777408903	45.89014684810771	0.4789473684210526	0.5999999999999999
2051.2133939105606	-1.1	0.85	0.11777217741935483	2092.7801274641115	45.74691385726595	0.4894736842105263	0.5999999999999999
2044.6304897218797	-1.1	0.85	0.11774193548387096	2077.4671021412037	45.57923981530631	0.5	0.5999999999999999
 ======= BEST CUTS ========
2044.6304897218797	-1.1	0.85	0.11774193548387096	2077.4671021412037	45.57923981530631	0.5	0.5999999999999999

Sample: newVertex/00a_newVertex/bdm_m20_b1p5_00a
SigStrength	NegCosCut	PosCosCut	bestEff	BkgExpect	BkgError	CVNCut	BDTCut
2112.6871895413624	-1.1	0.85	0.1245271629778672	2505.502619500588	50.05499594946131	0.3	-0.2
2102.5082545886016	-1.1	0.85	0.12219315895372233	2383.2414808113376	48.81845430583948	0.3	0.49999999999999994
2094.5254542845646	-1.1	0.85	0.1221830985915493	2363.7963692901844	48.618889017440374	0.3	0.5999999999999999
2089.590911942787	-1.1	0.85	0.12211267605633803	2349.2125356493193	48.468675819020675	0.31052631578947365	0.5999999999999999
2083.464126849227	-1.1	0.85	0.12209255533199195	2333.899510326411	48.31044928715123	0.32105263157894737	0.5999999999999999
2075.5226324965747	-1.1	0.85	0.12206237424547284	2313.968271017229	48.103724086781774	0.33157894736842103	0.5999999999999999
2069.2681244732144	-1.1	0.85	0.12202213279678069	2297.682990118263	47.93415264838071	0.34210526315789475	0.5999999999999999
2063.7418915617336	-1.1	0.85	0.12196177062374246	2282.3699647953554	47.77415582504159	0.3526315789473684	0.5999999999999999
2058.671747275861	-1.1	0.85	0.12189134808853119	2267.7861311544902	47.62127813440637	0.3631578947368421	0.5999999999999999
2052.4449110116207	-1.1	0.85	0.12180080482897385	2249.799402997424	47.43205037732845	0.3736842105263158	0.5999999999999999
2047.380042353037	-1.1	0.85	0.12172032193158953	2234.972505462544	47.275495824608164	0.38421052631578945	0.5999999999999999
2041.6718098270417	-1.1	0.85	0.12161971830985915	2217.9580328815355	47.09520180317243	0.39473684210526316	0.5999999999999999
2035.5088593875996	-1.1	0.85	0.12156941649899396	2201.915815876584	46.924575819889775	0.4052631578947368	0.5999999999999999
2028.4453421699147	-1.1	0.85	0.12153923541247486	2184.6582794015603	46.74032819099113	0.4157894736842105	0.5999999999999999
2022.6015305090073	-1.1	0.85	0.12147887323943662	2169.102190184638	46.57362118393456	0.4263157894736842	0.5999999999999999
2017.8863707605435	-1.1	0.85	0.1213682092555332	2154.2752926497587	46.41417124811946	0.4368421052631579	0.5999999999999999
2013.8775856880382	-1.1	0.85	0.12129778672032193	2142.6082257370667	46.288316298360506	0.4473684210526315	0.5999999999999999
2009.0747096314365	-1.1	0.85	0.12126760563380282	2130.6980949303606	46.159485427486736	0.45789473684210524	0.5999999999999999
2006.3612318441496	-1.1	0.85	0.12111670020120724	2119.0310280176686	46.032934166938226	0.46842105263157896	0.5999999999999999
2001.639155640657	-1.1	0.85	0.12104627766599597	2105.9055777408903	45.89014684810771	0.4789473684210526	0.5999999999999999
1996.727195626775	-1.1	0.85	0.12098591549295774	2092.7801274641115	45.74691385726595	0.4894736842105263	0.5999999999999999
1990.4701272827642	-1.1	0.85	0.1209456740442656	2077.4671021412037	45.57923981530631	0.5	0.5999999999999999
 ======= BEST CUTS ========
1990.4701272827642	-1.1	0.85	0.1209456740442656	2077.4671021412037	45.57923981530631	0.5	0.5999999999999999

Sample: newVertex/00a_newVertex/bdm_m40_b1p5_00a
SigStrength	NegCosCut	PosCosCut	bestEff	BkgExpect	BkgError	CVNCut	BDTCut
2104.5268362401644	-1.1	0.85	0.12501002004008016	2505.502619500588	50.05499594946131	0.3	-0.2
2104.5225335608056	-1.1	0.85	0.12496993987975952	2503.801172242487	50.03799728448859	0.3	-2.7755575615628914e-17
2098.1857700797823	-1.1	0.85	0.12244488977955911	2383.2414808113376	48.81845430583948	0.3	0.49999999999999994
2090.047290206169	-1.1	0.85	0.12244488977955911	2363.7963692901844	48.618889017440374	0.3	0.5999999999999999
2085.115917826061	-1.1	0.85	0.122374749498998	2349.2125356493193	48.468675819020675	0.31052631578947365	0.5999999999999999
2080.192627590793	-1.1	0.85	0.12228456913827655	2333.899510326411	48.31044928715123	0.32105263157894737	0.5999999999999999
2072.260748152614	-1.1	0.85	0.12225450901803607	2313.968271017229	48.103724086781774	0.33157894736842103	0.5999999999999999
2066.690042293633	-1.1	0.85	0.12217434869739478	2297.682990118263	47.93415264838071	0.34210526315789475	0.5999999999999999
2060.3200457254757	-1.1	0.85	0.12216432865731464	2282.3699647953554	47.77415582504159	0.3526315789473684	0.5999999999999999
2054.7457006738778	-1.1	0.85	0.12212424849699399	2267.7861311544902	47.62127813440637	0.3631578947368421	0.5999999999999999
2047.5130336010693	-1.1	0.85	0.12209418837675351	2249.799402997424	47.43205037732845	0.3736842105263158	0.5999999999999999
2042.9550053867265	-1.1	0.85	0.12198396793587174	2234.972505462544	47.275495824608164	0.38421052631578945	0.5999999999999999
2036.5790211337971	-1.1	0.85	0.12192384769539079	2217.9580328815355	47.09520180317243	0.39473684210526316	0.5999999999999999
2030.2590682806203	-1.1	0.85	0.12188376753507014	2201.915815876584	46.924575819889775	0.4052631578947368	0.5999999999999999
2024.3757164011906	-1.1	0.85	0.12178356713426854	2184.6582794015603	46.74032819099113	0.4157894736842105	0.5999999999999999
2019.701410334544	-1.1	0.85	0.12165330661322646	2169.102190184638	46.57362118393456	0.4263157894736842	0.5999999999999999
2014.1527877194346	-1.1	0.85	0.1215931863727455	2154.2752926497587	46.41417124811946	0.4368421052631579	0.5999999999999999
2010.4761346023856	-1.1	0.85	0.12150300601202405	2142.6082257370667	46.288316298360506	0.4473684210526315	0.5999999999999999
2005.5130997796032	-1.1	0.85	0.12148296593186372	2130.6980949303606	46.159485427486736	0.45789473684210524	0.5999999999999999
2001.1374214784023	-1.1	0.85	0.12143286573146292	2119.0310280176686	46.032934166938226	0.46842105263157896	0.5999999999999999
1996.2551563012223	-1.1	0.85	0.12137274549098197	2105.9055777408903	45.89014684810771	0.4789473684210526	0.5999999999999999
1991.3497647401198	-1.1	0.85	0.121312625250501	2092.7801274641115	45.74691385726595	0.4894736842105263	0.5999999999999999
1986.4181373027752	-1.1	0.85	0.12119238476953907	2077.4671021412037	45.57923981530631	0.5	0.5999999999999999
 ======= BEST CUTS ========
1986.4181373027752	-1.1	0.85	0.12119238476953907	2077.4671021412037	45.57923981530631	0.5	0.5999999999999999

Sample: newVertex/00a_newVertex/bdm_m05_b10_00a
SigStrength	NegCosCut	PosCosCut	bestEff	BkgExpect	BkgError	CVNCut	BDTCut
738.7958003029433	-1.1	0.8315789473684211	0.3765578947368421	2817.596659415097	53.081038605278785	0.3	-0.2
738.5528189655114	-1.1	0.8315789473684211	0.3765578947368421	2815.6521482629814	53.06271900555965	0.3	-2.7755575615628914e-17
737.8135870910795	-1.1	0.8315789473684211	0.37654736842105263	2809.575550912621	53.005429447487934	0.3	0.09999999999999998
736.4964398395497	-1.1	0.8315789473684211	0.3764736842105263	2797.908483999929	52.8952595607577	0.3	0.19999999999999996
734.2787341614035	-1.1	0.8315789473684211	0.37642105263157893	2779.4356280548336	52.72035307217539	0.3	0.29999999999999993
730.1365424029003	-1.1	0.8315789473684211	0.3763263157894737	2745.163618998801	52.394309032554304	0.3	0.39999999999999997
721.9583127604749	-1.1	0.8315789473684211	0.37626315789473685	2680.022495402938	51.76893369003208	0.3	0.49999999999999994
719.2733421588639	-1.1	0.8315789473684211	0.37626315789473685	2659.119000517698	51.566646201955955	0.3	0.5999999999999999
719.2107759425246	-1.1	0.8315789473684211	0.37626315789473685	2658.6328727296695	51.56193239910302	0.3	0.7
719.152372010365	-1.1	0.8315789473684211	0.37517894736842106	2642.104527936689	51.40140589455398	0.3088235294117647	0.5999999999999999
719.0894237308257	-1.1	0.8315789473684211	0.37517894736842106	2641.6184001486604	51.39667693682793	0.3088235294117647	0.7
718.8054076403077	-1.1	0.8315789473684211	0.3732842105263158	2611.478477290873	51.102626911841554	0.3264705882352941	0.5999999999999999
718.7417707863933	-1.1	0.8315789473684211	0.3732842105263158	2610.9923495028443	51.09787030300621	0.3264705882352941	0.7
 ======= BEST CUTS ========
718.7417707863933	-1.1	0.8315789473684211	0.3732842105263158	2610.9923495028443	51.09787030300621	0.3264705882352941	0.7

Sample: newVertex/00a_newVertex/bdm_m10_b10_00a
SigStrength	NegCosCut	PosCosCut	bestEff	BkgExpect	BkgError	CVNCut	BDTCut
715.0444175945526	-1.1	0.8421052631578948	0.37721875	2640.403080678588	51.384852638482755	0.3	-0.2
714.8251943836556	-1.1	0.8421052631578948	0.37721875	2638.7016334204873	51.36829404818197	0.3	-2.7755575615628914e-17
714.1124756974024	-1.1	0.8421052631578948	0.3771979166666667	2632.8680999641415	51.31148117102197	0.3	0.09999999999999998
712.8376566244516	-1.1	0.8421052631578948	0.377125	2621.9302247334927	51.20478712711823	0.3	0.19999999999999996
710.5982469618115	-1.1	0.8421052631578948	0.37709375	2604.1865604704403	51.03123122628378	0.3	0.29999999999999993
706.5270454250267	-1.1	0.8421052631578948	0.37702083333333336	2571.8590625665233	50.713499805934546	0.3	0.39999999999999997
698.5376882817369	-1.1	0.8421052631578948	0.3769895833333333	2510.6069612748906	50.105957343163205	0.3	0.49999999999999994
695.8655873823053	-1.1	0.8421052631578948	0.3769895833333333	2490.4326580716943	49.90423487111784	0.3	0.5999999999999999
 ======= BEST CUTS ========
695.8655873823053	-1.1	0.8421052631578948	0.3769895833333333	2490.4326580716943	49.90423487111784	0.3	0.5999999999999999

Sample: newVertex/00a_newVertex/bdm_m20_b10_00a
SigStrength	NegCosCut	PosCosCut	bestEff	BkgExpect	BkgError	CVNCut	BDTCut
548.2185922310073	-1.1	0.9052631578947369	0.3868724279835391	1587.207227914129	39.83976942596592	0.3	-0.2
548.0611762831343	-1.1	0.9052631578947369	0.3868724279835391	1586.2349723380712	39.827565483444644	0.3	-2.7755575615628914e-17
547.6280344809394	-1.1	0.9052631578947369	0.3868724279835391	1583.5612695039126	39.79398534331429	0.3	0.09999999999999998
546.602794629159	-1.1	0.9052631578947369	0.3868724279835391	1577.2416082595378	39.714501233926356	0.3	0.19999999999999996
544.7587577492203	-1.1	0.9052631578947369	0.38686213991769547	1565.8176052408603	39.57041325587667	0.3	0.29999999999999993
541.6737560803524	-1.1	0.9052631578947369	0.38685185185185184	1546.858621507736	39.33012358876763	0.3	0.39999999999999997
535.6334681043792	-1.1	0.9052631578947369	0.38684156378600826	1510.1559735115593	38.86072533434701	0.3	0.49999999999999994
533.5314776542548	-1.1	0.9052631578947369	0.38684156378600826	1497.5166510228098	38.69776028432149	0.3	0.5999999999999999
 ======= BEST CUTS ========
533.5314776542548	-1.1	0.9052631578947369	0.38684156378600826	1497.5166510228098	38.69776028432149	0.3	0.5999999999999999

Sample: newVertex/00a_newVertex/bdm_m40_b10_00a
SigStrength	NegCosCut	PosCosCut	bestEff	BkgExpect	BkgError	CVNCut	BDTCut
693.6271832457448	-1.1	0.8526315789473684	0.37613131313131315	2461.7511185779936	49.616036909229194	0.3	-0.2
693.3995051743251	-1.1	0.8526315789473684	0.37613131313131315	2460.0496713198927	49.59888780325515	0.3	-2.7755575615628914e-17
692.6508665991428	-1.1	0.8526315789473684	0.37613131313131315	2454.459201757561	49.542498945426246	0.3	0.09999999999999998
691.3187205325526	-1.1	0.8526315789473684	0.3761111111111111	2444.250518208956	49.43936203278675	0.3	0.19999999999999996
689.1141226413317	-1.1	0.8526315789473684	0.3761010101010101	2427.7221734159752	49.27192074007238	0.3	0.29999999999999993
685.1510029827956	-1.1	0.8526315789473684	0.37604040404040406	2397.5822505581878	48.96511258598501	0.3	0.39999999999999997
677.4834223385391	-1.1	0.8526315789473684	0.375989898989899	2340.705299358815	48.380836075442254	0.3	0.49999999999999994
674.8425341297047	-1.1	0.8526315789473684	0.375989898989899	2321.503251731676	48.18198057086981	0.3	0.5999999999999999
674.5223250593285	-1.1	0.8526315789473684	0.37512121212121213	2307.891673666869	48.04052116356429	0.3088235294117647	0.5999999999999999
 ======= BEST CUTS ========
674.5223250593285	-1.1	0.8526315789473684	0.37512121212121213	2307.891673666869	48.04052116356429	0.3088235294117647	0.5999999999999999

