3.307349783354407990e-01
3.267421129170532956e-01
3.782076925223133990e-01
3.972128004453613359e-01
5.410628749871745358e-01
1.305504620111282987e-01
2.494958488542255715e-01
3.924323903557252469e-01
1.778644958143168475e-01
3.504275037238938628e-01
1.263321984699285749e-01
3.192073921041179152e-01
4.137380333567759472e-01
2.523089756240460835e-01
2.675324069397834181e-01
2.310290689932226749e-01
2.315539137170902761e-01
4.288264416091218112e-01
2.786233509436670253e-01
8.120774682315479165e-02
1.311332059282549201e-01
3.870935157618903277e-01
3.316735296974349656e-01
3.728129032607236937e-01
3.347203704267495694e-01
1.351469562666889890e-01
4.152411499049094568e-01
3.162697203130885870e-01
4.090655556962128347e-01
2.627157173105345578e-01
3.012301893392744789e-01
2.444403921372511335e-01
3.610640608608035040e-01
2.854905749894428024e-01
4.892971897290419592e-01
3.494868572752276581e-01
3.600902932384514865e-01
9.769349990893591226e-03
3.767982218900828850e-01
2.225528183003303573e-01
5.363706896700943805e-01
5.520430122802220257e-02
4.236593050374943270e-01
3.215850616068327561e-01
4.136617444602249116e-01
4.496654915247294548e-01
2.933495726979989948e-01
5.223019567007476383e-01
1.520193331075408161e-01
1.072352861535960933e-01
2.047546959768650754e-01
4.017719008207090714e-01
1.607598059982853489e-01
1.410093810587029761e-01
1.946354288031047208e-01
3.717764976151503586e-01
4.023091834710801340e-01
3.342817636678624416e-01
4.031059675021447797e-01
-5.864262388432554211e-04
3.037721689710829454e-01
2.322956251180294807e-01
2.783307043445546469e-01
3.049449778560211488e-01
4.083074165094204844e-01
4.310360616637026188e-01
1.031674873060227232e-01
4.161560134498401009e-01
4.190202482773423137e-02
2.200795712535834336e-01
-2.964444399263270816e-02
2.579940079035291656e-01
3.856835712886744205e-01
3.246821259122669723e-01
3.375130768751201660e-01
3.329193648845773512e-01
4.017779784329834070e-01
3.512453734506003067e-01
1.394163921707089748e-01
3.864094660528265557e-01
4.263410226994518992e-01
4.221631018376357236e-01
2.707003645368740163e-01
3.198914827244961345e-01
1.499817675206582268e-01
2.735280002440179103e-01
3.988344333372990103e-01
1.988970909194273107e-01
2.239357861442485553e-01
2.485849747589090331e-01
4.169728425312896336e-01
4.746201749917978718e-01
1.395182816749912791e-01
3.577024277731256641e-01
1.336491908593654687e-01
1.611329640156534959e-01
4.407395375220213851e-01
3.649913336997555047e-01
2.856564255996452695e-01
4.807352987093358454e-01
1.695603800995607313e-01
3.171442407377809136e-01
3.721804040692535120e-01
3.531379383071595046e-01
4.925663407649572695e-02
3.493110912104686605e-01
1.256156313765650900e-01
3.884387762104917763e-01
2.841220925982597123e-01
2.557012121176415742e-01
-9.549606990901694792e-02
4.718178787404446184e-01
4.076033549618889723e-02
2.914178509626070834e-01
3.897484078417373099e-01
3.679209539283320174e-01
1.474094347379823200e-01
5.887610199434451658e-02
2.560991360803511752e-01
3.949774222371454369e-01
9.805770188304607782e-02
3.469429853291547960e-01
4.233879399564869916e-01
3.216449577213924549e-01
3.986953353659100086e-01
3.892882765034059722e-01
2.469636222090569599e-01
1.250327011023845691e-01
1.980253924366742468e-01
2.649410156513301584e-01
4.038262350181994614e-02
4.132506822188907747e-01
4.219064942063293633e-01
2.276569771313050605e-01
3.883252215875906410e-01
1.054226256220896912e-01
4.101725023438728135e-01
1.355568031598354817e-01
4.071451280561392272e-01
1.588421898700478896e-01
4.143155239457801398e-01
3.869079027047136465e-01
1.484192882143324510e-01
3.413946008233489926e-01
1.691901999207205132e-01
2.917315546251463346e-02
2.509298509178527481e-01
1.263414615217939019e-01
2.471721933806273475e-01
3.300415825071165710e-01
3.740411719758613973e-01
6.730595444349954382e-02
3.832676121979496364e-01
2.282779129067383506e-01
4.453271360717704908e-01
1.191054300823522899e-01
2.684247940740785987e-01
3.954343622854848417e-01
3.890909356743804115e-01
3.283609657897387235e-01
4.066414812280233493e-01
4.114268514618586448e-01
2.572131038522896262e-01
3.222353654563127057e-01
3.301015198234362180e-01
3.913924911286977282e-01
3.396531721339622334e-01
6.804654599574834484e-02
9.553089927011927662e-02
1.880606353557999835e-02
3.438874310292506231e-01
3.351199093698228326e-01
3.739837535683455672e-01
4.074165699392186535e-01
3.834182361231006086e-01
5.424223491716176904e-01
3.975699002064574383e-01
1.681199816960970983e-01
3.617552311302158485e-01
1.527538419854662377e-01
1.291254611783639872e-01
2.786995314625776432e-01
3.107671512515033929e-01
3.789669359826595141e-01
3.601126541347871579e-01
2.724546905803948427e-01
3.694153742081256464e-01
4.168471570812565807e-01
2.577386077783835883e-01
3.721302397440032217e-01
1.462312438161006145e-01
4.316497184356145600e-01
1.404221755106651315e-01
4.466938434264077218e-01
3.107178064802936790e-01
3.256523403496117686e-01
3.415439063751664062e-01
3.064881445064386312e-01
3.143758026239192316e-01
3.198014452197256441e-01
4.500855774493960904e-01
4.092256785564166721e-01
1.805677007386664035e-01
3.470013948194881626e-01
4.336196612138931705e-01
4.019808070210917350e-01
5.467132844693132210e-01
5.012722984813583471e-01
3.571347593849463209e-01
9.441381209343469028e-02
3.950230233326331164e-01
-6.396068140305623869e-04
1.155383555594092920e-01
2.526520279500596433e-01
4.128308178211086421e-01
3.859784000458518216e-01
9.540568483960161494e-02
3.869987860695828785e-01
4.710734947176402621e-01
4.004534298145072668e-01
3.892516714366959785e-01
3.095259417606388008e-01
4.097959340250932336e-01
7.193215932238133936e-02
3.123344526730207349e-01
4.580504815226368875e-01
1.730206087913050972e-01
3.146541587266100115e-01
4.394103114042490210e-01
3.076406414631269737e-01
3.732094950746875917e-01
9.968117204983772961e-02
4.174824926176478601e-01
3.842785117757816504e-01
3.503737123990030011e-01
2.613299447024501343e-01
2.070943626856936171e-01
3.519342778514233383e-01
3.223925730326747674e-01
2.036705414540311843e-01
2.742002419353075093e-01
3.125943766933181878e-01
4.161314839218983042e-01
1.250327011023845691e-01
-6.600250221009462681e-02
2.331981173729384405e-01
3.190706605161857667e-01
4.769254210299671976e-02
3.023414173186537712e-01
3.765876018126650404e-01
3.171799596762068796e-01
2.842566308252313378e-01
4.181286879919360877e-01
2.322467824284374094e-01
3.938008051975979695e-01
2.913676117854183123e-01
1.980758901932868910e-01
4.243195295073102780e-01
3.434085050081432944e-01
3.826911356162064348e-01
4.177728132467113942e-01
3.756423674048818273e-01
5.377277906533927537e-02
2.502185600614955652e-01
2.551974486134441777e-01
4.492391071247793244e-01
4.230422440790846950e-01
3.894604037639919913e-01
2.442586084786928791e-01
2.546302521991010148e-01
1.375553739571856171e-01
3.153111507046741369e-01
3.786228194230703559e-01
1.498227737619065858e-01
2.030080637759349993e-01
3.305841170956211883e-01
5.534157917623826473e-01
3.754560185871733680e-01
4.344155415447247259e-01
4.761219592252168287e-01
2.729332955555630602e-01
5.249948012522157037e-02
4.242377289521662154e-01
1.556930084087175259e-01
3.605307330399876720e-01
3.000702843642386597e-01
3.996640831160331864e-01
2.058548364921088114e-01
4.243221442631085472e-01
1.257836822769263785e-01
2.106020270092940350e-01
3.872496215542308717e-01
2.150429667379547272e-01
1.210737161857873279e-01
4.777656764264492373e-01
3.961366102476184259e-01
3.441606299827510429e-01
1.484669275729169069e-01
1.913432106812980316e-01
2.476960965374379597e-01
3.260217715111606296e-01
4.022238621363412592e-01
3.164503825203200393e-01
3.888103919366535099e-01
1.979429436954843469e-01
3.097628673568650348e-01
1.442856621903944037e-01
1.311644295596584853e-01
4.548591738550344932e-01
5.547003842169279109e-01
4.710399558211768034e-01
4.793821849480388031e-01
4.043640089285023831e-01
6.110155692672319255e-02
2.933250058270724381e-01
2.486996404185934650e-01
3.106042932666134848e-01
3.723812821295333086e-01
4.207750718046257554e-01
4.169696458888032531e-01
3.765073998692096136e-01
2.483830243170217777e-01
-5.282330896466939756e-03
2.103815368749788750e-01
2.753106964377403654e-01
3.989826058199721359e-01
4.113938528768936176e-01
1.840498100700288242e-01
2.342312352539558384e-01
2.404472543225353587e-01
3.814348907815953704e-01
2.021258276837519519e-01
1.822037019404703917e-01
3.290644336434564443e-01
3.700874413831994891e-01
3.084699995309112541e-01
2.512213431830655486e-01
4.815748240686171244e-01
4.128024198918754939e-01
1.898353539806381385e-01
4.252286097856715075e-01
9.719116508250677522e-02
4.683431107727949877e-02
1.215314002723535125e-01
3.107660387624929244e-01
4.210049861724645126e-01
1.749826765979569376e-01
2.826137769108240105e-01
9.227739802305341688e-02
2.695164051196480282e-01
3.944148872646149884e-01
1.739183470093584871e-01
6.845120213101817119e-02
4.157265785844430073e-01
4.007999545402041175e-01
-3.591044805715088578e-02
4.151056397645191409e-01
1.359824589722188615e-01
4.306251589598981688e-01
4.093754879480839826e-01
1.578818133668536197e-02
3.047522966846434866e-01
5.774183813095292717e-01
5.007625521745758812e-01
3.318794677943984195e-01
4.536571952858431400e-01
2.377142686426645668e-01
4.155628820420825265e-01
2.150508912253420446e-01
3.206893427314305156e-01
2.581271318271884385e-01
1.180941836556159835e-01
1.398090097315789759e-01
2.394920863281018997e-01
3.624602852724372326e-01
4.059665353237406626e-01
4.197750164636214198e-01
3.345197468589114487e-01
3.251799889551608702e-01
9.875230206412347056e-02
4.550679680264626548e-01
3.689359479569903066e-01
4.629513293771235771e-01
3.336450919994736752e-01
3.138550481446056306e-01
1.351469562666889890e-01
1.926577946147159937e-01
2.699946557513824286e-01
2.896928929360811367e-01
2.138302368485430482e-01
2.068977391739145189e-01
1.948223599846616860e-01
1.932538867402802119e-01
1.331502870052458654e-01
4.017736742805511629e-01
3.079076546756658317e-01
3.596839748424499605e-01
3.155303153549290363e-01
2.327267207711849473e-01
2.593807398943862585e-01
4.389243664786962040e-01
3.911984793022936779e-01
3.780115661701390906e-01
2.938661841806060604e-01
3.641395096773715201e-01
3.975569779570001794e-01
2.101875189647802455e-01
3.048670667387166078e-01
1.414335879892073544e-01
2.001849701115963609e-01
2.141187654292565079e-01
3.255155725804765865e-01
1.674397493321660713e-01
3.042456315475398632e-01
2.624398925850554010e-01
3.672562204175736644e-01
3.487849126211153283e-01
1.280764184800070316e-01
3.750700478857028064e-01
1.266119696046385558e-02
2.803673250138846718e-01
3.683442003350280713e-01
3.972274403061522019e-01
2.496706226277065344e-01
4.304549761900248184e-01
7.652202352288574316e-02
3.034693113891812621e-01
4.299069371833170172e-01
1.603631813691735741e-01
2.597781240486904952e-01
2.802246872594708060e-01
3.910573648927079260e-01
3.790562578298717344e-01
2.973477519816365433e-01
5.476404526937161954e-01
2.233412356771345697e-01
7.452678932123074640e-02
9.532567104773798095e-02
3.127771773258302135e-01
3.910277866762006949e-01
3.561875627070404948e-01
2.776485821973837531e-01
4.187550940737932437e-01
4.248197296609101947e-01
6.964361873849671258e-02
1.945667719828101661e-01
9.698218732362939853e-02
4.883312466445410283e-01
7.214252417605741818e-02
4.206361364826817772e-01
3.849527778925175281e-01
2.995839973847245694e-02
3.828890635391919428e-01
4.285823314715662691e-01
2.936114811245107425e-01
4.003372063299720507e-01
3.226812892618870499e-01
2.107479117777316391e-01
-2.234827012015419903e-02
3.564485318330069541e-01
4.092972852650522686e-01
3.967080734921551444e-01
1.177078510591301613e-01
-2.868131316682761764e-02
3.519059587158881452e-01
-2.895882887861093904e-03
3.888092027907936177e-01
2.041953319216537333e-01
5.564296584701178272e-01
2.053084919855762969e-01
4.130353403699935644e-01
3.967752630235910627e-01
3.383638481572694423e-01
1.718833934397886176e-01
4.133539542849483661e-01
2.824124924966308625e-01
4.006424539458877110e-01
3.381924251231391287e-01
2.409722803673404190e-01
3.362500749726257121e-01
4.498096050739041063e-01
3.657614689469966818e-01
3.825742777780893888e-01
1.046047708273906418e-01
4.112875593899328885e-01
2.248212170843801316e-01
9.363266091461995566e-02
2.329158747524220918e-01
3.001949980668218720e-01
4.486366541196546431e-01
7.784815733032210416e-02
1.913995048419496470e-01
3.466096485689983964e-01
1.739328718537561103e-01
4.218652317847888522e-01
1.401227438312441509e-01
4.434713082271344309e-01
2.977393699382273051e-01
3.781859292797039029e-01
1.734471252609449676e-01
4.111767566960609632e-01
7.324461504797431799e-02
3.340298263162085335e-01
4.397249547641027823e-01
3.899482806081192576e-01
2.616788139114992542e-02
2.247985040281378633e-01
3.196439152567075864e-02
3.278624689741538867e-01
3.535007292428752335e-01
2.910430345277227882e-01
3.671915515998525059e-01
1.352871584856991660e-01
3.817172015893647297e-01
-2.984089657727174993e-02
4.337619549979244704e-01
4.418146063721679617e-01
2.539398100764007626e-01
9.117925095932467860e-02
4.136700777547521746e-01
4.076402434229549621e-01
2.599804352030651855e-01
4.046713948037297670e-01
5.296113450470992801e-01
4.177154810599983947e-01
3.540967218493848434e-01
2.830168952879108524e-01
2.699566177306136905e-01
2.298335464452186672e-01
4.394096574870923200e-01
3.462055973900828865e-01
4.504166298976778893e-01
3.049290060124533741e-01
4.021934684320295772e-01
3.983428705331074071e-01
3.805040433603574246e-01
1.560318673664871647e-01
5.473121200802427699e-01
3.972211686763255645e-01
4.929250971360653599e-01
3.102784258502840897e-01
2.964048749742477784e-01
4.828800932923740796e-01
4.214572015863624066e-01
3.237394880244577333e-01
2.793272875348288276e-01
2.129606273842269970e-01
3.382656271655791191e-01
4.154163829400521202e-01
4.671468524772254827e-01
2.672391109046725610e-01
1.886372645017890815e-01
4.128248009534229990e-01
4.175943678850286833e-01
4.560287434434991960e-01
2.863424938007699261e-01
4.332307620755517230e-01
2.648651311378127371e-01
3.813292380172700891e-01
2.469163270568419666e-02
2.513776205041831635e-01
4.308947390462303240e-01
4.323411348367892093e-01
3.483192463470637379e-01
4.317769356119012247e-01
3.257265001981206609e-01
2.361276087837768378e-01
3.653884377142486151e-01
3.191046105174200620e-01
4.025193532750852565e-01
4.503015735888798443e-01
3.880730521285398749e-01
3.879252719961607809e-01
4.401613973310498085e-01
-3.823529103248039795e-02
1.712069517985540246e-01
3.791848871518760933e-01
4.113323817597100973e-01
-9.026487015286422874e-03
3.777331447587171098e-01
4.399175385117822246e-01
3.535764168136398822e-01
3.109593200771291199e-01
3.221428691234517472e-01
2.401764344568864742e-02
4.343875738066768633e-01
1.735044572816891728e-01
1.715966799511588203e-01
3.867816334593509597e-01
4.234805560358526622e-01
3.712232931608111519e-01
2.768861407668006258e-01
2.226081561226998795e-01
4.067177732157436498e-01
3.090465981204843504e-01
-3.112646376670558448e-02
6.609395558969477502e-02
3.972163159139538435e-01
1.266872922229310416e-01
2.217970318875515656e-01
4.422159203102948855e-01
3.899760572953074877e-01
4.221100850892348100e-01
2.687778275160636610e-01
2.241490464277461347e-01
3.302757043505490930e-01
3.119998470812239688e-01
2.355467042990988524e-01
4.044942232527520276e-01
1.152125566882031410e-01
4.089595729028859261e-01
3.980856998733202090e-01
1.528915162763044566e-01
2.900351688599477340e-01
3.385014404595098059e-01
4.536660137902200352e-01
2.873574562123677456e-01
4.002715400188876504e-01
-3.450733420971879850e-03
1.170643543949312637e-01
3.156926031124405174e-01
9.595164525278898626e-02
3.709019751365938977e-01
2.833899052092249682e-01
1.652727032262454598e-01
2.909465788426562338e-01
4.220092919749873217e-01
9.118664911030704284e-03
1.799011223184882602e-01
4.167931787095039420e-01
2.394507863146232707e-01
3.268234494233724918e-01
2.575891009893701011e-01
1.669547641213235400e-01
1.943116006456850342e-01
2.876888850571905909e-01
3.100505443515553794e-01
1.118184514116102451e-01
3.655056690029601096e-01
2.337446072007337561e-01
4.112918096854825678e-01
4.039699192812374884e-01
3.963278384242022168e-01
4.087652726226701505e-01
1.698875380064616969e-01
2.485735853404353601e-01
2.964380971192153713e-01
5.748036076696284580e-01
8.445578995731863048e-02
1.236502804576708331e-01
2.044468605750846824e-01
1.733551787257378574e-01
2.248245656713226404e-01
2.419587530845063450e-01
2.258881820089106984e-01
2.744331126227791962e-01
1.892612222764231134e-02
3.011400339136562909e-01
4.103594909506420585e-01
4.366777080335585426e-01
1.578648319271648837e-01
3.806852056316480382e-01
1.058506470970028979e-01
2.344372158389376182e-01
2.038597953536854246e-01
2.668805739365666674e-01
3.783090864436947087e-01
3.490279963737663582e-02
4.101544347290115855e-01
4.079932210994159925e-01
3.991116301477716233e-01
7.107902141819504027e-02
4.515055792182725569e-01
2.391993437678915091e-01
3.152978264164929545e-01
3.692076624023668541e-01
2.579670349073927282e-02
2.022559830060855213e-01
2.005007038451151191e-01
2.974531362913930832e-01
1.300326274212912636e-01
2.707792481069959400e-01
2.067402064905637660e-01
1.763856567964022515e-01
2.034486184434552425e-01
2.241737248556534001e-01
3.432870218471782420e-01
2.377538496340745322e-01
2.866628252648200648e-01
3.009411523960607848e-01
3.978003636406499122e-01
2.198896634471455835e-01
4.103774277820719241e-01
3.835524774318506136e-01
3.897110889638721321e-01
3.541903818103994128e-01
1.648878726475941636e-01
1.979508210684724490e-01
1.143067130508143570e-01
4.008553653058707367e-01
3.398658836882302303e-01
3.683971290162230683e-01
4.319573482850095347e-01
4.229500515521514847e-01
3.332265628623526932e-01
4.053121342019644913e-01
3.890191849462999452e-01
3.844431598173957965e-01
1.873072061074287087e-01
3.788112497802457734e-01
1.757847097249390089e-01
2.057838897169996795e-01
2.568441310136413969e-01
4.137707526162143767e-01
3.304805963460306639e-01
4.254119678244704938e-01
3.610521663110350943e-01
8.748914457885109686e-02
4.379975760823153208e-01
2.609995395325722112e-01
2.211338156637592811e-01
1.627802540277061838e-01
3.710071125469823206e-01
5.093506110834451484e-01
3.914653660465906015e-01
3.666222296435585060e-01
4.110412791685441047e-01
1.664505839731458825e-01
3.936891941525809679e-01
3.998330974446571151e-01
3.683239730301310355e-01
3.968383657387664631e-01
2.442454220068717985e-01
4.119276408877592388e-01
3.784132156142386849e-01
4.121652993608090343e-01
3.291842155410167337e-01
3.530235377411752307e-01
6.003145029460815740e-01
4.456163805589954952e-01
2.466340382321616786e-01
1.932260082104738930e-01
3.832037653200708327e-01
6.590020433434050362e-02
3.333172449900259071e-01
2.559148034518862747e-01
3.900363310926666105e-01
3.863104776213056590e-01
7.888936088557166326e-02
1.744988943291326255e-01
4.087980491413520379e-01
3.963850877924733340e-01
2.822560780022822513e-01
4.124175922176785414e-01
3.700801877158559905e-01
3.393730433182890471e-01
-3.901361399884632764e-02
3.021727249487974332e-01
4.178155205928119065e-01
3.099465711917036015e-01
2.330047226756645218e-01
3.523089374042790989e-01
2.097439379128518133e-01
3.943494735580768684e-01
3.758947575194807600e-01
4.008133721236091240e-01
4.238986587990712374e-01
4.379069727898323161e-01
1.239073665770895893e-01
3.286834998882572356e-01
1.992336274495451198e-01
4.546286184326226998e-01
4.335392487389876370e-01
3.398798282848817798e-01
2.347992936688656496e-01
3.440195041213165994e-01
3.963965145798645229e-01
4.541021240046020924e-01
3.915193663262276913e-01
4.097881495064742419e-01
3.761930097777774762e-01
1.409569474676890255e-01
2.920612238296247387e-01
4.047831613822786001e-01
2.667949912009339730e-01
3.671152871007182239e-01
3.776466779071722679e-01
9.384560986654104375e-02
5.554281066297422909e-01
1.752476654317282334e-01
1.181973637905060354e-01
3.693582881739210233e-01
4.088723761204641760e-01
1.451031961414288862e-01
4.196272113529347370e-01
3.751822882222526356e-01
3.096896274735336796e-01
2.257541539700963218e-01
3.401702421884230110e-01
3.030473511786134777e-01
3.977731821591478090e-01
3.464308140311753714e-01
4.122724077546832677e-01
2.258027571096272168e-01
3.049843796011039165e-01
3.723151511057486984e-01
4.318033127877483057e-01
2.481379032996801626e-01
3.906985195752778472e-01
1.608012878306079030e-01
4.626393783634921708e-01
2.994691107712667000e-01
4.270789492073495119e-01
-7.383609747769244447e-02
3.985295703541272272e-01
4.045354424394145276e-01
5.722611996800715251e-02
7.655532466901238120e-02
3.295770334521868627e-01
2.042878377225173028e-02
2.177473138908529449e-01
3.832402358068127679e-01
4.332198176765402198e-01
2.886050662285950530e-01
2.608187667071212301e-01
5.820466185725810433e-03
3.214534349708966232e-01
4.088057266930655853e-01
2.860621281268423965e-01
3.593740359518259320e-01
2.142395393639550394e-01
9.886270745456934850e-02
4.172419648756121036e-01
4.213808173407234681e-01
4.854363020121402750e-01
3.931615761156387889e-01
3.345674932673857738e-01
3.289696562143667458e-01
2.647690339454006336e-01
1.736939030568606379e-01
4.665021077534216021e-01
3.762954688248168478e-01
1.224605812577066327e-01
3.137438202386130803e-01
3.935673639923024103e-01
3.443762578374198746e-01
-3.672111838831851327e-02
3.950889163571276730e-01
2.658460996753556072e-01
5.329438165000118799e-01
4.770366909909031783e-01
2.037127641296807012e-01
1.689487577734626877e-01
9.412467507102163788e-02
1.721514707354938611e-01
3.498154919727022860e-01
2.171984629076186279e-01
3.259255121879560124e-01
3.384079673171499492e-01
1.449440037439305162e-01
3.750616069603947555e-01
1.330578373303698547e-01
1.954962083371278025e-01
3.944190970222800074e-01
3.182407928411351006e-01
-3.462335803376172857e-03
1.189944338766142987e-02
3.242969831047702312e-01
4.611756311135367659e-01
3.162275553738428391e-01
2.538540245268681717e-01
8.930872018574552429e-02
3.664613041373878111e-01
1.621408279978077127e-01
3.583314905179085241e-01
2.379983655239064355e-01
8.276860234758284807e-02
3.466629743513449102e-01
3.555916973778708301e-01
3.583895661827035117e-01
3.103786379076875490e-01
2.242330026689282052e-01
2.277246807096733328e-01
3.895887745895568743e-01
9.260897410296700660e-02
2.439234688822129460e-01
3.305456120593348590e-01
2.270301388666366993e-01
5.445972788380515350e-01
1.541244832160949263e-01
4.233827974955373663e-01
3.020738229662864316e-01
2.878723459136744434e-01
2.479129749671767635e-01
1.841957982370422131e-01
1.980071939813298765e-01
3.182277542475339671e-01
4.401344562761317358e-01
4.447561025827510006e-01
4.446822691949139927e-01
1.116306856299017630e-01
4.204184283748043094e-01
2.784340240851561621e-01
4.379159392554136110e-01
1.517753078215452744e-01
3.514339823902276616e-01
3.953469046830601075e-01
1.787864568499298867e-01
5.404768026898093547e-01
4.191592398549369713e-01
3.580186378786542889e-01
2.676134608271322213e-01
3.749557142051535563e-01
4.446888727623836690e-01
3.627437883172357491e-01
8.685116856149423248e-02
1.361988796599480078e-01
2.092144128941506864e-01
4.172527642178736063e-01
4.331617004573015128e-01
3.549193816852329042e-01
3.036064335847347695e-01
2.327237755507169936e-01
4.127699497516380545e-01
3.684947774777175278e-01
3.172918344041890659e-01
1.529184692887574845e-02
3.920788502109281426e-01
1.516112401158481171e-01
4.217006419152466434e-01
3.294462769907818278e-01
2.849105733751537417e-01
3.400454509784001655e-01
3.924176407065589345e-01
4.469688253829574576e-01
4.013459972739270021e-01
1.312560081679209623e-01
3.574574039357155675e-01
9.381968267366125325e-02
2.074519636726306349e-01
4.370535344717060844e-01
2.894752649081600016e-01
7.990254303260570234e-02
2.262167024368517132e-01
2.336436343629986756e-01
3.973852583988241594e-01
3.750213813460820944e-01
4.259276195093827933e-01
1.448378883674479312e-01
1.608430425416056408e-01
3.498877700459669393e-01
1.721296788632626640e-01
3.804225948250837264e-01
4.498394311648462596e-01
3.002887602438844006e-01
4.826812924356257972e-01
4.337745241487139802e-01
4.270116349918364751e-01
3.955799605917365569e-01
3.575138274431308716e-01
1.864365075297733654e-01
1.675071169325878517e-01
3.471315064920216797e-01
4.128779836706453765e-01
2.859449850920517400e-01
3.242901276796139598e-01
4.664550822305233990e-01
3.716327285342647668e-01
3.862299713532699186e-01
1.534466987470582133e-01
9.307346623059092883e-02
2.939531266987932545e-01
1.910125580519072275e-01
1.954683457455148599e-01
4.338657184561702795e-01
4.738383118897233071e-01
1.797794785982480270e-01
4.056657787411503402e-01
2.044332494305416414e-01
3.632383593063169824e-01
1.880978996221431276e-01
3.172680954687284727e-01
1.762984404244730130e-01
4.566938390152416871e-01
4.390040371559540411e-01
-2.509353516925216798e-02
4.328757476297133144e-01
3.904930515020168524e-01
2.596407963007515418e-01
3.735616323680209794e-01
1.023820397104787706e-02
4.980322197630496911e-02
4.167065190851729217e-01
2.402615840061153030e-01
1.458729682748212686e-01
2.180552200783356931e-01
1.825267133653195317e-01
4.258448944249185741e-01
7.744325730905562977e-02
1.913132891842161398e-01
4.055339579216930002e-01
2.276871259745532339e-01
2.173567961415798777e-01
4.085083820975075608e-01
2.846697912858990320e-01
2.572995798736118500e-01
3.760188743981818793e-01
3.069865514499066639e-01
1.657864032008014021e-01
4.691766183022901271e-01
3.659439254431573474e-01
1.591348512818776262e-01
4.345941445767878553e-01
3.750947374075884744e-01
2.069648099961508558e-01
5.487458101147058009e-02
4.140985354787126704e-01
1.341970303715498136e-01
4.092136883463687314e-01
7.771060901500594087e-02
4.251600979391425006e-01
6.875210717271935945e-02
4.103650143930214211e-01
1.251985584498838955e-01
1.930181779289091848e-01
3.805505680723367257e-01
3.968726612870870918e-01
2.949513746393315206e-01
6.053327524147827932e-01
1.897791913113786380e-02
3.812348875637198153e-01
5.408791147229365937e-01
1.509898544819241462e-01
2.217000937311209285e-01
2.366684198483084978e-01
3.253348476370306330e-01
4.196837285497497794e-01
3.338322615952427630e-01
4.365611708264585111e-01
4.037014554182143389e-01
5.429496227169314237e-02
3.768039092474195773e-01
3.694368277529142541e-01
3.736331580423794541e-01
4.071975669011037025e-01
4.143383509033127243e-01
4.132272999919198164e-01
8.918897899203873103e-02
2.681645671191896785e-01
4.294462688113715454e-01
1.029781623561533133e-01
1.845644382329987565e-02
4.418014456670064094e-01
1.757556321793144194e-01
8.073422383404681157e-02
3.873757166982998434e-01
2.537263672090466979e-02
1.664553638544588599e-01
4.380694864724020143e-01
5.586147403663781486e-01
2.430452542664399973e-01
3.066785071971105392e-01
-5.970101294570966804e-03
4.880234352874936454e-01
4.044195765347052829e-01
4.372893877018844133e-01
-4.808368289922568262e-02
3.239926739595557215e-01
4.140576109696927354e-01
2.441150203038227051e-01
1.619097784862143230e-01
2.881048947046168651e-01
3.148544143830631081e-01
5.136050249082581287e-02
3.939675792998154624e-01
2.207444661119689344e-01
3.072781204134610866e-01
3.237821872380859389e-01
2.900440813104573912e-02
1.553118467627668253e-01
4.150166743353511101e-01
1.124565469005859575e-01
2.699833800578571030e-01
2.851858471463838418e-01
3.215971219802000181e-01
-3.852006614531131717e-02
1.968958336158827815e-01
1.915439992013986403e-01
8.491820844974069804e-02
4.273449185589855981e-01
4.756507600485630483e-01
4.415981508309863024e-01
1.682313017355317186e-01
3.196274000234384238e-01
4.338727069883214216e-01
3.969932122426739762e-01
2.711915608819077672e-01
4.347408451649675265e-01
4.418158981075056557e-01
4.226476400944420009e-01
3.055831868106190230e-01
4.190174048917126859e-01
4.042343271152165074e-01
1.293330841078188520e-01
2.626296815422574649e-01
4.316373187389918042e-01
6.656342232673802262e-02
2.645664965495895804e-01
7.154818249772088024e-02
2.652917527487010374e-01
6.202971194468707983e-02
3.740529994119876078e-01
3.144775698091801241e-01
2.757309122952481539e-01
2.410643368568917977e-01
8.588342768197276822e-02
5.059118045061438140e-01
1.420825544204314395e-01
3.523580443421676089e-01
2.851789306032090909e-01
1.491934711921766854e-01
4.152296739077627197e-01
5.008239847869927486e-01
4.238774457431049858e-01
-2.112767535209475120e-02
3.165701579036040436e-01
2.465126896304186965e-01
3.396242755514048417e-01
4.443765631731133592e-01
3.599299736014636153e-01
3.923887443729547897e-01
3.384970408750052062e-01
3.153691958104599125e-01
5.455217088258531577e-01
3.250043896060830217e-01
3.472914435086376650e-01
2.267576947393364628e-01
3.004211122465548778e-01
3.222677207461256410e-01
3.941518929870886367e-01
1.976214117945079007e-01
4.227787839270764070e-01
3.985894343952121610e-01
4.441874716583913973e-01
4.296599748300718447e-01
3.881633369268543965e-01
4.398258213195537780e-01
3.213584813866490197e-01
2.286220948943488707e-01
3.278728860072350204e-01
3.474285326763957293e-01
1.935986786684962546e-01
3.244578858524663212e-01
7.755880402978854171e-02
4.395120137786850956e-01
2.220162342957133772e-01
3.140697883980171357e-01
3.223169007102956174e-01
9.715863788530046397e-02
4.448194296462808506e-01
2.064047455525127861e-01
3.833523661682722294e-01
4.379387493463646752e-01
4.015964876264106476e-01
2.893485716124584162e-01
4.199772562773355089e-01
2.255464183478116669e-01
4.351547314072916062e-01
4.376645435430086550e-01
4.048795791227233209e-01
4.173568790321144917e-01
3.240348991662297951e-01
3.887159023182464312e-01
4.380802005896736739e-01
1.719079283357844434e-01
3.471393144122445484e-01
4.068305731991595509e-01
3.904606166094078956e-01
1.408441754707656646e-01
4.105624487454779259e-01
4.144377392574550845e-01
1.437592159840962204e-02
7.755749005462876655e-02
2.096443298989741910e-01
2.114784813026944210e-01
3.903073669330242579e-01
4.549890574034228807e-01
4.518581665360654198e-01
2.236952519034960951e-01
3.780910020015145201e-01
1.341783304984630887e-01
1.635504516117994300e-01
3.220381215530788710e-01
3.842744842311364706e-01
1.414032677260991799e-01
4.542242816213654666e-01
3.934385640543495710e-01
3.687575463280920451e-01
4.402798184087504674e-01
4.526000095839925047e-02
3.899761757970460208e-01
3.927841673307471693e-01
3.974766106256141240e-01
9.470862259404173866e-02
1.114254639451360725e-02
3.930776453921630553e-01
3.076381685691788603e-01
4.058555034269262785e-01
4.279301989776111426e-01
3.730484805262441195e-01
4.475498373324473533e-01
4.406498552812931208e-02
4.137974252995481050e-01
4.507265260513303451e-01
2.833813955728248235e-01
4.292653496844044403e-01
3.640771903765258055e-01
1.880947238502360119e-01
3.721077197665521030e-01
3.478818677989478081e-01
3.803316443258262236e-01
3.846752487165135820e-02
4.394634269040987307e-01
9.683329761447400860e-03
2.847334634815931742e-01
4.207251460595563541e-01
2.216921980133915171e-01
9.627424656868019404e-02
4.276573950299058513e-01
2.767089305450874948e-01
1.539721099795653414e-01
3.541514026219362288e-01
