2.551069135522996897e-02
7.083637417132435110e-02
4.363867841078288845e-01
3.368309753910675441e-01
2.689258594231449528e-01
4.161240903013461168e-01
2.073483187161233587e-01
3.291523529296503936e-01
5.737085938560761156e-02
3.964771102013645021e-01
4.711796058956303074e-02
3.010967260923596567e-01
1.310989923685321190e-01
5.596424779375651637e-01
2.613930243064671588e-01
3.370543228705462080e-01
1.257499146183751471e-01
2.993798174706918114e-01
2.185381841468026776e-01
4.131662162459657228e-01
4.098326986915712400e-01
4.275383109067633636e-01
1.582950982159664864e-03
1.284574531857419211e-01
4.014244971241335835e-01
2.576137456996739350e-01
4.506502224665386303e-01
4.518760970606801042e-01
4.031520885779502072e-01
4.069219491179987824e-01
9.726983983791859245e-02
3.313252981483778004e-01
3.275562872857108454e-01
4.152781741466243237e-01
3.608476165225172894e-01
3.917966588177258513e-01
4.436291136231915733e-01
2.657241837921807681e-01
2.759955331709556536e-01
6.601700805365542761e-03
2.083591336498563928e-01
4.142190168933633787e-01
3.796006676793442502e-01
2.019407900404794343e-01
1.922261338584694279e-01
2.878409987184832874e-01
1.334951470636631388e-01
4.172846695662114080e-01
1.912489472783946154e-01
3.461756118445954988e-01
2.559405618959668116e-01
3.998620308930390110e-01
4.138809196494999676e-01
4.220896783927878260e-01
4.119566334832798771e-01
2.828413892703625088e-01
3.834788428331695753e-01
4.065758819683427672e-01
3.843220220790404817e-01
3.312756696534677192e-01
4.159267375640576248e-01
3.654724206349187487e-01
1.019580342739035000e-01
1.664936540233596385e-01
2.687498975359226550e-01
3.710815451237571283e-01
4.098850942186733071e-01
1.085439123457210414e-01
3.931154296466037312e-01
1.808341363745199215e-01
7.107896847414098274e-02
1.835255464289379246e-01
2.704202711555442895e-01
1.255877794017702109e-01
3.722811994240801114e-01
1.306617906601955370e-01
4.072443197372281332e-01
2.940969156959374331e-01
3.285366928310786139e-01
4.277989959770918671e-01
3.757004035276050868e-01
2.177105004295414037e-01
3.122580471003881808e-01
3.738143626357195437e-01
2.280434790989732119e-01
4.532277479727844782e-01
4.452939850444429526e-01
2.003562399772505498e-01
7.429348854111775258e-02
4.119249818182856848e-01
3.903505538045422552e-01
1.825615366944924878e-01
2.061967929259940213e-01
2.188656709987213123e-01
2.340904542757324680e-01
2.177108632373851993e-01
5.004468473611243251e-01
3.591902900438911361e-01
3.905973996061825049e-01
2.581909291633739945e-01
3.648249687106829842e-01
2.434674738603431199e-01
3.040150333051721554e-01
4.015499101363461665e-01
3.991178732491138664e-02
3.051096966833377055e-01
4.004839590401414878e-02
3.138946291360156238e-01
4.289139808267145582e-01
2.513299039700966908e-01
1.442257836529702020e-01
2.838475313726724347e-01
1.282425263833750495e-01
3.165701579036040436e-01
3.982041101630474089e-01
4.502906052903580814e-01
2.111012042399952604e-01
3.846481050058846440e-01
3.942037651315121183e-01
4.361309444972439331e-01
4.402524626807318153e-01
4.044942232527520276e-01
4.339140703603976412e-01
1.365634269659037059e-01
3.734686564682502818e-01
6.814249713559755728e-02
3.644713332997823740e-01
1.763463713695307411e-01
3.474453444881691055e-01
2.380214800016761389e-01
3.228030091151375958e-01
1.318547110919643661e-01
3.416285538764900487e-01
1.929661597319227984e-01
1.454261010972790202e-01
3.278305769863061325e-01
1.842983990836934427e-01
3.697191181257724613e-01
3.371200771451060563e-01
4.123218389956490038e-01
4.101243175287565546e-01
4.033984815751531783e-01
2.305828082916868138e-01
3.361961450637689364e-01
1.403604049597950432e-01
4.266526224400726264e-01
3.039315791196750549e-01
1.787182345360100177e-01
1.518097827251101428e-01
1.077856300367528164e-01
4.251317570201995077e-01
4.429877501821879449e-01
3.895177709908724806e-01
3.852812597119614768e-01
1.908607530303841615e-01
3.789469764269637331e-01
2.047513801946974632e-01
1.735830063416513303e-01
3.934480320777094531e-01
2.561680042411937919e-01
3.505086303626382405e-01
3.447960370517043627e-01
2.064065656495937262e-01
4.122218464320119291e-01
2.969179414458120170e-01
2.747342944174902546e-01
2.678960957460773673e-01
1.992828914769232129e-01
2.640185676217026711e-01
4.579350501243023008e-01
3.367169937303887139e-01
4.756335518202595147e-01
2.864121192773450564e-01
1.794857971264818275e-01
4.458632947812823932e-01
2.398249815541413643e-01
4.718262136116757044e-01
2.186452691961248695e-01
1.194113151845112852e-01
2.915961898552907883e-01
1.618731492502946401e-01
3.657880297051064322e-01
4.404232556349774730e-01
3.463081649599854539e-01
1.716680571871526118e-01
2.215221676288288977e-01
4.272267358954970340e-01
4.148767280973154614e-01
4.530812961718682086e-01
3.948821204503103477e-01
3.090251183111297761e-01
2.414284031852028112e-01
4.266130891646988110e-01
1.783298246167025758e-01
3.800391381363367738e-01
1.842312907525034682e-01
2.182869560369748163e-01
4.227919511465141333e-01
3.994886133886049739e-01
2.587290369277411295e-01
3.585493811292512767e-01
1.840900113958417461e-01
4.173681632522879825e-01
3.188918712671048872e-01
4.923571196387357962e-02
4.142707913236431949e-01
4.122308718165249020e-01
3.773725196123913772e-01
2.848052532123466762e-01
4.555102187553023985e-01
3.350372587223750531e-01
-3.640540909370872796e-02
3.057813742466030105e-01
3.425802708812181741e-01
3.161114615731955291e-01
3.658762589588206438e-01
4.549069128778962523e-01
5.724446021492426429e-01
4.718508561643849353e-01
1.707739744116465452e-01
4.302934808091594121e-01
1.699123659463445124e-01
4.018367522248799673e-01
3.936838278826755300e-01
4.074067377387722289e-01
-1.184275748535458528e-01
1.696462946898520396e-01
1.511660639998146094e-01
3.863221012269730248e-01
4.088664194164762788e-01
6.377706074193659203e-02
1.676617457424533220e-01
2.387048926394185755e-01
3.450415578827504270e-01
4.389636498880092330e-01
5.767107579699511932e-01
1.805243975385641131e-01
4.052671135409378067e-01
5.687991766916181691e-01
8.157022189945709045e-02
4.271563372324209129e-01
2.928962187587317856e-01
4.154098560501779946e-01
1.644270904210371198e-01
1.782952748611991989e-01
3.025583675506540171e-01
3.902845935626749196e-01
1.459868843518829784e-01
2.579450954810994512e-01
1.789961236854215043e-01
4.201053685234765189e-01
2.350205748365166991e-01
2.948146615569229856e-01
3.366098595283627537e-01
4.319968371637235571e-01
2.777856757010772615e-01
3.913847309245110373e-01
4.522497616719432512e-01
1.813359278994186308e-01
3.734924371448694602e-01
3.232583862350849602e-01
3.494723152323109261e-01
3.001660123797534885e-01
1.547493647083578172e-01
3.981332757280843238e-01
3.249575491384208425e-01
4.147267030291645895e-01
3.500770266166818856e-01
4.034503480766367667e-01
1.308770600222099456e-01
1.386155850294786551e-01
2.108654763733289195e-01
4.104952881341091264e-01
5.881120756197867339e-01
1.644019234898363990e-01
4.125076420041418612e-01
4.121821695936075947e-01
3.852355562137109168e-01
2.561391098992155113e-01
4.559744674896495931e-01
2.979034235625072635e-01
-3.764161298047660753e-02
3.717530947665533270e-01
1.438689655980159576e-01
1.868368227505169676e-01
3.825689924179844215e-01
4.417525908772499399e-01
4.228329033930734449e-01
1.805859098160153275e-01
2.593756604186043813e-01
2.695810333787383994e-01
7.515590237012609309e-02
2.985388530372515281e-01
3.199342168123229802e-01
4.164651231602319315e-01
4.836910806032446719e-01
2.788083601232866915e-01
9.762612651775819106e-02
3.989125574340937619e-01
3.974002403213561796e-01
2.682133153569627448e-01
4.391129862270430895e-01
3.724836857844784910e-01
1.801337368071513345e-01
4.069840600449891599e-01
3.968754220124638410e-01
3.510508176613838516e-01
2.426411746238716360e-01
2.473714339302759690e-01
2.499137347791788588e-01
2.150555192918620628e-01
1.356389053555328433e-02
3.548715631425595762e-01
4.091791004439690460e-01
1.883794286182192412e-01
3.921358801684172724e-01
3.197235255135346121e-01
2.117409625705935494e-01
8.119430301667600325e-02
3.386211202447526603e-01
1.796838032985801636e-01
3.995409886675108102e-01
1.643091314835199712e-01
3.546003441141151735e-01
1.683480597641487386e-01
3.170310113307854838e-01
4.974856765425658689e-01
2.635312433707666102e-01
2.197218878631265471e-01
4.157322790325705397e-01
3.649507070217857252e-01
3.021048856909175906e-01
1.023387013586987554e-01
2.472880301578084528e-01
4.736469897540404594e-01
3.957115330388524810e-01
4.152150532163707553e-01
4.329003172391254206e-01
2.506459814968807764e-01
2.275682552691623423e-02
3.874296699257760435e-01
2.678962569018030204e-01
5.611057091489622950e-01
1.555979852005492936e-01
3.291255452514264546e-01
1.410807846059415060e-01
2.223142443432612192e-01
3.811328832919974041e-01
4.104952881341091264e-01
5.633524671339006362e-01
-2.824136533837056512e-02
2.647910005828008617e-01
4.808019337804313453e-01
4.529476633878022351e-01
2.519906818888806299e-01
3.035920266611848439e-01
3.950108811366369044e-01
3.862613335686394533e-01
2.683498624705497604e-01
4.062272217218197423e-01
3.067488590362329459e-01
4.198548670510817704e-01
2.599487974794519873e-01
2.232157987654116715e-01
4.107574435222272613e-01
1.770009269252953155e-01
1.296317557070892079e-01
3.933454839261590341e-01
1.660548531224435298e-01
4.078361291203380645e-01
8.685116856149423248e-02
3.838347449425036362e-01
4.044847477607951824e-01
4.332524660672919525e-01
3.441903636290596369e-01
6.035797494824867576e-02
4.228364687975351144e-01
1.561876935843479475e-01
2.587907842170436012e-01
4.294625370752545579e-01
4.288608255773321276e-01
3.948296350510914210e-01
4.365517537970190487e-01
2.097657210717198961e-01
6.604318962746658084e-02
3.918336756738281523e-01
2.462909236678400560e-01
1.734006164819725526e-01
8.105369684511386230e-02
3.670556812241351219e-01
4.587382617958857822e-01
2.785560044264721036e-01
3.680070567272669124e-01
2.002812632302022611e-01
2.749510035590311263e-01
3.128851304180214621e-01
2.113071021465713073e-01
4.248233130937351110e-01
3.511739523988376410e-01
3.918896055069839290e-01
3.175396197968199941e-01
2.892037079671950783e-01
4.483074852515280262e-01
1.287693134974123854e-01
1.528876650527860592e-01
3.389027632769687215e-01
3.256902612378847484e-01
5.702503084024984625e-01
4.348121165750915007e-01
5.230416733068616875e-01
2.077740146359097761e-01
9.471346913258264777e-02
3.856142410498866746e-01
1.224093343178337401e-01
1.193415692975561826e-01
1.721123250232508839e-01
1.680816290191889106e-01
3.949629622113524224e-02
4.223846051545543379e-01
3.023868709508435448e-01
3.077130411292994805e-01
9.094963550133340624e-02
1.259246834127914494e-01
-2.631455137623486384e-03
1.097880319183421743e-01
3.922605803445415318e-01
3.987849183028245315e-01
1.320219243476835613e-01
3.451706220430670879e-01
3.358276562731885573e-01
1.045872765518232467e-01
8.731414258008773910e-03
4.083364945996302842e-01
3.976511835197693023e-01
1.696208480596949064e-01
3.876417217513853514e-02
3.964609605636966738e-01
-4.649688163490203752e-02
3.995307500509127641e-01
3.840649694438315054e-01
4.276289813336346390e-01
1.891260094510236744e-01
2.816888362577047444e-01
1.951263553658191541e-01
4.012811770718945348e-01
2.440587255052284466e-01
3.304333107499892730e-01
3.795214184799086121e-01
1.296751101656246907e-01
3.168481790812129884e-01
3.803577698514476468e-01
5.550312535263948743e-02
3.454008013801294075e-01
2.347080878265762616e-01
2.758278033165334486e-01
8.310020118597108429e-02
3.526367500581808478e-01
4.288730757360467161e-01
1.612041064420705327e-01
2.226551308850712729e-01
1.084660068298642366e-01
3.780301375003735642e-01
4.227218068306569654e-01
2.851675555980902055e-01
3.434822791658571073e-01
2.903597927548820512e-01
3.531502314777315021e-01
4.453048267917383285e-01
4.343029902033495593e-01
3.364775400555812812e-01
1.757468578226440148e-01
-2.615466789234359088e-02
2.243642601331535535e-01
4.188774363308704896e-01
2.325998133549574964e-01
1.898152428227969923e-01
2.181865726997475607e-01
1.777023319369710752e-01
4.155486545308286206e-01
3.357352632144267601e-01
4.093460076531814096e-01
4.300367936787874990e-01
1.519785384691236807e-01
3.812594903668962698e-01
2.240488237483380940e-01
3.879319524901791993e-01
2.432401146654956936e-01
3.666358707039816811e-01
3.477122386180785396e-01
4.188055368947259938e-01
1.334515925297133365e-01
1.853452043823004547e-01
2.668939031415742402e-01
2.240221059629771139e-01
3.011284816616158905e-02
4.099552844664018370e-01
7.124226685729873054e-02
2.319183898794733301e-01
1.415861011374534295e-01
2.336159841025602091e-01
2.079735420211741292e-01
-3.787534200164126286e-02
6.888071010568110053e-02
3.043665595842892091e-01
9.562152272781405948e-02
3.849189711846145445e-01
4.102874917672357791e-01
3.298093854041069806e-01
9.922730682286975967e-02
4.451712253757795779e-01
3.607337298789887736e-01
3.121623664067336157e-01
4.179595411164620522e-01
4.348321909189734602e-01
1.376681424687637434e-01
2.586454595933785350e-01
4.004457099407442433e-01
4.893198968363392520e-01
1.748087186182853969e-01
4.413641884835912688e-01
2.281855617136117897e-01
2.904832553015044283e-01
3.619106108919468157e-01
3.890758407270809571e-01
3.648304963022829250e-01
3.669495840575441314e-01
2.990425981189097082e-01
4.415756662048941905e-01
1.498562639465209068e-01
3.221577327931984258e-01
8.273749891909826237e-02
2.771134877707194868e-02
4.078964299083767675e-01
6.707035788410363464e-02
4.410053540163728636e-01
4.396375036344620235e-01
4.110397330859874576e-01
5.219500446685971795e-01
2.708680185435448085e-01
2.006637429434814657e-01
2.878746507226985774e-01
3.682248320525171037e-01
1.974411591153435175e-01
3.627656757875081239e-01
-3.336890618885521298e-02
1.680353763301080383e-01
2.698788738061507209e-01
5.679034311782200639e-01
2.772705672113716102e-01
3.669872616355248085e-01
4.637499039628189546e-01
3.317974552970692770e-01
4.646470256067004589e-01
2.700687263138518701e-01
2.925832056898654554e-01
2.858004734874048935e-01
3.263848455689397077e-01
3.788262587349495725e-01
4.143120886401284175e-01
3.660040117164942708e-01
-5.079319908623781792e-03
1.525200527850442134e-01
4.079602877401977690e-01
3.798705772967714833e-01
4.397598680483769673e-01
2.917750234180470081e-01
1.200377123299847248e-01
9.271763350141075388e-02
3.742277800991072878e-01
2.474083222850181896e-01
4.438876508910010177e-01
1.758327817642411084e-01
4.054708707660946154e-01
9.465326751091478197e-02
3.725930886350716231e-01
2.385962651329211759e-01
3.299399844855770425e-01
3.203987507018515868e-01
3.865389981207432157e-01
2.152232795548842670e-01
4.275824767038827745e-01
4.940347381215735578e-01
4.020372014009789274e-01
2.669532368292900637e-01
3.945751108264012874e-01
1.967843028167909625e-01
4.033404282954029529e-01
4.646130120394075802e-01
4.367855387237439269e-01
3.459454742901840185e-01
3.311586828783225078e-01
4.166744040352290956e-01
1.137571363844676192e-01
1.121488485320003420e-01
4.170594771980591364e-01
3.146054052400729661e-01
2.336395890181974244e-01
3.250931943774318933e-01
4.888747880829011905e-01
4.420192524848404747e-01
3.954691335834322752e-01
3.866254777103951268e-01
1.758631016954116111e-01
4.348953805603191225e-01
1.778310824732668993e-01
5.356321942418228454e-01
8.761091565422918226e-02
1.929980946797626717e-01
5.125186851154438228e-02
4.252159354106491707e-01
2.132987003707098039e-01
3.046901604474078762e-01
5.387173236878110005e-01
1.753655549683453829e-01
1.518391371897133968e-01
2.570712645116376982e-01
3.101092175663461292e-01
7.532892744164525374e-04
1.843009601485779414e-01
2.589572766286788452e-01
3.565138540077399942e-01
4.044416086675516886e-01
2.381064805186830502e-01
3.798016754235119530e-01
4.547878573013910963e-01
4.057361675290815928e-01
4.507804204428593198e-01
3.081071365854731181e-01
4.345602876840624629e-01
4.356875916524450831e-01
2.067666551730402702e-01
3.438359731430056243e-01
3.679320007301063455e-01
3.875997546910603386e-01
2.403695616616921271e-01
4.137293109483466402e-01
1.206965470339412816e-01
2.133769819978487414e-01
3.260850546759371804e-01
3.144408672980257835e-01
3.260951164735020336e-01
2.754792375062698473e-01
3.750903981527504705e-01
4.229584087461890629e-01
2.358229839658638749e-01
1.379708702215548255e-01
3.791042101434152212e-01
2.396040280037574077e-01
3.579642972384565192e-01
1.636791891299158030e-01
2.945861618243342250e-01
2.433636930583554514e-01
3.841602178301982695e-01
4.754292553209094607e-01
3.279267037211684999e-01
3.899302321211646771e-01
1.686898949578098383e-01
4.808019337804313453e-01
4.566003460396076408e-01
8.534108406134342795e-02
-2.454549989684286920e-02
3.620728066612389773e-01
1.870501844668971125e-01
2.418015113030074492e-01
2.873805348201258769e-01
2.145335208502987256e-01
4.256653019697260731e-01
3.790913330167313133e-01
4.560961855379892516e-01
2.905182668704401339e-01
7.347889381492755945e-02
4.087243018913334081e-01
4.081580822449969448e-01
3.403691574806737563e-01
2.555281380879133590e-01
3.724962300399448090e-01
3.035828616968930249e-01
2.827034117104019681e-02
3.729179643669465194e-01
1.097224663140267120e-01
1.824443782246014112e-01
1.558717828035888486e-01
3.775803801054681275e-01
2.133973676733071922e-01
3.039501438111567033e-01
3.578717362192473939e-01
3.932202338123447216e-01
4.156565298666269892e-01
3.206830462892650280e-01
4.533663234743233739e-01
1.996286385557069498e-01
2.047513801946974632e-01
3.351509456224269212e-01
3.559888258390526972e-02
3.999959412392127822e-01
1.746795900050142347e-01
2.683278200683825165e-01
3.053377555197521187e-01
2.043422229590560468e-01
3.902023551817797586e-01
4.436461375431188237e-01
5.245213331287695846e-01
5.450915866005818788e-01
2.358537569919170740e-01
3.795099203259242326e-01
4.502293942463178600e-01
1.943561320098798340e-01
3.740011551503261700e-01
2.367111821300888763e-01
1.770138618713673895e-01
8.126771957381781486e-02
3.848287702005548372e-01
1.534815302087034483e-01
4.155746370328181616e-01
4.052064918936749693e-01
2.364325679458807172e-01
3.924105392326247554e-01
3.851441410847376012e-01
1.797946887330961196e-01
4.357497889662070301e-01
4.855092983440058296e-02
3.010879044345751154e-01
3.526477502227163274e-01
3.970972103808333431e-01
1.299529824692007840e-01
2.573354390556920057e-01
3.808138466544542799e-01
2.340196024607218428e-01
1.877557666389240432e-01
5.048310399172351026e-01
1.606065292274915790e-01
2.204937543311447368e-01
1.062532149866280279e-01
2.931487600501809787e-01
1.742141256061013332e-01
4.671452695495904583e-01
4.524131388073067694e-01
2.260975703487198285e-01
4.454081275289097919e-01
3.897025565067590569e-01
1.991359432217696679e-01
2.736265894582847746e-01
4.146532226985031322e-01
1.820538888559967983e-01
2.163448266872323167e-01
2.844571695415095136e-01
1.228550564712899557e-01
4.283479824998015495e-01
4.107047144807783878e-01
1.377927078782049397e-01
3.801872110377169656e-01
4.525129935338375597e-01
9.925372651266775592e-02
3.939424976765890096e-01
1.119917264866331086e-01
-1.042208589043191677e-02
7.729199927408947346e-02
2.058950789107646395e-01
4.073263821081881120e-01
2.069617882277505205e-01
1.612007283956622405e-01
2.777322425991414767e-01
2.167856173468571124e-01
2.809933657983657018e-01
3.661417543864869395e-01
2.854469451056479978e-01
3.493963752022226643e-01
3.520918579033130436e-01
4.895058568513372399e-01
4.321437426404133864e-01
4.241086147522498684e-01
3.435478292157820857e-01
3.437460956321790606e-01
2.997050727940075432e-01
1.326372330643276198e-01
3.934457997970602916e-01
7.741056159125718483e-02
1.540615178816114872e-01
4.156074508115004673e-01
3.970655358951262204e-01
4.733860978035759892e-01
4.182977525468746238e-01
3.745274479262286627e-01
1.921111125690927457e-01
3.199445084559595087e-01
3.218800244875640870e-01
3.512572113220162051e-01
1.542868166565244670e-01
1.504559940256678940e-01
3.477159580208604717e-01
2.441591889224120349e-01
4.089626430771303722e-01
4.851892613216113315e-01
2.630378822943940653e-01
1.417561544516460492e-01
1.606488906945680584e-01
2.194470850699196118e-01
4.296782361305477860e-01
1.866812518756880701e-01
2.422566742972424858e-01
1.122853542104337854e-01
1.067702010608651553e-01
3.767531567079198118e-01
3.373850198136123524e-01
3.296853159924887922e-01
1.492614198235099054e-01
2.800250590481473956e-01
1.330393233216171089e-01
4.093675761728710616e-01
3.542297960653821298e-01
1.604277173495992082e-01
4.475498373324473533e-01
3.909102808335662149e-01
4.108927559937511909e-01
3.575820797974074705e-01
1.219153521031467596e-01
2.015794175780427355e-01
-4.219129199563596139e-02
3.653634699871258773e-01
4.057187961534265419e-01
2.047513801946974632e-01
3.105432344159825830e-01
3.774747629414550443e-01
1.365002561360866562e-01
3.623411806521452672e-01
2.703806966369183273e-01
1.180433512228747789e-01
1.065395501233965814e-01
1.810153871071923937e-01
3.603490485063080007e-01
4.196907517693846401e-01
1.407583070768585187e-01
4.604449501405103451e-01
4.034112480628714859e-01
3.953950768015615513e-01
1.609068121350653857e-01
1.415165239370592687e-01
1.693772946074992847e-01
3.076028433917818994e-01
3.998884194999886565e-01
2.834636742841436519e-01
4.407203411532051862e-01
2.231815072003427713e-01
4.131204865246413949e-01
2.301291355055673504e-01
7.103185706237770403e-02
2.014954301347222088e-01
1.719093701069367708e-01
1.844768854396750812e-01
3.149166561349769911e-01
4.034930092834048687e-01
3.036493065262269031e-01
2.994248957643917963e-01
2.378107222531208598e-01
2.765251899481549480e-01
4.543176034909243016e-02
3.270560655561641772e-01
4.202350689252703497e-01
2.809789444355283439e-01
2.718208440332856024e-01
1.238705978858676560e-01
2.943781597391066374e-01
1.424698533288882296e-01
2.758537885570085946e-01
4.207327417056564989e-01
4.126140562334201789e-01
4.332010358978400921e-01
1.977016380109034854e-01
2.283785973684595572e-01
3.268746017195249265e-01
4.365026141814255106e-02
2.987479616366119917e-01
2.663682577270599650e-01
3.657987163545381448e-01
2.239285368491462092e-01
1.699442312132119770e-01
1.359688881425398510e-01
4.113145716454754131e-01
3.992874854830105180e-01
2.314725344478669178e-01
3.955749065921687624e-01
3.100643250747417978e-01
1.585460091567832130e-01
4.350208243597480928e-01
3.689967562776851895e-01
4.182579826829457836e-01
3.444141122759259432e-01
2.919436968674576915e-01
2.215325205720123369e-01
3.788918928065904135e-01
4.464307712265196404e-01
1.626097988770641156e-01
4.347310404738533030e-01
4.301992533385058382e-01
1.687231805028672482e-01
4.653593205536816213e-01
1.176476715683673346e-01
2.661087804948299440e-01
6.641259185338867221e-02
4.473201889296450351e-01
4.078919407007085551e-01
2.170139291197555331e-01
3.786168235089483747e-01
4.744398802576900442e-02
2.815834006428362124e-01
3.864455519898090663e-01
4.925035352584489906e-02
2.776596945568425845e-01
4.066090875164282137e-01
4.606555386008677200e-01
5.482958274923298569e-01
3.605013661432823757e-01
3.302301386894048174e-01
4.099159766181798559e-01
3.423711721570025235e-01
4.446523971306082790e-01
3.904400504999078758e-01
3.546599087474461287e-01
3.661266736502678532e-01
4.883446371542820019e-01
3.515715561039600701e-01
3.698820443445940964e-01
3.104360602984550521e-01
3.960291442531722050e-01
2.326054156325270961e-01
4.257496438394648974e-01
3.004205172483297992e-01
4.200899875289131891e-01
3.986584899556003814e-01
2.890068960808035992e-01
2.360621814677953401e-01
2.123279593557865774e-01
3.287174043310500116e-01
3.674879043449871818e-01
1.633654242171016235e-01
3.448403808503848200e-01
4.174331640283982514e-01
4.551119267774772492e-01
1.669613188369079015e-01
7.048576329324225676e-02
4.083893571422499424e-01
2.065361852245715391e-01
3.730851947174542715e-01
2.021136517960849810e-01
4.032970021798287785e-01
4.018887328299282635e-01
4.826985488778720024e-01
2.168068874390461642e-01
4.606036584069563844e-01
3.255577076660805536e-01
3.367259747182418939e-01
1.905276305411628124e-01
1.472647817901378553e-01
4.559010504346013293e-01
1.733245576182081138e-01
2.970245817246252584e-01
1.862609053799716974e-01
4.413093241702694680e-01
2.478078583910619248e-01
3.765446599111275661e-01
2.192049640271974686e-01
3.733833539709726645e-01
8.618646724868722631e-02
2.951506398846221249e-02
4.029963592236428527e-01
1.226353089177878442e-01
2.226479686406158398e-01
3.703925026161285494e-01
3.816337658471529726e-01
4.125042559082456872e-01
3.418703879591197814e-01
2.916258447493935702e-01
2.475993877706647306e-01
3.784726943587045644e-01
3.228453940745821399e-02
3.928361283514745228e-01
2.272957071546156393e-01
3.764561140511402670e-01
1.154299897857433976e-01
8.465387322712107643e-02
7.878358300150103966e-02
3.483122278575403463e-01
1.862406000904746339e-01
3.815101188884238437e-01
2.122421986185927811e-01
3.648075186035682482e-01
4.127178196916659880e-01
5.453204051592767110e-01
3.760892771897324516e-01
2.425073402447393278e-01
1.376136825384755291e-01
3.803778361873340064e-01
3.885981817119569248e-01
2.346611627977994996e-01
5.201760741067297522e-02
2.583053856608511500e-01
3.382230484245691837e-01
4.603979903412654950e-01
4.126083805146470995e-01
2.874974474901923482e-01
2.928339678992787909e-01
4.068328395449092860e-01
4.071440106710484952e-01
3.795084358178003603e-01
2.715862023132658565e-01
4.138768071080721200e-01
2.101372890818454520e-01
4.178131557030744236e-01
2.240359164620074062e-01
4.046534588851283809e-01
1.248257755479849768e-01
3.448633517028856232e-01
3.229317720420432636e-01
2.061901866200387956e-01
2.022964221392870576e-01
2.653894462292382683e-01
2.681187324640779690e-01
4.190412804195133289e-01
3.259931437358557504e-01
4.094825985825373271e-01
1.873785027033213479e-01
3.773656746847630639e-01
2.265083101748720795e-01
3.175444355481445435e-01
4.216517811091203827e-01
2.203816302765004842e-01
2.094363094741918396e-01
1.366910571296700294e-01
3.594213220872660708e-01
2.718094908530667708e-01
2.496952404510613399e-01
1.594582190002943045e-01
1.260918600983181315e-01
1.604277173495992082e-01
2.834544171241714650e-01
4.134990813227314432e-01
4.665120048061849878e-01
3.998018700789551239e-01
2.979517055523685509e-01
4.003738630337316806e-01
2.778522830346334405e-01
1.332759292204009349e-01
7.658535639532436379e-02
3.934901947971221614e-01
1.564305921080143547e-01
4.397011252096656442e-01
4.128236357693116920e-01
4.728590160948805132e-01
3.698289315417377376e-01
3.891849055614229891e-01
3.258464905940129386e-01
2.466825475163239856e-01
4.327959754625211319e-01
3.402465703366003291e-01
4.277306803057098761e-01
1.746340517027928640e-01
3.520338088350216665e-01
2.296574285473041988e-01
2.101752612544842691e-01
4.172861091797691047e-01
1.776433975443071078e-01
7.067064343210317789e-02
4.096237062703858012e-01
4.335126294976144323e-01
2.529618377169405297e-01
2.345361760765049264e-01
2.541655406269826417e-02
4.244258577647391228e-01
3.412222555834620308e-01
2.500400831657367817e-01
2.073390175744135033e-01
3.168773154057330510e-01
4.266713968331601881e-01
3.513194142787181007e-01
3.255025814332123124e-01
9.927180613433592149e-02
1.122982779536104148e-01
6.999479474041600535e-02
2.533565463449252153e-01
1.035036545814453368e-01
3.738132212681341549e-01
4.328573901503053323e-01
3.367700501453379514e-01
4.055283971363288220e-01
3.699912587998286928e-01
3.399680539080280339e-01
4.290484972287861853e-01
4.225574760384450679e-01
