3.220483538628617359e-01
2.947330653093981345e-01
2.248205320480693992e-01
2.826111048542900850e-01
3.266849904734384635e-01
3.145261839026532447e-01
2.965680487148205646e-01
8.191543746309000451e-02
2.830608114419900789e-01
4.115506238722707599e-01
1.380419547922779877e-01
3.842004159766709837e-01
4.857141078452033578e-01
3.345587355905819127e-01
4.361587511625505398e-01
4.477040239650666997e-01
3.937847876296198257e-01
2.943454348367282591e-01
4.160048135298941019e-01
-4.277851928558943501e-02
1.906279549335258006e-01
4.384762200394105025e-01
4.003672139908049377e-01
3.558907667421679633e-01
5.023366384015159891e-01
3.060360012889780656e-01
4.256886873086124234e-01
3.615239875180857321e-01
1.117015160608670343e-01
7.712230337375396150e-02
2.680404997666221978e-01
2.330718389733579532e-01
1.167902052699277826e-01
4.080087561960300535e-01
7.947439591929461589e-02
3.687953081352496332e-01
1.094866813903914576e-01
3.981223711200977955e-01
4.345734791349481485e-01
3.371678390716651985e-01
3.075098084900951823e-01
1.432625039894379060e-01
4.281730809043954311e-01
3.125556720172857350e-01
1.495040514693113665e-01
1.029965991116062046e-01
2.319122918530339417e-01
3.647772862002049421e-01
3.231989972590054716e-01
9.183834977154149704e-02
3.585528618896139941e-01
3.980381737677103349e-01
4.811288468003361851e-01
4.555794367161823955e-01
4.233939565752194434e-01
2.354563374706943046e-01
3.676637206775530409e-01
4.555171309417956338e-01
3.482428533880616017e-01
3.262052105427444837e-01
3.205517266126642340e-01
2.872068477015710664e-01
9.423416088527938883e-02
-7.969702656387366024e-02
3.573724430852569522e-01
4.124865049618958723e-01
4.979794379357358469e-01
1.934513102217789160e-01
1.138094739313992021e-01
1.346487011587599869e-01
4.990905505667842523e-01
4.653593205536816213e-01
4.040761635791887407e-01
4.098711535015429619e-01
4.009035199146614992e-01
4.299516419641842280e-01
3.961918450655881330e-01
1.572600063562447359e-01
3.874346394472136801e-01
3.094081182951721742e-01
1.158088467575196373e-01
4.138521365066321067e-01
3.898507046335075721e-01
2.405825857974893400e-01
4.069076144738706380e-01
4.101837863980775101e-01
3.490861333770072239e-01
3.809057867428100042e-01
1.254076351832306702e-01
3.709167062802365966e-01
3.536404345979126118e-01
4.585400198391439419e-01
3.265459983901575214e-01
8.428026946936365005e-02
4.004132770605072222e-01
8.141911741158344706e-02
1.763586142256171885e-01
2.230716123559244313e-01
1.917386899025208813e-01
2.960993975744987683e-01
5.546671571758799990e-01
3.351575263691836670e-01
3.821382974343101591e-01
1.564045158336406782e-01
2.459737009865314850e-01
3.088937179321895043e-01
2.065672890264859674e-01
2.058613292753901369e-01
3.569681099330935387e-02
3.000628433180957400e-01
3.902335172594966206e-01
4.844982643236486197e-01
4.028957301488292897e-01
5.524756863591082090e-02
4.498332405692966329e-01
8.703562879923677775e-02
3.927350216391388149e-01
1.807554290684730003e-01
1.500187618620525687e-01
3.424850591324687388e-01
4.507842873919235549e-01
1.208697896879921685e-01
3.962236225349490271e-01
3.599368427812860149e-01
3.556339197630749016e-01
2.801099601498301950e-01
4.301597522610833835e-01
3.515214568384877891e-01
5.090244760423910941e-01
1.010580231698915005e-01
3.645520299962947131e-01
3.865151627988895888e-01
1.444654748862130023e-01
3.671293400750101910e-01
2.287921856137646315e-01
4.092348188328462921e-01
2.959102941100216766e-01
4.817708796765812762e-01
3.427540883475361788e-01
3.907323305983702033e-01
1.884150143614794215e-01
3.961435268115393593e-01
3.771601087313896095e-01
3.837646541308452619e-01
4.094405113789383321e-01
7.480586873160516292e-02
7.364098128956367284e-02
9.955941668444590054e-02
1.516282089341266515e-01
4.251258505217800909e-01
5.351522102939549885e-01
3.927069068527150875e-01
8.477308939920716324e-02
4.176251793328640827e-01
2.345916356370050249e-01
5.383079959036459750e-01
3.803228025858142458e-01
3.206788154120674417e-01
1.472995408063925149e-01
2.006296256456751304e-01
4.446822691949139927e-01
1.933745939555125137e-01
4.347246193891028399e-01
1.479556324865844430e-01
3.846197904344920704e-01
1.463339981839117676e-01
3.635106704096068286e-01
2.273703143928289538e-01
4.284367984118075401e-01
2.637074224281917845e-01
3.310868944753195264e-01
3.153023924469793848e-01
4.566759660818080491e-01
4.207432169108096254e-01
4.035379036006661591e-01
2.290981605050560754e-01
2.396344310645613929e-01
4.843127257864728308e-01
5.487477400338746092e-01
2.608048360311046032e-01
3.982357276384643763e-01
3.690229469875612733e-01
3.463981949961589812e-01
4.654109530391268290e-01
3.993577804155732380e-01
5.410707398424829256e-02
3.518757957912227452e-01
2.061124961997746474e-01
2.186410896032931483e-01
1.864898598048930489e-01
4.070886433062287368e-01
4.058020887682758371e-01
2.715309712918329565e-01
9.286006080735895174e-02
3.262664578509721913e-01
3.634901923465665985e-01
2.294698296731783327e-01
4.080668668595002768e-01
5.932352211179716672e-01
4.579268189835846159e-01
4.614508179585966596e-01
2.113797358287821115e-01
4.520055885907121596e-01
5.811005371195779867e-01
4.224337114493136869e-01
2.747709499802142297e-01
4.055392733221546697e-01
1.272512970153446554e-01
3.622532609095370781e-01
3.956330251391580455e-01
4.411833447064690827e-01
3.369112327266171603e-01
2.516844146175775121e-01
2.938131719133633135e-01
1.023338917482206345e-01
4.116877090567770403e-01
4.377272861473336385e-01
4.482260274220003504e-01
9.134368390534615412e-02
3.355710765246441851e-01
6.314059526387595656e-02
3.609639179294141798e-01
1.722405454966230709e-01
5.004026156328905683e-01
2.018885514368981005e-01
3.663564391233276041e-01
2.665849469523423054e-01
4.135790041896135194e-01
1.121354680166943285e-01
2.849563333857879632e-01
3.611165709893767728e-01
4.392891140830868513e-01
1.594361818261449404e-01
4.586640460158840638e-01
3.120859875550813234e-01
2.605463604466449201e-01
4.262762951910062381e-01
2.818204670221153285e-01
4.152811576021595008e-01
2.546189943524105326e-01
4.907815037601524766e-02
4.047177072415863441e-01
3.514011029708764555e-01
3.574607779988721590e-01
3.662453313787618070e-01
3.676360576582614059e-01
2.231905498456131509e-01
2.903213153731506457e-01
3.211053640796587283e-01
4.212061779760552516e-01
4.145091485669236131e-01
1.802026002586286368e-01
3.957080140019302861e-01
4.057808493232669678e-01
4.160733430521025289e-01
3.952403332813078096e-01
3.860609027320952569e-01
1.379334875286777617e-01
3.650190716539700175e-01
6.081382906258905180e-02
1.804086825824979812e-01
4.211472626957383780e-01
1.329075802663324743e-02
4.906979450895024852e-01
4.174724035389579813e-01
4.168654129047614232e-01
2.532955128045396020e-01
3.684375151223861500e-01
4.017075355392163427e-01
2.381520267614752329e-01
3.850580511483864266e-01
4.387780511041512455e-01
4.006228012457967447e-01
3.685368524411158919e-01
3.227973230233131541e-01
3.129895155332342860e-01
2.710052988866391011e-01
6.232863687721058865e-03
3.066635154616719761e-01
2.663125553749201013e-01
4.043640089285023831e-01
4.249540537051176847e-01
2.540182164031764001e-01
3.729476054233987758e-01
3.891145220844940411e-01
1.781462116497937731e-01
2.504195782616990273e-01
1.999951475042157090e-01
9.315451071476868461e-02
3.274431852597859405e-01
5.636393162346171604e-01
4.912299957387447069e-01
1.782309065922676738e-01
4.037330240158134020e-01
5.591863570698364372e-01
3.922619295050914223e-01
2.499127715428176300e-01
3.526727603963651925e-01
4.552240899177789624e-01
2.241284409836353797e-01
1.734125081480327180e-01
2.086058513858047858e-01
4.060868870337573378e-01
2.071880016516522427e-01
5.860692868021902813e-01
4.863906023215749386e-01
3.837478176727018853e-01
4.207246683183036851e-01
3.738693891005799852e-01
4.246516533673192484e-01
4.237491061196785869e-01
4.225087808692026825e-01
4.175488901043754031e-01
4.097263783176614549e-01
2.800262157678488073e-01
4.548275956312438084e-01
3.770146800245273710e-01
3.160477338609306019e-01
3.990624619673879825e-01
2.585964235449229043e-01
2.475062290614237215e-01
1.787206854805814538e-01
2.232403780839999075e-01
8.138977736033503607e-02
4.610580545681843279e-01
4.998723757657291822e-01
3.929692599926840058e-01
4.217456836958058397e-01
4.079057550325813630e-01
4.078168131709859479e-01
1.440238952523030247e-01
2.917265058354435725e-01
2.194408053906050926e-01
2.697329383342381148e-01
8.899323764603811471e-02
5.042874516134289165e-01
3.240536155609940322e-02
4.223907885719523914e-01
4.888747880829011905e-01
4.070808566715072851e-01
3.047987708798627349e-01
4.562517717649341442e-01
3.501892649408597236e-01
3.215955766445030561e-01
2.072876684807309910e-01
2.680334336181143806e-01
3.740445556652096104e-01
2.338782498391984987e-01
1.589840123026261820e-01
6.315058918537934385e-02
1.154374873442700483e-01
4.657877298977306513e-01
2.614394048745249943e-01
1.798630261671398112e-01
4.151151449234027901e-01
6.008694265469659568e-01
3.711319109144106121e-01
4.247493056875887851e-01
2.329765271454091458e-01
3.311835587002103232e-01
3.572287042936813095e-01
2.334724389136148270e-01
3.008803019607774742e-01
4.316285741737248549e-01
4.117459740712512972e-01
4.365460186614078530e-01
4.264774742979821620e-01
4.510615049484988370e-01
1.866058806207510912e-01
2.028700562767550009e-01
2.238370845431569001e-01
4.268254495911789070e-01
4.165910820438983864e-01
2.918430467353498869e-01
1.577802959568893326e-01
4.143831337517643321e-01
4.429203928562734927e-01
3.003489306634138378e-01
1.142108918645523968e-01
1.665736415350977107e-01
1.210921472464350224e-01
3.515835610437408887e-01
1.607093373043692874e-02
1.756207975890793915e-01
2.729540891045869055e-01
1.871270250438107907e-01
3.255797824321680078e-01
3.696650887393532758e-01
3.754883874449374548e-01
3.852511555480386818e-02
4.533629930609668346e-01
2.143378702477512499e-01
3.256951293523724367e-01
3.144318868910634390e-01
2.363047307930613572e-01
4.325289346161734771e-01
3.787580184549047546e-01
4.214014351495113941e-01
3.535138996779589315e-01
4.204306213572598927e-01
5.446524030585477849e-01
1.659978884736857119e-01
2.055902725644531692e-01
1.851185346789892827e-01
3.534915361261220523e-01
3.642586787765506040e-01
2.442220086192546102e-01
3.265459983901575214e-01
3.887033369017554030e-01
3.813606975733533910e-01
3.158910597913451856e-01
4.209956865659662539e-01
4.662452919142286434e-01
4.009338219211993071e-01
2.267945411454590499e-01
2.266452612358245133e-01
2.193924322008763694e-01
4.211270763229019165e-01
4.140669984151897354e-01
3.517540745064910990e-01
3.003169215223241983e-01
4.323486745513965279e-01
4.053702437036530437e-01
1.825569454989834639e-01
3.947024309863416680e-01
4.672720508087674918e-01
3.514837071470542362e-01
4.464149257682094030e-01
4.809686937130606688e-01
4.315360569287923775e-01
1.808113070104394593e-01
2.354299818293018320e-01
1.238594223597126731e-01
4.508889733463714578e-01
1.022304626341657141e-01
2.992558858131955102e-01
1.976406152999834742e-01
4.020305779172506644e-01
1.387837021513997071e-01
3.698477013291905369e-01
1.616259445825700969e-01
3.837052590346654579e-01
1.715359096373240966e-01
5.006676913668994811e-01
4.266531059072496412e-01
3.570639815660974770e-01
8.050192117486672239e-02
3.856734999686484144e-01
1.704699660019366181e-01
3.382296844389434676e-01
3.338714421038864177e-01
-7.391230473832940961e-02
2.923988641613224915e-01
4.211350561038394447e-01
2.296128181612042407e-01
5.757638358044760984e-01
5.355453827975122927e-01
2.064996363175614635e-01
4.032265349301371593e-01
4.547605286262903501e-01
2.049087267440149185e-01
2.985386779401448254e-01
3.858252861319641513e-01
3.705813896572624500e-01
1.109351278087243459e-01
3.848935513169298717e-01
1.205030904821622062e-01
4.185445977261317840e-01
4.240738609640131163e-01
3.960685106468959660e-01
3.193277927956830187e-01
3.520233203316167070e-01
3.659034553567706016e-01
4.266175735592712126e-01
2.733693222668818201e-01
4.287701888421315832e-01
4.393437223065170816e-01
4.237952757413642746e-01
5.292263001612071971e-01
4.305735730287074126e-01
4.140894420469829473e-01
3.781897956063850486e-01
3.487679581591398570e-01
5.595210059794956114e-01
4.344187076489480215e-01
3.493644345025258557e-01
3.267218388711868871e-01
3.110469960530307665e-01
5.489996822816086697e-01
2.428838497327582280e-01
4.419765274008222167e-01
1.355568031598354817e-01
4.256111153071024389e-01
5.967413253424298791e-02
1.683347548735735499e-01
3.438445754729925197e-01
2.114957868717117773e-01
3.944136658170732113e-01
3.911204466543196090e-01
1.406936037168763920e-01
3.340575825269934129e-01
3.300532884540655076e-01
3.451153650682597385e-01
2.546495785837427639e-01
3.892885791060597955e-01
5.261559043069018449e-01
3.276636750051116764e-01
4.023920143191758725e-01
3.577939264674006026e-01
3.068371854854382019e-01
3.293048193161809967e-01
2.526971538845911719e-02
4.647474205202530295e-01
4.230903937088107969e-01
3.744569334998995025e-01
4.640257839766617765e-01
3.731517600816447455e-01
2.547851703600471640e-01
4.259634112458831057e-01
5.137920295647310232e-01
4.892939659091610216e-01
2.056006491841262940e-01
4.049280191978871235e-01
4.169387313743297407e-01
4.306324042458161694e-01
1.949312098893798972e-01
1.372346130125041974e-01
3.925474043009815617e-01
3.762226807708559662e-01
2.102150741873222706e-01
4.173721451762533174e-01
3.865751346367241048e-01
3.406098233502611872e-01
1.718990341703710012e-01
3.975982329099437829e-01
2.469398996837635918e-01
4.047633043538222952e-01
1.958553353503267036e-01
1.868975195660964039e-01
2.295054914768375198e-01
3.239054321995833430e-01
1.394904524379249611e-01
4.709501152047006201e-02
4.157800158978375848e-01
3.666182499809184092e-01
4.436058654575361637e-01
4.344652600777204610e-01
1.769552860802749150e-01
2.110815967404755522e-01
3.487039430718604782e-01
2.354401441002419992e-01
3.682605641439721800e-01
4.754918721623599409e-01
4.077901059661373506e-01
3.579806652081090057e-01
4.089301220674492199e-01
3.170001744897204543e-01
1.644343519148478150e-01
3.207242486300921902e-01
5.733753566694328452e-01
4.368776775597633666e-01
1.434264900644075247e-01
3.385438458253395844e-01
2.883030150062125818e-01
4.078118031531558496e-01
4.633098811994389443e-01
3.367004798326498904e-01
4.291970828908404090e-01
3.845014960324944497e-01
3.436462667137999971e-01
3.529468665354438817e-01
1.902366833538655100e-01
3.139874204784567913e-01
7.620627937482345182e-02
1.395600089492682050e-01
2.091729577828083941e-01
5.463058358671294412e-01
-1.914726408780707042e-04
4.588200980343264956e-01
4.047539930050299550e-01
5.292058312471983328e-01
2.843269014433617015e-01
3.630572650822432301e-01
4.094447726699224632e-01
1.383933905354029215e-01
4.095009791731036852e-01
-2.177425701881497908e-02
3.124180972247559973e-01
1.192470802392938400e-01
4.297451218975481546e-01
4.131188648432865262e-01
3.187073389159094106e-01
7.420197889290060245e-02
3.363494892593964503e-01
3.540615052570893484e-01
5.535849103401726534e-01
2.774957402649022575e-01
2.974662151324334314e-01
2.184850566297729946e-01
1.510345004268441038e-01
2.933399216110290642e-01
3.642586787765506040e-01
3.835590593403890858e-01
4.125336489035481558e-01
3.112097127569613542e-01
3.091673667856728036e-01
3.602115463251376881e-01
4.275443385624224657e-01
4.623230631996995132e-01
4.307109740518810237e-01
4.678320249653666330e-01
4.363438703794988438e-01
1.276948062027733755e-01
5.600287998705542059e-01
3.925163901637229724e-01
5.268127892765682718e-01
2.491755573004904856e-01
4.774272081177931559e-01
3.718271106371095480e-01
4.333967988612797417e-01
2.826771274589420790e-01
3.202950355820250450e-01
3.697612087524783653e-01
3.764708312948941704e-01
4.128056766980596759e-01
3.312463252870299635e-01
4.092393299483989555e-01
3.451150125297368088e-01
5.464250122274445509e-01
3.258507528393177477e-01
1.598603038817499392e-02
1.548864400254990406e-02
1.779856549055983117e-01
4.556679814221677866e-02
4.242210244392359275e-01
3.600272973657048792e-01
9.245691786688649272e-02
1.667981240001419410e-02
3.148325872424573291e-01
2.340454633542439766e-01
1.672729403764960376e-01
2.022043125137801822e-01
4.204465761890235354e-01
1.858175088853727674e-01
5.726484928963163634e-01
3.907346668169938142e-01
5.674886324393153547e-01
3.878960965859832855e-01
2.783493344484980203e-01
3.521979797785123045e-01
2.293958770367431066e-01
2.190252573854557794e-01
3.990503295842983134e-01
1.587532694365833413e-02
4.183404417193891667e-01
2.168136720525674632e-01
4.028261048174768821e-01
3.739512336789539426e-01
4.175857775877813149e-01
1.358071506961482933e-01
5.183255737704994814e-01
4.409977128533233981e-01
2.606955840669163416e-01
4.074027280980137555e-01
2.329275148927332784e-01
3.940371709394970834e-01
4.225747076268602798e-01
3.721124741094126720e-01
4.054514111707275270e-01
8.270627815065687005e-02
4.023420835535496121e-01
3.982679092211595107e-01
1.493437292390606963e-01
3.853575200618751806e-01
3.714226955715529410e-01
2.678090424644478662e-01
1.730619266464320238e-01
4.625516343818659171e-01
2.600102424150538827e-01
4.688056062877165586e-01
2.130656074509861553e-01
6.711248218173419822e-02
8.940980299857095859e-02
3.226063306676785758e-01
2.327828530655568773e-01
1.615770137635338111e-01
3.985393305655973162e-01
3.857365690336452824e-01
1.901115436923019042e-01
4.017831736720182678e-01
1.300489436086714745e-01
3.973221353109759324e-01
1.091370186169819331e-02
2.855574929543945317e-01
2.454290557932700401e-01
3.632104548023901147e-01
4.215462456847518524e-01
1.862908212807923847e-01
3.159990274965725210e-02
1.794511696145855983e-01
5.329438165000118799e-01
3.494338703804685253e-01
1.381475520659651568e-01
2.739688204046007436e-01
3.060948097683583446e-01
1.938605275951854612e-01
4.566601022839430479e-01
2.923415438828724233e-01
7.826378207530523823e-02
1.896487667694637391e-01
3.719263617350365703e-01
4.033239292933659126e-01
4.102699109389280063e-01
4.022571489261648203e-01
3.657505468707917262e-01
2.264854699398337889e-01
3.412126614860361284e-01
2.554417375409127056e-01
4.250761078403208493e-01
3.516642566614558429e-01
3.340932137923894318e-01
4.335325200310266025e-01
5.000145117756494839e-01
1.255218704702013854e-01
3.790012629820718182e-01
3.606730637520817462e-01
4.356397369493147376e-01
3.616228178228119150e-01
4.219270103592141496e-01
3.225553089474964552e-01
1.947474664709774039e-01
3.602744399610902093e-01
3.337667940318220783e-01
4.260757324092489529e-01
1.821951229187298293e-01
5.366640075508514185e-01
3.692426203322540790e-01
4.036990214024627210e-01
4.008665379197915574e-02
4.332212062546852982e-01
3.621968934995833944e-01
4.515819207269399782e-01
4.219168668427508151e-01
3.723667710398017583e-01
4.461500239280332125e-01
1.777910073926753376e-01
2.984228878831869936e-01
3.748030129312483472e-01
3.323904595727096289e-01
3.498696299857151359e-01
1.766113712142960424e-01
-5.035911842158945564e-03
4.671447886549301987e-01
1.826235528117935714e-01
2.608555606670962534e-01
3.897017244220724597e-01
3.715295750114379625e-01
2.775265026067125773e-01
3.286389131942065722e-01
4.559659059050083507e-01
9.509023188383662617e-02
3.839845599563647682e-01
3.583326146454826056e-01
1.581856919811653606e-01
2.714396251851432518e-01
4.202747043544537986e-01
1.013103471459150667e-01
4.531122704351174812e-01
7.019376662803483713e-02
1.069421338059923926e-01
2.717672274735637994e-01
3.223854114780272395e-01
5.639528953375559650e-02
2.954228681616902219e-01
2.173046728863294863e-01
1.092061393953371873e-01
4.065080698463652276e-01
3.339628229188059128e-01
3.369179286972281973e-01
4.174709059192971972e-01
-7.160170911012121199e-03
3.094667871117890989e-01
3.516145668410662339e-01
3.036884280744467368e-01
1.074376599456413200e-01
2.614708236852626433e-01
1.273903376445058300e-01
8.900756478785689166e-03
3.187346690847295272e-01
4.117459740712512972e-01
2.054958736324474233e-01
1.240181065554930712e-01
4.067304818425815371e-01
4.330100886857249920e-01
1.791884948529732513e-01
3.063667351186147858e-01
2.612962814538472012e-01
3.366073664277106636e-01
2.259564667271074523e-01
3.367606692556093795e-01
4.519827433143709383e-01
3.867084229525010741e-01
3.959225583395210579e-01
4.462573966272556647e-01
3.416337833051021344e-01
4.360542887266130041e-01
2.640916512868807797e-01
3.905269291200988424e-01
4.681622747054432487e-01
3.811899601356785738e-01
1.048663010109581600e-01
3.985101818764000825e-01
5.149126285586940188e-01
3.307512210401252761e-01
5.012895865069526280e-02
4.448277037314310456e-01
1.669614862735161742e-01
1.889751170816769688e-01
3.613875321022725906e-01
4.709870025558501316e-01
1.710526217066346000e-01
5.730390433414472851e-01
4.208404557197604201e-01
3.866772780110649954e-01
3.878552666791915682e-01
4.044603795545478886e-01
4.246917141745921165e-01
2.652420995451826302e-01
3.872993053167585464e-01
3.362710170015064115e-01
4.512864816194215312e-01
4.112390512260601372e-01
1.449220757020610803e-02
4.307114029983001857e-01
4.010140494238532693e-01
4.591194238826911689e-01
5.370354978045841499e-01
4.240354226679391436e-01
4.706340401485206715e-01
2.238965893862199241e-01
1.894230573461941625e-01
2.241607353058390484e-01
4.243386999849903529e-01
4.123836700162218927e-01
3.872612925025045727e-01
4.125858985440560844e-01
8.778825610441542970e-02
4.498626491241761172e-01
4.502217844098834743e-01
2.669027672873770518e-01
1.710697404777433706e-01
3.885464647483815592e-01
3.117104111489633622e-01
4.895426280735837299e-01
3.015373044363695576e-01
1.709659673103214872e-01
3.960487178691196597e-01
4.194647896170921042e-01
1.026105883857170303e-01
1.005471503082409207e-01
3.690074876557142280e-01
3.624515461011569295e-01
1.723130165708810224e-01
4.467604287068567270e-01
4.096212771507143913e-01
5.661961745148584857e-01
3.609403344237549494e-01
4.253704705570475197e-01
4.187717265562549973e-01
2.974640169168848991e-01
3.732354568305744635e-01
4.633318674211601151e-01
3.867180989347942521e-01
4.517346634930506366e-01
3.584069953155084587e-01
1.677442109197430919e-01
2.439077446226345924e-01
3.689238844302155096e-01
3.230612780943471485e-01
3.051892743350710369e-01
4.109806412978289081e-01
4.694506026202538429e-01
1.856382833872446125e-01
3.595985663740798310e-01
4.076444906065892493e-01
4.002808809101302545e-01
4.425053002280782133e-01
3.144944843556540248e-01
2.023006725178211340e-01
4.354118720474682291e-01
3.399416262776592257e-01
4.134604007951624971e-01
1.470228664657699802e-01
4.315660287403598194e-01
4.828140199427549684e-01
1.505199987398959383e-01
3.439761453475917441e-01
2.542017629825566449e-01
2.181462212810681978e-01
4.110719082996290297e-01
3.954476050207363924e-01
4.808019337804313453e-01
3.840239212465472729e-01
4.118504245574337030e-01
2.062651253861595979e-01
3.970972103808333431e-01
1.978928828466077483e-01
2.137937384790391249e-01
6.287559487971197680e-02
4.532058503784139880e-01
3.690895569973647317e-01
2.830810865251616182e-01
3.356307946791350361e-01
5.228868036088114568e-01
3.237372369063473698e-01
2.407666482909511796e-01
3.577519628275891983e-01
3.486924237775974600e-01
3.411917714053965267e-01
4.352416462086856619e-01
4.157728434099939308e-01
1.939976541059283410e-01
-1.086649254648307293e-03
3.838287993376807150e-01
2.227875800365541337e-01
3.127017352851908516e-01
1.913832022795723675e-01
2.168225044153409831e-01
4.225291761967854276e-01
2.519543139449377800e-01
3.771460102194021946e-01
2.244951385557097667e-01
1.048156320004543507e-01
5.860073756264563144e-02
3.634034317302077266e-01
2.043744602450368875e-01
3.684640601756961620e-01
4.095439840598089076e-01
2.952165468427179196e-01
4.672793173386945997e-01
8.684659263511677885e-02
3.109312902667420442e-01
4.400854534006942709e-01
4.203043050597363717e-01
3.900373473197605856e-01
1.137202238812618643e-01
3.922410154419571637e-01
4.144388943797066016e-01
3.192146739031765934e-01
4.141988408105938269e-01
3.863483265413484302e-01
2.936744861255424777e-01
3.603266526735353636e-01
3.559622029385856035e-01
1.080238501223618891e-01
5.500725744921535210e-01
4.273076807983818837e-01
4.517688994585642992e-01
1.490611623673324115e-01
2.524635322815596897e-02
3.996085206341176699e-01
1.725084323275460907e-01
3.994974289055431282e-01
3.332418341515249738e-01
4.249589936011206603e-01
3.446919438134102287e-01
3.864379300376507009e-01
3.224360971943302512e-01
3.829265339880833507e-01
1.735047742821382299e-01
4.711057981421964413e-01
3.053731588269718022e-01
2.289469249018134533e-01
2.193537220478727900e-01
3.982130087681268193e-01
2.952415955211333265e-01
4.105767812320114118e-01
3.178876558346054315e-01
4.028866107429789900e-01
1.407545975077292566e-01
1.071408078703408283e-02
3.400793626408366577e-01
3.678489979798038045e-01
4.613193595320611018e-01
2.120964715205356232e-01
3.892041765332245329e-01
3.324282986383535476e-01
4.376504179366111913e-01
4.348860214954906045e-01
3.278764310182777919e-01
2.208111408236801687e-01
2.123141609828533005e-01
1.029614241515522527e-01
4.031455113995231487e-01
3.017677118975770068e-01
3.958485550307300205e-01
3.785639064248247920e-01
7.299497918596810353e-02
4.579698407576174302e-01
4.219387524873661199e-01
1.286482501130891409e-01
3.755556480940133723e-01
4.499269186416588462e-01
3.746472199071518294e-01
4.404637523593600279e-01
2.047370778885568565e-01
4.332929792225878041e-01
3.135337202244973809e-01
2.340208937552048785e-01
1.685620638887851130e-01
4.290140840915555032e-01
3.310618668541983611e-01
3.933325489800869046e-01
3.939619198459868854e-01
4.353087727964460307e-01
3.288477442522053096e-01
4.427407750493435601e-01
1.138934978204356047e-01
4.172048739974154596e-01
1.967336229923811186e-01
1.991886060831509486e-01
2.350330793683828579e-01
4.451106785389630227e-01
1.653482872532116010e-01
4.254998531285482111e-01
4.402545308182164718e-01
2.070218346426376810e-01
4.918921433100414964e-01
4.483552764793639206e-02
5.570219086249255103e-01
4.318011892996616585e-01
4.150901309739633005e-01
4.448684267128095171e-01
3.022968791704833680e-01
2.996461477422763253e-01
3.786873765230285294e-01
3.357805591347439167e-01
3.972636024228237694e-01
3.674019803774574711e-01
4.246583641506475604e-01
4.111507660693789618e-02
2.595154411857250043e-01
4.171807475247566455e-01
2.224480075788208833e-01
3.075530738233735462e-01
4.466436443306893156e-01
3.509256131889954555e-01
1.798450430874604933e-01
2.955618583363296414e-01
4.226048355735965156e-01
2.769616941725192016e-01
4.384766687361194015e-01
4.435566075710044576e-01
3.808579707933994474e-01
3.706264713740693439e-01
3.929761660383308541e-01
4.691872588953738266e-01
4.152021244941294653e-01
4.506623430865880353e-01
1.665727711945977629e-01
2.832431069483938302e-01
3.994185496091183785e-01
8.955194546052927529e-02
3.276858808865680817e-01
1.803911686396252601e-01
4.218177182305710704e-01
4.127649899393764921e-01
1.053328572357632581e-01
5.555412191531952093e-01
-1.416893684500602352e-02
3.268384731285552958e-01
4.255621411857632985e-01
4.071137181247335146e-01
4.178298659419290573e-01
1.289457496405420900e-01
2.832951325309928103e-01
4.349959523577364220e-03
2.833220606481226186e-02
3.874906265396128591e-01
2.284930914578747752e-01
3.945026133216085196e-01
2.082061785525713138e-01
3.850525945084576906e-01
3.312459746778945724e-01
4.039834170275832803e-01
1.808216188192877938e-01
4.513641829936279048e-01
4.197889716615314515e-01
4.188654288185729713e-01
3.272856330699121519e-01
3.045755031276566882e-01
3.198703981283977371e-01
3.937191243059741663e-01
4.048145487211784466e-01
2.969757521206374262e-01
2.510638870943259215e-01
3.866653352888461126e-01
4.260757628645276962e-01
4.057196687759977438e-01
9.641910257937776063e-02
3.801424360520382906e-01
2.987783693237968663e-01
3.178434209114718856e-01
3.040447206461794893e-01
2.231040028311275236e-01
4.746504112746823267e-01
4.152732482749867393e-01
3.431549867204802262e-01
3.535643975175559728e-01
4.474206730099469231e-01
1.156979764054203302e-01
2.044353880632832077e-01
4.051250085049487581e-01
4.122435693027056147e-01
4.024447827367276243e-01
1.698166418933353128e-01
4.363867841078288845e-01
3.029173117855016861e-01
4.336767963126306746e-01
4.386084987668463220e-01
3.057776700092221800e-01
-5.745598745484037373e-02
3.923282147968956690e-01
4.676235678766149095e-01
4.163456909174863552e-01
4.030249736384575732e-01
3.648788191619665167e-01
4.063980259619451862e-01
3.776707456683603970e-01
1.830597572549740037e-01
4.588117159864578687e-01
3.041562296203713101e-01
3.269382342486707449e-01
4.045169328495816785e-01
3.899977492335620077e-01
4.676153671289376978e-01
2.067275195589627634e-01
2.216982756256658527e-01
2.573637716761939531e-01
3.758623461114600772e-01
3.343073610392016670e-01
2.629897496764721510e-01
7.331764166137003103e-02
2.892749950691524824e-02
3.330459373342308238e-01
4.007510889209820459e-01
4.038464148274876764e-01
4.094069818597133592e-01
4.114346346527270604e-01
2.437364757113011648e-01
3.283152330809756547e-01
2.094032077396042191e-01
4.272349228055237758e-01
5.294399497505082319e-01
2.638559429682296731e-01
4.221071701788229324e-01
4.048890439096911598e-01
8.560757488701663254e-02
4.069135690202638211e-01
4.386384899215612504e-02
2.647298013899717639e-01
1.135273449580333771e-01
1.211386407562758671e-01
2.801745950476734470e-01
5.279871231867689918e-01
2.805010876685534726e-01
4.614508179585966596e-01
5.256733570950626877e-01
2.921792663739357088e-01
2.252929447316942002e-01
3.111288940111269774e-01
3.453441822162195973e-01
3.345698096942273936e-01
3.640177340585969423e-01
4.324141123234137574e-01
4.160526164507521441e-01
4.054299297016847325e-01
2.746917217550883805e-01
3.890679414202757869e-01
3.277631562188096925e-01
1.533133342930844134e-01
4.837800524637045352e-01
3.375093598373939408e-01
2.062107699332444977e-01
4.110542870579131924e-01
2.170367978806850007e-01
4.247535493443855836e-01
3.709751059576633647e-01
2.497936817871082571e-01
3.438572684780150657e-01
4.090833474708927553e-01
4.455266302632706066e-01
4.602062406698984587e-01
3.817241478202124672e-01
8.225700270846293682e-02
4.161107245417056677e-01
3.175646994699128367e-01
3.548449531124559519e-01
4.225854841899009950e-01
1.941242574465286974e-01
4.475333189950425616e-01
4.126549407439541461e-01
4.060413163935484016e-01
3.735757765214342552e-01
2.896154483986260186e-01
4.486228854292077517e-01
8.849463083461678314e-02
-9.644359913916909083e-03
4.969152080114146997e-01
2.462723132519481217e-01
4.079387704218895849e-01
2.209158892238971550e-01
7.779661629888405538e-02
3.326920025155762350e-01
2.285358584697665951e-01
4.309795325171323910e-01
4.495356473109518025e-01
1.699662942784974928e-01
7.341678960967447376e-02
2.964080329459987673e-01
5.401251142591537713e-01
4.053967129921960399e-01
3.196998258297003015e-01
3.210320741567276870e-01
5.564697290695511667e-01
3.470181590811942107e-01
4.123714241726966767e-01
4.688246502219500095e-02
3.881656818173488954e-01
4.028432074896099446e-01
1.786245801556970991e-01
3.075322573913985003e-01
1.623439129506934753e-01
3.942037651315121183e-01
4.611322304326844757e-01
4.334404609430258515e-01
3.165922097659941148e-01
2.305573324095248899e-01
5.964938046804422328e-02
9.484234394322008099e-02
4.102610080394053504e-01
2.122822488297937682e-01
2.770871733233071788e-01
1.000536827628694114e-01
5.790884803337357223e-01
4.336855106715721275e-01
2.039759494373205861e-01
3.464759865744198031e-01
2.258235935252856930e-01
2.561466201128648201e-01
4.094230001745511882e-01
1.022136250790721401e-02
4.106995503608975584e-01
1.708697174265935981e-01
1.693229426139968019e-01
2.131105728288357204e-01
1.208035107859875973e-01
3.770733363727366005e-01
4.281550426660155617e-01
4.130353403699935644e-01
2.892823581851539094e-01
1.451113128466441082e-01
1.413662914493737655e-01
3.201304162530170250e-01
3.638488533763665211e-01
4.060267169461655445e-01
3.493651133979902013e-01
3.569139315611312147e-01
1.358855498032802145e-01
2.203156834988538315e-01
2.448878161142568899e-01
3.985073677920472068e-01
2.937169783760503194e-01
2.663158128242334999e-01
2.138709691656677236e-01
4.607235618351862017e-01
3.884985098000830472e-01
5.021888586918386854e-02
3.763289328071034445e-01
3.449301036782697616e-01
1.939950625027806741e-01
1.571870080405330938e-01
3.897993857876427826e-01
-9.934706571818867349e-02
1.979608244242660464e-01
4.761704690072856572e-01
1.945471209424074477e-01
4.605767973490102474e-01
4.302881696409027179e-01
1.721173780840575263e-01
4.055301935828526938e-01
3.362082043583388136e-01
4.132698028644322119e-01
3.796061816615008411e-01
4.263812655745219948e-01
2.890768726021822888e-01
3.531597216319964372e-01
3.734777238428750867e-01
2.137968919125801670e-01
2.091091076944702198e-01
3.161429430579094091e-01
8.971958532354454285e-02
3.980878466800262805e-01
4.095439840598089076e-01
4.395967650935065363e-01
5.496161966217048001e-01
3.520727968820707154e-01
3.017593747027824125e-01
2.301573628188520459e-01
4.543718869133708815e-02
3.384544887097528099e-01
2.974495292080110986e-01
2.977452417491630032e-01
3.783316065041302245e-01
1.775228199507243865e-01
5.370664787895707004e-01
4.135827177419944545e-01
4.075244957710310034e-01
3.890556048955357005e-01
4.486569717323367068e-01
1.160159953221500534e-01
3.151830041029871077e-01
4.756372019725506606e-01
4.578282042931036688e-01
2.576822551396550365e-01
3.613295969508310557e-01
1.118138992758260508e-01
4.541873099917670409e-01
2.997463003620955968e-01
4.220019487674646630e-01
7.368385755043223295e-02
4.431222380376222958e-01
3.616327301239608549e-01
2.978283858219171187e-01
4.248303146544387121e-01
2.007088381089494333e-01
3.823232656403769969e-01
4.210149714376565933e-01
3.930402090498644196e-01
2.046987906241104493e-01
2.441932811589263286e-01
3.338298664991797282e-01
1.236040882642254063e-01
3.799345771149192919e-01
3.574157538939924383e-01
4.327340076006548908e-01
1.247028250981613434e-01
1.217187168335139846e-01
3.963057702138832461e-01
3.303490955974456300e-01
1.846195456828642611e-01
4.956393258080826203e-01
3.621828741547238328e-01
1.926918572932204698e-01
1.886703137072446856e-01
2.173276039685514138e-01
2.195449327354920266e-01
1.169528690712965391e-01
2.852851385332422773e-01
4.469400928813262452e-01
4.421945924868885824e-01
4.412723395951029803e-01
3.654643812711743101e-01
2.204705352930175222e-01
4.367949279948979968e-01
1.574874429755473981e-01
8.059566335268622539e-02
1.933479733034043357e-01
3.749690362735018101e-01
2.325752372935074030e-01
4.120792383860171215e-01
4.155829418636926009e-01
4.080751656325127263e-01
2.709311757587319902e-01
2.553633965228682690e-01
4.103443660459703546e-01
3.767480729169486176e-01
2.540499301456963788e-01
2.389983358888741471e-01
2.905486908329426021e-01
1.537336702912728004e-01
2.133908589570190084e-01
3.724340481612832265e-01
2.216457203535731058e-01
4.290140840915555032e-01
3.664250152205366096e-01
3.890211249558543916e-01
5.809153894389768036e-01
2.277368900400578433e-01
4.039151693204336979e-01
4.120381464144562966e-01
3.063833473528803641e-01
1.472165451279176807e-02
2.374651067253742420e-01
3.929761660383308541e-01
1.704538012196138153e-01
3.534484314506629588e-01
4.312469859619703083e-01
3.942302364116809787e-01
4.289770464893505886e-01
5.703563609442224847e-01
4.942184976389517592e-01
3.380775099500776815e-01
2.082799465486926405e-01
3.999580385245258274e-01
2.077557435432733635e-01
4.054001401653755110e-01
3.908828186365486124e-01
4.566994139909401063e-01
4.087218734355372862e-01
4.223613483585202388e-01
1.975147253763623045e-01
3.175324772456025180e-01
2.570455945081929205e-01
4.445724528537481901e-01
4.446839091328391724e-01
4.225558063921008300e-01
3.586278519141680166e-01
5.036799444012755034e-01
2.701500059499170048e-01
3.244758923493090141e-01
3.481211337630181757e-01
4.280894371825041955e-01
2.587218499798639160e-01
3.491386559947343149e-01
7.934083724030745188e-02
4.151118635953252589e-01
4.284884104623415957e-01
4.024160637408092378e-01
4.331925506588567565e-01
4.281437181984028562e-01
4.154892342903723779e-01
4.315670859617527499e-01
3.977741187004613654e-01
2.867582919209332171e-01
3.615756615787207306e-01
1.685772962323361102e-01
3.016497737061625273e-01
5.524688094409895694e-02
3.561234277280336813e-01
1.740251725145630368e-01
4.929825299906484548e-02
3.770865723862508734e-01
4.566994139909401063e-01
1.454846199610657365e-01
4.135250951305899370e-01
3.887568706430352683e-01
1.514301327543047804e-01
1.797025782725586163e-01
4.042180375243399348e-01
2.073573237694556481e-01
4.397493440483903893e-01
3.798100483845875952e-01
3.099998274331139392e-01
2.359522366667617388e-01
1.854986524069853759e-01
3.711200307624374362e-01
3.390974142078120868e-01
2.974281954097272584e-01
4.439890313689078272e-01
3.723923560464638682e-01
3.356744072269677442e-02
3.164378415012457646e-01
3.693639949911020071e-01
1.947181734718898827e-01
1.306272868624961392e-01
4.291562787092160214e-01
3.130685992410087715e-01
3.020071083961254343e-01
2.290284069627890606e-01
4.268349740439380535e-01
2.335538839220510365e-01
3.920086438227317061e-01
2.494436707462796832e-01
3.707902057365750625e-01
2.515536990986060872e-01
4.424443700032839599e-01
4.211234041797419225e-01
3.564384795164109998e-01
4.114475640388436384e-01
5.275243436084295912e-01
1.116354371512923577e-01
4.082205227860667973e-01
3.986689522151853904e-01
3.178563706287690915e-01
3.035611751733712782e-01
5.325636326956786348e-01
3.985857186022521148e-01
2.324095519311993596e-01
4.418417655101175012e-01
1.681557182064720435e-01
1.859127523341671251e-01
3.847300068849942578e-01
3.922040722345194186e-01
3.872743821937565945e-01
3.974996239453871261e-01
3.327139604396133210e-01
2.603646222376110875e-01
3.143092263057865599e-01
4.382278493577305700e-01
1.657772111835916773e-01
2.954958462292056609e-01
4.205622108991644570e-01
1.432007552064160638e-01
4.730189333689865244e-02
4.179963080235191697e-01
3.718622840775114846e-01
3.392379603816452760e-01
4.273452134855814100e-01
2.902316854878057573e-01
2.833498585922862856e-01
1.521458607248663830e-01
4.822500530742170333e-01
2.001375207873125062e-01
3.718499918457006670e-01
2.256317312181406187e-01
2.911258352939695704e-01
2.542977173587978590e-01
3.946077051943015501e-01
4.505728528640064456e-01
3.905238433447851820e-01
4.071057581978163031e-01
4.594860041148087770e-01
2.028913722333905711e-01
4.187459968247805864e-01
1.636791891299158030e-01
4.034982471764268497e-01
4.182939604082566709e-01
3.245312079318564691e-01
4.448678866502643880e-01
1.132861384865020971e-01
5.462264819828597240e-01
5.646210643017820496e-01
3.954385311733275565e-01
3.103829503585608385e-01
2.535936386153403999e-01
3.182715364077224884e-01
4.979027692195368004e-01
3.975698962646979084e-01
1.845007673572753581e-01
1.864907955422951680e-01
3.945162496519202255e-01
1.021911059496179996e-01
3.692985818654547781e-01
3.979035428471518476e-01
3.358876167421587788e-01
2.379897423648324184e-01
4.651586828992397282e-01
4.321567864620323718e-01
2.723140862759819147e-01
1.896271716532704210e-01
4.234685215536215797e-01
5.825550343125081298e-02
4.096540837097529808e-01
9.432411523967031142e-02
2.521365117164517944e-01
4.368692104113815478e-01
2.784940178308751291e-01
4.040195452866152670e-01
2.844475931612552855e-01
3.344975616405733154e-01
4.071290797009446960e-01
2.404501947091614023e-01
3.703999664000000580e-01
4.209366875958711618e-01
3.752766342568830127e-01
4.742590394498538697e-01
4.053937926048129525e-01
2.087792546769287605e-01
2.091890757878561435e-01
4.273651860905757771e-01
4.015900453806354742e-01
2.904205204354757819e-01
3.871362106603291608e-01
3.798922870974204558e-01
9.687509892899814901e-02
5.386424946945060910e-01
3.316640361978610008e-01
4.204216746419683903e-01
3.027889072267738735e-01
3.972636024228237694e-01
4.310703407811099508e-01
3.679631450284132632e-01
4.413212020609174058e-01
2.915934173668738305e-01
3.103738775899493874e-01
1.858250667735660555e-01
3.443405135472564216e-01
3.229993329702094407e-01
1.321417397865053411e-01
3.970190471983812142e-01
4.082359667657978197e-01
1.219152674590478075e-01
3.932819677411570347e-01
3.176607762144474656e-02
3.349398015814396001e-01
3.702971487980679099e-01
3.742919267166777142e-01
1.973139180395465653e-01
2.999588003683545390e-01
3.350310451816359003e-01
3.151830041029871077e-01
4.332198176765402198e-01
4.349576995292272485e-01
-1.181578541838421495e-02
4.824697235144554952e-01
2.961855275352686112e-01
3.831271644851197977e-01
3.801144471529657176e-01
3.594723840133952075e-01
2.476373860004084937e-01
7.452286012867193055e-02
2.191143111100368746e-01
1.557421163009267695e-01
3.412587690561287301e-01
4.067846475101492554e-01
1.525083179439607750e-01
4.369017642828894044e-01
4.428752734437980121e-01
4.281320200519885821e-01
3.968119158685755599e-01
1.179735141723579350e-01
3.209794765833315910e-01
5.743817909805990496e-01
2.491967218105764215e-01
1.770114268598028395e-01
1.214665617878180615e-01
4.090776634536785750e-01
3.660290877797652276e-01
3.684193290887707306e-01
3.982306586809565840e-01
4.798628559030970742e-01
3.741486851676912861e-01
3.013158446940463614e-02
5.219124906958964027e-01
5.135572932632291865e-01
4.199033754224155701e-01
5.643625181546405578e-01
1.117685987498741179e-01
3.318783289993297303e-01
4.208856521002768414e-01
2.302292281484037417e-01
3.839292420917460591e-01
1.881171856556151656e-01
3.795870630905696652e-01
3.931064878273923813e-01
4.259931989357891857e-01
4.325345626189103787e-01
3.481703935789374205e-01
2.130907039284221371e-01
4.410528093985187081e-01
4.543438142752480036e-01
3.930119914872480247e-01
3.412208037504498859e-01
3.787864874602857590e-01
2.941704000513428174e-01
3.846068668987764338e-01
3.291387454779136079e-01
3.134889448238966647e-01
2.633264206672680241e-01
2.474144263693195678e-01
2.762603377326563470e-01
1.887317907163213460e-01
3.798376028602699628e-01
3.955046240242832689e-01
3.489102442256209469e-01
4.759940857252256130e-01
2.685796009114377325e-01
4.566759660818080491e-01
3.637648962223559157e-01
3.823102732898387979e-01
4.148004070028130652e-01
4.072443197372281332e-01
4.452547440401637968e-01
4.031655149577026975e-01
2.209249918668964863e-01
3.494975779275216188e-01
2.811928411524045601e-01
4.187029018584975115e-01
2.329988213222785876e-01
4.055674045394916938e-01
4.511210412426535643e-01
4.215690356104910830e-01
3.358405425903959185e-01
3.933048009847587290e-01
4.042822951750519311e-01
1.773352253139900137e-01
2.823655200837555945e-01
4.023410022666775721e-01
1.843891340724362893e-01
1.151470712001497337e-01
4.311770613058483193e-01
3.532079306785606554e-01
9.549129595590281905e-02
3.909965649534385967e-01
3.906568621271960251e-01
4.102300519497420472e-01
2.695112333029631158e-01
3.353022123448236025e-01
2.532964550925236313e-01
2.760501671195532136e-01
3.334407987780078630e-01
2.926765824458322784e-01
2.162274267741981504e-01
2.099172769118035908e-01
3.964698898937541460e-01
2.755341843060959417e-01
3.886264032163328497e-01
3.768690352262595300e-01
3.888093494242473858e-01
1.567300078284958598e-01
1.000354210889636275e-01
2.037137657515184219e-01
4.128248009534229990e-01
2.711639990206128892e-01
4.203820101682411714e-01
1.952920627864208891e-01
3.269137634114535063e-01
2.798793342736536904e-01
1.213622430056753021e-02
5.222916276518879686e-01
3.714534163174273984e-01
4.260438092192627701e-01
4.499015836670263724e-01
3.842652984585037124e-01
2.990766807292323803e-01
5.463622709093779450e-01
1.744035307189115147e-01
3.786857943629993173e-01
4.164874935245702070e-02
4.254624457478089483e-01
4.157633258241947849e-01
1.414773357938497733e-01
1.697504764725124571e-01
3.849725151329769224e-01
3.922887857499417485e-01
1.776459331329774960e-01
4.326026778829404340e-01
3.582901771439397365e-01
3.964126030580216176e-01
4.542716236468061775e-01
3.394948468405717956e-01
4.402352335403568184e-01
4.155524394498028018e-01
4.021228056295740316e-01
4.808019337804313453e-01
3.838653070014386159e-01
4.614152488485243064e-01
4.892012245648273416e-01
4.276660817550385629e-01
4.711002226685915284e-01
2.382936434756992294e-01
4.340397322843502770e-01
1.338827345763409227e-01
2.807022293288140014e-01
2.931187570364751083e-01
3.994411202485522727e-01
1.357741397205733946e-01
3.897882510223930619e-01
3.380371416025785281e-01
3.877880942425442901e-01
1.878259001668078632e-01
3.381474732354428081e-01
3.877520493620990050e-01
2.683432418082914994e-01
2.305573324095248899e-01
3.156424343475242589e-01
3.569120913818228935e-01
4.549128320314382856e-01
4.202985249465745476e-01
4.187769458815150947e-01
1.865627444112158695e-01
2.957051032876769625e-01
-1.106742262502210736e-02
1.662573023317585608e-01
2.961829773983936653e-01
5.009071745011728360e-01
1.942133885955650008e-01
3.417986716695697869e-01
4.000024696228063337e-01
4.579698407576174302e-01
3.263557388283621075e-01
4.355220119448515170e-01
1.372194301587811582e-01
2.111963576247713192e-01
4.191021752099641784e-01
1.419010358555732876e-01
2.998974047254925890e-01
1.638890545211696970e-01
1.178708198022757753e-01
4.804581603198883610e-01
1.731963384310943044e-01
4.219897647473254132e-01
4.286353793391212141e-01
2.786654734156405744e-01
2.979289336342464400e-01
1.858034245222274228e-01
2.916147752928751058e-01
4.044203737659393116e-01
4.259177259419645867e-01
3.850174666264972734e-01
1.664293413539833233e-01
3.105937575658249683e-01
4.486366541196546431e-01
4.324404389617546585e-01
4.836695019179647059e-01
5.581469430604383414e-02
1.790965727463020574e-01
4.079934873963900754e-01
4.003399604165959746e-01
2.225422460034166550e-01
3.024430653383008427e-01
1.869807600667357794e-01
3.398094242278189570e-01
4.179558499698720064e-01
4.851164979347665218e-01
4.430383922901831029e-01
3.050095317610795331e-01
4.810978112116073846e-01
3.090557990170260116e-01
4.404403440337918973e-01
4.701070261551043572e-01
2.041515531638260772e-01
4.221040994236875954e-01
4.964299104472501556e-01
2.145000724950139603e-01
5.795723462508460821e-01
2.235766110000914075e-01
3.350653618909812947e-01
4.367100821608327355e-01
3.921485929652217539e-01
2.881853814505699329e-01
3.694655079121283991e-01
4.146264148335642719e-01
1.032338010044280274e-01
1.647006180187367275e-01
3.710341555067568353e-01
8.352293396065681164e-02
5.696410924998355219e-01
2.402646008213836226e-01
3.439207260345308326e-01
1.867899693372866987e-01
4.314268307727558427e-01
4.235053307827281732e-01
1.216518461437437471e-01
4.619869920202245295e-01
1.309969748193040295e-01
3.647556251943895322e-01
4.394629598678350679e-01
4.345254087553342970e-01
4.181587891761998632e-01
4.282788136656927036e-01
1.318994316969213654e-01
8.981803377031814806e-02
1.861736461102886375e-01
3.854249639197839250e-01
1.467299679259865541e-01
4.197657278525576130e-01
5.165985406435781579e-02
2.778303666857861454e-01
4.508659779512311783e-01
2.571579625370047917e-01
3.849839171495214596e-01
1.413985204628461778e-01
4.321177762373994979e-01
3.217870435879826574e-01
5.020488725305216615e-01
3.915673970392932191e-01
1.568545241370985499e-01
2.753662164316376115e-01
2.369697994778547367e-01
5.723408350811749479e-01
4.227745036741544227e-01
3.932034322076538579e-01
3.446752394042104650e-01
3.250117780401095557e-01
-2.342347409485407220e-02
4.200361986105702883e-01
1.525594943211519006e-01
3.378141701254649409e-01
1.168783714814224384e-01
3.455590855962365482e-01
3.663079894427183070e-01
4.828800932923740796e-01
2.333242760571333785e-01
4.095947643783401926e-01
3.981480984865164996e-01
3.077699244533347867e-01
4.017552639400735481e-01
3.898039246199886398e-01
4.416200464337309284e-01
3.449788264605748167e-01
4.366331108004877226e-01
4.608875952942543264e-01
2.749341760632040832e-01
3.269143446965046551e-01
3.293005598508539356e-01
1.611643054589876889e-01
2.231366273223689134e-01
2.089084165358295053e-01
1.128674744167292160e-01
3.609566504036741397e-01
4.542750206966445492e-01
1.782582794410075278e-01
3.877473523407201639e-01
3.913170228649845983e-01
4.502594265535207474e-01
2.486097933215534461e-01
2.184215231684540071e-01
1.661124289773191487e-01
5.855941234783878374e-02
1.049120762077395824e-01
1.561253537033683303e-01
1.769852555682788209e-01
4.322726796686127693e-01
4.074007100831131822e-01
4.863790807659867377e-01
5.308733191876666702e-01
1.208835963023147525e-01
3.764241998649626719e-01
4.230344876091964856e-01
2.018223108166395108e-01
3.253704615586848203e-01
2.443514047379603538e-01
4.900879247774539427e-01
1.946328645848126315e-01
4.071068702511586590e-01
4.011249819883279666e-01
4.579698407576174302e-01
3.067720966628681434e-01
3.171218561079037213e-01
4.013420365109863774e-01
1.008996852888032481e-01
5.084473444024555366e-01
5.887924945300798685e-02
4.444093369533096971e-01
5.682188379116682730e-01
3.554504022360182453e-02
3.913305749868654648e-01
4.144332085368354068e-01
1.987941316631060551e-01
4.631575104524417452e-01
2.612529003988081078e-01
4.198505811552198930e-01
1.816970765788321618e-01
1.002154516033008785e-01
4.325652568927577657e-01
1.330531822161184485e-01
4.558830757622800989e-01
4.146830012393779019e-01
4.154419150856445420e-01
3.551999258793740455e-01
1.659400779907617418e-01
1.781462116497937731e-01
4.539234643771707933e-01
3.915533813872399960e-01
1.193374767527780739e-02
4.729171477534067081e-01
3.178078127157420441e-01
1.346835477235679701e-01
2.326845352932975508e-01
2.500409194826282988e-01
2.513144893927797274e-01
3.499407966695127215e-01
1.711394941859791796e-01
1.481056211090193697e-01
7.956337138957636501e-02
1.842130887858812183e-01
4.801348763094027972e-02
2.755013718551642121e-01
3.397913804294835916e-01
5.090620634163172120e-01
4.020505623060313671e-01
2.445510317667559386e-01
3.335319271958420706e-01
1.179582338378848960e-01
2.095706262157711885e-01
3.556344700327025432e-01
1.510503556202630326e-01
1.324959891990610816e-01
4.765464821603573320e-01
1.231702203975388321e-01
4.016288554468696037e-01
3.854093306318658874e-01
1.051878979250338852e-01
1.942607033191346144e-01
2.250042749685654542e-01
4.118170494721971053e-01
4.404074409638836229e-01
-9.688265674198679248e-03
2.107703671933111589e-01
1.858023473015915084e-01
3.121221316641357713e-01
3.857910837751368227e-01
1.416819060847035183e-01
5.215959791909878795e-01
1.060761524771660080e-01
3.310933978806054334e-01
3.631286179830585659e-01
3.657883871812018239e-01
4.201393776096112309e-01
4.688056062877165586e-01
4.909075218869084489e-01
3.979074744825643051e-01
3.722377276463338935e-01
1.644215746132235423e-01
1.932177305155018121e-01
4.068552343818689909e-01
3.036236130174477799e-01
3.338383744966377797e-01
1.654335114132054751e-01
2.973321578208681371e-01
3.939721674249013206e-01
3.639408639392330280e-01
3.228438460756042350e-01
4.072306180566929168e-01
4.758385872128028660e-01
4.001757028166343932e-01
3.580535473663917223e-01
4.050644167735659718e-01
3.810865386561894663e-01
4.245415252537222961e-01
4.051921423953372403e-01
3.930122770366054064e-01
8.906273356320194845e-02
3.684572825899171122e-01
2.804641788996461993e-01
4.917539382509121260e-01
4.027391693529645544e-01
2.290916924511291475e-01
4.069309393171215983e-01
3.472026130951059164e-01
4.163370280918639588e-01
3.900375537849745666e-01
3.881384204426053253e-01
3.981561709610408339e-01
4.207619449156115854e-01
4.322861422295684042e-01
2.650255108192082765e-01
3.358766902677800537e-01
6.777213640861215471e-02
1.575386285328889691e-01
2.962087749281316906e-01
1.631549934271246949e-01
2.321786815777622248e-01
1.392398987683358680e-01
3.870455330967985663e-01
2.140404690568250834e-01
4.202253240659162281e-01
4.225921411163467978e-01
8.250687109278807829e-02
2.352803947943631346e-01
2.884331230274320146e-01
3.180997826599692435e-01
4.164542817448741996e-01
2.750548031154956274e-01
4.485455112625330032e-01
3.600639606252329927e-01
3.353941925353957632e-01
3.096749938443534023e-02
3.010852169844330239e-01
5.651631190951698080e-01
4.132356061505447764e-01
4.313592549903801365e-01
4.323601240765162501e-01
3.819269989800805343e-01
2.169127200876413419e-01
1.956273218026544081e-01
3.123941979711936795e-02
3.059141449886101372e-01
3.315369108023326628e-01
3.407423674203503561e-01
3.260635143294549620e-01
2.874538091004955054e-01
1.149074418473447073e-01
4.000944948531674483e-01
4.845432678483945210e-01
2.129951547909912368e-01
1.601046602573915345e-01
4.180124481594719721e-01
3.533958126125115728e-01
1.500109098771076066e-01
2.257720473176950127e-01
3.449082382818506320e-01
5.563880157725150655e-01
4.010009112697053291e-01
3.673491819817873427e-01
4.328715823931846285e-01
2.192268186356431947e-01
1.733527758861920232e-01
4.986633517370808732e-01
4.661460609815134548e-01
-1.023026501844045630e-02
2.890646679189247670e-01
2.038151098822533203e-01
4.154234677341197557e-01
3.471989297490504778e-01
1.457482824290674273e-01
2.776884338217032733e-01
1.935049501001201155e-01
3.881185803637148823e-01
5.561442273655199386e-01
3.765668392790647578e-01
2.360797774822503137e-01
1.054695010002561772e-01
2.396769585419515902e-01
4.105664786344326300e-01
3.759024333907600157e-01
4.761802106302477355e-01
1.793209955377751685e-01
3.405298358800153413e-01
3.299271705722680026e-01
3.387648451986778331e-01
3.977916234320645339e-01
2.748310074372145029e-01
1.558548039441966238e-01
4.238501029606544512e-01
2.309108998561930914e-01
2.639472412344065488e-01
3.670380239464389183e-01
5.329758430885738196e-01
1.402780337208582584e-01
3.432894271088315907e-01
4.380889214213991578e-01
3.698743227281584001e-01
3.321757832172944069e-01
2.837536644692835730e-01
3.746017297203291241e-01
3.795322919272489104e-01
1.973814207956408606e-01
2.684149810845232742e-01
3.522919803697868724e-01
4.074898320208799052e-01
4.109340267967172000e-01
4.057482354125379609e-01
3.950747267697495291e-01
3.070143811018950508e-01
2.941870175136262477e-01
4.870065798355178721e-01
1.796589127054672441e-01
2.555189099309927436e-01
4.431454257906266569e-01
4.287275717830700272e-01
4.879721379786767198e-03
5.294713901371926879e-01
3.379009299119797305e-01
4.262078533003355041e-01
1.763742259998267725e-01
4.579463891141868914e-01
4.027182212662218652e-01
1.077247634558150952e-01
3.609752368370713893e-01
2.582746094813903603e-01
3.026666532236174101e-01
4.290823133761659247e-01
4.030233035771912942e-01
3.473703630939938281e-01
1.815548675789359911e-01
4.240701335532355287e-01
4.585979791390489835e-01
1.073522753767814641e-01
4.365620994635069918e-01
1.972875831027645632e-01
2.762836292161741647e-01
3.945058210010215505e-01
1.567549628175115284e-01
1.827242737710959297e-01
6.583213354995465227e-02
3.982276238165789461e-01
4.202206244097823618e-01
2.781917748315194672e-01
2.603892740845742959e-01
4.271375142104686384e-01
9.494343662859713873e-03
2.309137726935087676e-01
4.130748158882174836e-01
4.143775038403859634e-01
6.425458407754908174e-02
1.653625245566259505e-01
1.136918700997352066e-01
1.074750077435736584e-01
8.627170460320240930e-02
1.821712288127942114e-01
3.957960557316222983e-01
4.021467536027653056e-01
1.939105498511245473e-01
4.369967153776047053e-01
4.033031440220370967e-01
4.248826134217178474e-01
3.236644628974980065e-01
2.537026004660287160e-01
5.726484928963163634e-01
2.461225634845799481e-01
4.053149653811060071e-01
1.332124949410123937e-01
4.460561089170254553e-03
3.153811780125121977e-01
4.297198808612686660e-01
3.732174275130187291e-01
3.526683412275395946e-01
1.621512908642162298e-01
4.152296739077627197e-01
4.081005608538273988e-01
1.500377608939400531e-01
3.802274256980874290e-01
3.752213555194139349e-01
3.164661479816582856e-01
4.340010873156013305e-01
4.224825176309515706e-01
3.251240897225065041e-01
3.801351720946279378e-01
4.287030831664427333e-01
4.650093304819763462e-01
4.631105100738200364e-01
5.448241444494036217e-02
3.852216284421486892e-01
2.030080637759349993e-01
2.189574321778739729e-01
7.824953887999772095e-02
2.205152836407003325e-01
4.292653496844044403e-01
3.736160984391556084e-01
4.073860318005401160e-01
1.997752671134180869e-01
1.939077994158147356e-01
2.640377852760202315e-01
4.853469912018547050e-01
2.633878559922378515e-01
4.466662704866939393e-01
4.971892034492894630e-01
4.369012677871598749e-01
1.606636824168306277e-01
3.963441802122731894e-01
3.614076824598747573e-01
3.262243201928514691e-01
4.236015120383483934e-01
1.772396766433464166e-01
3.893324422175409305e-01
4.263691510123345241e-01
1.743151473683330899e-01
4.226469969652587033e-01
4.635507428707436040e-01
2.419559730082022908e-01
2.812153378371688439e-01
2.246945159310921314e-01
4.520180107761102017e-01
2.505457933182415053e-01
4.385263462748162366e-01
4.010059063295953741e-01
3.912149084729491522e-01
3.336033006352990271e-01
1.823976487330290219e-01
3.572138689216187157e-01
4.081580822449969448e-01
3.119848884773113729e-01
3.737287400675696758e-01
2.182860916713524613e-01
1.882402629886028578e-01
2.398302370139257789e-01
3.247140525461061911e-01
4.033964723566001997e-01
4.377595079152296620e-01
1.416137596755868422e-01
5.678551858674683039e-01
4.566994139909401063e-01
3.005653469529691590e-01
1.097818064848996578e-01
4.157412980272838232e-01
3.029770887240745281e-01
9.062011353453906792e-02
3.875311367904544224e-01
4.296198112051140550e-01
2.467440821425143371e-01
3.637684062347233960e-01
2.102240631416788796e-01
3.038712348478051495e-01
2.447326392701563158e-01
3.277908067904396483e-01
3.951045860544559751e-01
5.678957652443239468e-01
3.723717434656937941e-01
3.874500176229002217e-03
1.305361076167103895e-01
3.702585813782508506e-01
1.452850295076491827e-01
2.917222463286243128e-01
8.959064320736345732e-02
2.865696118221736644e-01
2.215425510637082374e-01
4.845970359376503556e-01
3.146376869849518698e-01
3.186392028227923445e-01
3.570173801765226806e-01
2.414703202033348928e-01
2.033320414712628810e-01
3.257111716497049780e-01
3.131925479310554428e-01
8.173677625895492405e-02
9.657755102163376182e-02
1.234605268933199190e-01
8.451553033088546329e-02
9.008069829372881976e-02
2.215321573492465002e-01
4.449898136533502746e-01
3.467804358803040499e-01
2.703970553538090904e-01
3.062561799257479400e-01
3.437978795641739027e-01
4.339586142759845888e-01
1.568252113617886467e-01
2.452060045058994386e-01
5.334996426808398251e-01
1.029581768055908703e-01
4.145733613230694337e-01
3.562881594801721730e-01
1.216199110040024345e-01
4.051841270140875695e-01
3.997829718938727961e-01
2.835944466993016722e-01
4.167828155333053175e-01
1.996606677997700696e-01
3.217223348340138567e-01
3.768366347929271720e-01
3.205422594191484897e-01
4.858856244235106869e-01
3.321995414051382434e-01
1.921606967762601315e-01
3.695966730925024368e-01
2.996509387435003502e-01
2.053364082317973016e-01
4.326885241770616619e-01
9.418244361569901024e-02
3.015108687772590224e-01
3.731340136164530974e-01
3.542455078358066056e-01
5.577732069088333633e-01
1.778651701456386014e-01
7.267384431353184071e-02
9.338607638939692979e-02
3.301108409643890851e-01
4.027834607054974203e-01
3.273064277807176681e-01
4.337984469776287599e-01
2.721268804990097934e-01
4.272036801706901588e-01
2.014683350607377743e-01
9.849883680349888482e-02
4.842351215870114300e-01
1.659905586266531563e-01
3.134312796207432972e-01
2.080492745902355056e-01
1.826075051619665546e-01
1.394482921821119104e-01
1.973904892490629670e-01
4.955584436829045258e-01
2.827587755717236306e-01
2.483134657829335068e-01
3.155836149142017821e-01
3.696380746581537369e-01
1.440869916451036348e-01
1.136227043360495265e-01
1.136179135630326492e-01
2.707784605226996044e-01
4.481883155714580513e-01
2.147140984134311981e-01
3.665883475235722777e-01
1.025228414996364190e-01
3.707048789248650889e-01
4.556186403774767357e-01
3.888643138790068843e-01
4.344281019821510936e-01
4.363812200860726631e-01
3.887486336934088405e-01
4.353715900037562481e-01
4.376799525448105688e-01
4.341017873628321699e-01
2.657578094644051925e-01
3.705696898511599557e-01
2.360166791237564843e-01
2.468974604602942602e-01
3.722433510641821042e-01
6.557498737575515046e-02
2.529199940985197292e-01
4.656549994031627393e-01
3.746939448605142720e-01
2.712600967939158836e-01
3.861413698937274375e-01
5.318785922149888989e-01
3.225053835343647535e-01
3.833376064779921988e-01
2.362416912964473703e-01
2.186458282880326953e-01
9.653823674211993444e-02
3.943477904682580748e-01
4.022049970412927555e-01
4.182214399997665200e-01
1.937182416946731933e-01
2.787587273391198828e-01
3.718071209373265962e-01
2.335888963312039157e-01
3.778937880971451890e-01
2.090972951696052906e-01
1.834672319557548725e-01
1.072715044092215353e-01
3.022401540147349741e-01
2.109874077175367957e-01
3.319794603787815657e-01
3.591468550904772239e-01
4.323098301296163792e-01
2.295591024766037991e-01
1.776459331329774960e-01
4.042883520412235976e-01
3.811529950618486318e-01
4.107102080072776995e-01
4.690825674224626263e-01
4.535315346481488818e-01
4.234428692466024047e-01
1.731963384310943044e-01
2.633887444492719054e-01
3.258614515214890428e-01
4.631000897213624068e-01
3.911978683710617966e-01
4.447566255505074895e-01
2.021337993322172011e-01
3.756758018239720887e-01
2.328754240273357146e-01
4.160330904678564146e-01
4.415224336140409211e-01
2.212750717536668410e-01
4.146432727846700583e-01
2.465595737556607395e-02
4.280332578152252765e-01
4.018331198312526942e-01
3.568226554310459098e-01
4.223510457609414570e-01
3.209825924612402237e-01
1.428637555143692228e-01
4.018266694530052696e-01
3.918460618439919552e-01
3.668580272741817083e-01
3.698098791093819560e-01
1.486970675753684912e-01
3.189476458364282063e-01
4.350348505508215280e-01
4.322491715127985135e-01
4.857480714558809476e-01
1.951534311303685099e-01
4.290239699414234997e-01
3.260528953953024667e-01
2.431516649014560383e-01
3.652650694794090658e-01
3.288791510716955746e-01
4.658094903188702007e-01
4.307284841774708384e-01
3.990365344010783355e-01
4.492488952605036001e-01
3.614801124361032847e-01
3.357970940275386562e-01
4.093266828322771056e-02
7.603190697100464801e-02
4.930146005531683140e-01
2.065073064006780479e-01
3.769488099867145392e-01
4.290951321440629185e-01
8.611392968835666906e-02
3.873450995999544455e-01
2.147618665638211521e-01
3.322217497761270066e-01
4.163735005702317027e-01
4.296560209963296018e-01
3.161251905141096441e-01
4.554899640862958843e-01
1.398497934990383107e-01
3.591647325880534258e-01
1.734800054271558867e-01
3.446720142773250783e-01
2.593683551349574290e-01
2.977452417491630032e-01
3.960003362357271683e-01
3.007425176741028161e-01
4.841713693943453523e-01
1.866535130345776672e-01
3.757263529188147877e-01
1.018942094439453383e-01
2.749099542622034931e-01
3.629035857955650868e-01
4.789587571581669923e-01
3.834027786998950305e-01
1.923437957947805310e-01
3.042051878501957907e-01
3.818035495242489974e-01
3.235946837130480591e-01
2.979008523320324509e-01
1.579411875431821488e-01
2.280245109372865397e-01
-2.827194733431022053e-02
3.493440336149876146e-01
3.193349449523459893e-01
4.985596802878004552e-01
3.846682962748013135e-01
7.827319773550191206e-02
4.272267358954970340e-01
3.461293148833314848e-01
3.939800844696242921e-01
4.223276805872669404e-01
1.655002186807383313e-01
1.435300429912032827e-01
2.198533557498849322e-01
1.111118343150642590e-01
9.659081336713885857e-02
4.088664194164762788e-01
4.304870577972511048e-01
3.685703539116100824e-01
2.989703797736746882e-01
2.966392964743874705e-01
2.804494853064493087e-01
2.473537333139712580e-01
3.573879673109132127e-01
2.494645770659311701e-01
4.265916775270376937e-01
3.503877951854445505e-01
4.054020127086039871e-01
3.496604610151958226e-01
3.817629471607115188e-01
4.390669361858932640e-01
3.163859720953078325e-01
3.253517007128022831e-01
2.203535310081616017e-01
3.314360567982737593e-01
4.116923478438456740e-01
4.041103343811938697e-01
3.118272178479373213e-01
4.227337410262276274e-01
2.429196053865994298e-01
1.739532401284209218e-01
4.646660077927525778e-01
2.978283518812930852e-01
4.104972600096773450e-01
1.797718566460896616e-01
1.568663008438171969e-01
4.224965503777934339e-01
3.721570793919713460e-01
4.631946083428211125e-01
2.347158262058628986e-01
6.471710712514215647e-02
2.412789043367601083e-01
4.321930786567677596e-01
4.274447296357163362e-01
2.348702248429055672e-01
4.466080855106838721e-01
2.597058608659409962e-01
3.108377431852721862e-01
2.419494333957807053e-01
1.133545781365937200e-01
1.908122439744289744e-01
2.230422698981281149e-01
4.979027692195368004e-01
2.874139733884367165e-01
1.931123793995095650e-01
2.321905046157146935e-01
4.631121296805645882e-01
3.929137701013817874e-01
3.998614198580765500e-01
4.377802888713691609e-01
4.461797771171704952e-01
5.474201377343056452e-01
3.926635160470077213e-01
4.202008981855034908e-01
4.021397273956917040e-01
4.629311709700335564e-01
1.696946892065742951e-01
4.193978181271954542e-01
3.738585670205899492e-01
1.891471159083277787e-01
2.190951432878579241e-01
2.136519991968404419e-01
3.977943396777971485e-01
3.672436776973189709e-01
1.812146624480552304e-01
1.447550698995889729e-01
3.053689125146738514e-01
4.369178404378615266e-01
5.288041010463007119e-02
3.710726522653481907e-01
4.166274071419526770e-01
3.100277941338566712e-01
1.453122797624817331e-01
4.134045511249474503e-01
1.994180909236796806e-01
2.999210617968319781e-01
2.217844245898657474e-01
4.481790656311296361e-01
2.279397452661620360e-01
3.987290317252928373e-01
2.638892426258234170e-01
4.081479920045252840e-01
2.835243655968193166e-01
3.923501693185719175e-01
4.990905505667842523e-01
9.006641308237683941e-02
4.264131022117677028e-01
2.932595024351323798e-01
4.528152080695403425e-01
2.562314924604493505e-01
2.056533618361540416e-01
1.977404705244207028e-01
7.866792831286321952e-02
3.920752885200188831e-01
2.545374087839420985e-01
3.534797277764102907e-01
2.260586295820387615e-01
4.433768154553197061e-01
3.447745251066367533e-01
3.744869952665682011e-01
4.165965408414217808e-01
2.124888292001637924e-01
3.619305584563952682e-01
2.481949043863741072e-02
3.989894127822325443e-01
3.417403337117985163e-01
3.501892649408597236e-01
1.881593100362301541e-01
3.162837546781264719e-01
4.218447184533740124e-01
3.831637618550257640e-01
3.688785072266680398e-01
4.087326330282660125e-01
4.006476724205575990e-01
4.392202170229231872e-01
3.911498116838756367e-01
3.716005596274383760e-01
1.514224897241061019e-01
1.766437767096774858e-01
4.256650019810812036e-01
3.924784684456059103e-01
2.874905761579618080e-01
4.195928845194912271e-01
2.870504795955080568e-01
1.078368081566165732e-01
3.419878780554623243e-01
4.443302001977506577e-01
4.246010597637121520e-01
1.728400450865692217e-01
3.680092929081833497e-01
2.592263004290135120e-01
3.447496906732238076e-01
1.006129886875010426e-01
5.760673929034682006e-01
1.910134381845676188e-01
4.010819970593735295e-01
2.945920214365615464e-01
1.573858643308677363e-01
3.376596128222288939e-01
3.376467939713474475e-01
1.006270238019918743e-03
2.767821814031071193e-01
2.535284104982504227e-01
4.367839122292933030e-01
4.406092255251203293e-01
1.610127928952741760e-01
5.348556324743523049e-01
4.378968697697614432e-01
4.517559301569462060e-01
9.021092487373860713e-02
4.395530979497113688e-01
4.107288517414105500e-01
3.930479985060559289e-01
3.080423105122935823e-01
3.766709272063565872e-01
1.245682824730159205e-01
4.032208900815648644e-01
3.983787663113126931e-01
3.675042387474455885e-01
4.626474082670137822e-01
3.462631914755962548e-01
2.998645002033571427e-01
4.326882022805323968e-01
2.297732898256325818e-01
3.868662129134577410e-01
2.037837023573955408e-01
2.200651670114672775e-01
2.647383163529337669e-01
3.816799327096070393e-01
3.907427859287569416e-01
3.248745390025057356e-01
4.180880686165944216e-01
-2.910040485526907070e-02
4.314026040549289176e-01
3.065693477812863610e-01
1.473207938608447343e-01
2.209684511347427549e-01
4.473738629145790346e-01
2.970612509590309092e-01
3.449206929219331141e-02
3.444982830110636662e-01
5.822718359786860365e-01
4.096845201510361800e-01
2.183209550249440301e-01
5.546671571758799990e-01
2.103399126984592526e-01
3.975264836755826869e-01
5.641376280364582829e-01
2.753571665459774165e-01
3.595203643549234052e-01
1.633028574567430280e-01
3.435223293718715487e-01
4.808019337804313453e-01
4.428424538562069634e-01
2.097049768149901461e-01
1.842050853803192667e-01
3.316154499041655268e-01
5.588572264990153693e-01
4.586339130485909688e-01
3.451475678119796386e-01
4.148528299147706266e-01
4.160160974181299487e-01
4.340788920468912626e-01
3.168517425977793178e-01
6.724044707349431660e-02
2.684999781991693202e-01
2.090523170380891027e-01
3.355894808902442628e-01
1.658529923867042843e-01
4.755413242116666717e-01
4.143491421753402459e-01
1.697095821698179907e-01
4.330812546226629478e-01
5.794105309650772195e-01
3.631510645193061215e-01
5.676275947311928416e-01
4.342396756704657301e-01
2.067789412640047009e-01
2.195880559164747614e-01
4.327891283358059060e-01
4.234720595939738264e-01
4.363987345268518503e-01
2.413145575100405504e-01
3.811205579494066908e-01
2.957359324941762346e-01
4.560793326489325228e-01
1.650910629906815752e-01
4.647158797639238115e-01
2.344477629085904291e-01
3.244786154827477009e-01
4.335708056357847617e-01
4.290690374471500812e-01
3.657790267056383327e-01
1.941218726405326278e-01
3.682984768167884559e-01
3.021676229012558168e-01
2.093625465401195707e-01
4.050515052705899177e-01
1.356864135235436863e-01
1.552426198136378221e-01
4.611625648861268911e-01
3.988880927999611803e-01
3.072196432078485584e-01
3.422380856593125187e-01
2.848981062122050156e-01
4.091323907597382292e-01
1.386127297848580575e-01
2.648718020056395339e-01
3.548792965012893541e-01
3.029441770756527985e-01
5.485053735647577033e-01
1.720479722464715588e-01
1.564371562578889263e-01
3.961825052116506596e-01
3.317210060746367262e-01
4.949841587194491743e-01
2.705762268290858308e-01
2.364602886393377679e-01
4.109665565197614945e-01
2.298071452868769016e-01
2.013349685321536853e-01
2.521503042856628185e-01
3.930206386288167542e-01
1.094409773112500484e-01
4.482558855449250146e-01
4.417065459811336248e-01
1.642510513427532792e-01
2.434916646459202305e-01
4.798644622530820469e-01
3.016329189914487841e-01
6.029139666442275003e-02
1.983841911635442212e-01
4.114888664588701728e-01
1.944409243812385002e-01
1.077547115960793694e-01
2.628459899728249893e-01
1.864577821601723639e-01
2.457776104836226216e-01
2.800894580213108553e-01
3.565165404620691536e-01
2.924451827400255111e-01
3.739247808628164971e-01
4.343199283173961311e-01
2.396859092197487495e-01
1.681541851939600818e-01
4.019079750061392287e-01
3.353094989569781470e-01
3.202296246969569271e-01
1.765517528070669195e-01
4.102590875311873941e-01
2.582691476134437725e-01
4.168601167774291794e-01
3.815163026377595412e-01
3.310177537729259156e-01
1.559214245760046635e-01
2.346068859311213894e-01
4.354827634719753982e-01
4.115607580944800614e-01
3.977549379327143808e-01
5.582806816003560435e-01
3.753130092493142667e-01
1.912439526956649372e-01
3.152379601140827825e-01
4.343179305506917887e-01
2.550200050395680096e-01
4.252728610567338974e-01
3.546412467152507131e-01
2.106973644794257472e-01
4.272909464318098149e-01
4.146673168538089205e-01
1.926207354573103436e-01
2.257066027617021797e-01
1.475585942372368564e-01
2.818772714279759728e-01
3.394971690114905599e-02
3.925600147365154169e-01
9.126699979553894171e-02
-2.036279915890029310e-02
3.933449582199169403e-01
3.948925218823222671e-01
4.461201446440837826e-01
3.865493349493914210e-01
2.602746618253581889e-01
9.851965753510372181e-02
3.264360959111734517e-01
3.690961019778404295e-01
2.265478561261146107e-01
1.182973493186209937e-02
4.045850232182884310e-01
4.117238525019562001e-01
3.928266486273127578e-01
4.116338675263176983e-01
1.411724501559338263e-01
3.731455067913728718e-01
3.723162463962400581e-01
3.624602852724372326e-01
4.202747043544537986e-01
4.094217818804170017e-01
1.739562868180771216e-01
4.253601044763945516e-01
1.463929659103762049e-01
2.933349137507936799e-01
3.212046239739332343e-01
4.309870095785096056e-01
3.673619091141487880e-01
4.547878573013910963e-01
3.241661647369947774e-01
2.488717107103815274e-01
4.183416992651496358e-01
2.199222009447918680e-01
4.486064233967256842e-01
3.950446492360427664e-01
2.881719382249820494e-01
2.061106751120673208e-01
1.314718334684356060e-01
1.141891843044825217e-01
3.011335500097069295e-01
3.963780931194758050e-01
5.087654786260239481e-01
3.794216229212627467e-01
4.108927559937511909e-01
2.522384790393652487e-01
2.433188960818079283e-01
4.885047647860895070e-01
4.605708500637529790e-01
4.104952881341091264e-01
2.491709573916183196e-01
1.368705683690570052e-01
2.127623148648033202e-01
4.396225515033335141e-01
3.689023600167401495e-01
4.510101773062865083e-01
1.948102134734761293e-01
3.877986772237008717e-01
3.309970328145154239e-01
1.466786656355116847e-01
8.531653273443426388e-02
4.731740449173221785e-01
4.265067476297643156e-01
1.723567117893396727e-01
4.055339579216930002e-01
3.688449096602262056e-01
1.885635588840120225e-01
2.491388606812292850e-01
3.144356149657163146e-01
2.224481938010251236e-01
3.384038914548316845e-01
7.312188334505741183e-02
1.842483658738121588e-01
1.827628635137195368e-01
4.492156280550009817e-01
1.491622159696452399e-01
3.311164694554347698e-01
2.478387493950145737e-01
4.475498373324473533e-01
3.964320469278428960e-01
1.891014494781762256e-01
2.700380150852520478e-01
2.338605913660081470e-02
3.477567256478519275e-01
3.619386238564985536e-01
3.659790274339815852e-01
4.078024493163451836e-01
9.826771750201604427e-02
4.316256919591707764e-01
5.281702715032159379e-01
3.877885669632401000e-01
2.440001955215306828e-01
2.022124683876372897e-01
2.359400562979366012e-01
4.152214400285595408e-01
2.345564980458685611e-01
5.335628784407717706e-01
1.715075560217662609e-01
2.557667585992369208e-01
2.203571411878993969e-01
1.821754183637552260e-01
2.960096012224259221e-01
4.048145487211784466e-01
8.449524827702341312e-02
4.525037308139098768e-01
2.648050121686179592e-01
3.369395955949368027e-01
1.984955845975036048e-01
4.287845363488434480e-01
2.222734589990980614e-01
2.950797174161655101e-01
2.144214351344522484e-01
4.033679793272322844e-01
3.714658629832266468e-01
3.870483618693921768e-01
2.408965380631703790e-01
1.380482743041096805e-01
4.458508245894027278e-01
3.904407961978228481e-01
2.824188841219154589e-01
3.234639202809524994e-01
4.249824818406763849e-01
3.429003872289295152e-01
2.052694248336376648e-01
3.882216798636903277e-01
9.256931672440693593e-02
3.477267989798039638e-01
4.064965044750081247e-01
3.476318429060240023e-01
3.020650786914649277e-01
3.903967322640676807e-01
1.695024613219807685e-01
4.023410022666775721e-01
2.697650884243493752e-01
2.303600195669918138e-01
4.411213424060724253e-01
4.403076159457718908e-01
-2.583577440031573883e-04
4.095795575680550304e-01
3.594423635937091799e-01
4.085710615506959464e-01
4.136779423948198087e-01
4.340944375995410831e-01
3.851161547581817279e-01
2.983974434521167174e-01
2.985593421579644802e-01
1.939935565016944474e-01
1.428175247331728015e-01
3.909221695951720088e-01
3.301865917277824747e-01
4.406645263364426524e-01
4.060274191602493143e-01
2.380994368018987950e-01
3.766436119332382537e-01
6.796882669690926249e-02
5.064533142086497512e-05
3.183596961412465398e-01
1.633170208210474317e-01
4.682645510908282904e-02
4.072162442854150854e-01
9.120069888710594097e-02
1.029504644004247960e-01
3.704840233842567332e-01
2.482965036241539247e-01
1.366100703611499434e-01
3.586867495188054145e-01
2.933548604646518676e-01
3.948166858317007089e-01
4.423467652745740053e-01
3.993172853508788478e-01
4.091515349313600836e-01
3.102180213317319302e-01
4.510917476626751799e-01
-1.305222595361150706e-01
8.772956337013535291e-03
4.285500725266542243e-01
3.906358069075790418e-01
1.420357292219008305e-01
3.382006746656498475e-01
4.243010454766759088e-01
5.755476899611153829e-01
3.669512942002808309e-01
1.189787652503035698e-01
3.065290037897117625e-01
4.108916664914224470e-01
2.069268730918866206e-01
3.751579689560615716e-01
3.289730744874681534e-01
3.040988554435464231e-01
3.222908390411782231e-01
4.025774570508494632e-01
5.768427429325729827e-01
9.870447789925627935e-02
1.183770875270363232e-01
4.767461308688302202e-01
1.205119058979631057e-02
3.673283132073952295e-01
4.613836605836199034e-01
1.963044984886802569e-01
1.234692583729826154e-01
2.628820435458872895e-01
4.323763337534052287e-01
3.695750385379679148e-01
4.486366541196546431e-01
2.291412817203455632e-01
3.897390047121866985e-01
2.373391711395810566e-01
3.837390079646724739e-01
1.328883038512722881e-01
-2.282485567487344685e-02
2.104811490121444029e-01
3.202404252010001562e-01
2.705326145379861602e-01
3.696126215967047157e-01
2.890103033377244834e-01
3.103366170916171396e-01
4.524453739356929516e-01
2.029680814459820237e-01
3.963292821869804361e-01
1.836198237732223348e-01
1.912787610046595699e-01
4.003697143940851966e-01
1.752476654317282334e-01
2.986258325664859492e-01
1.508047366757108432e-01
4.642242707374154009e-01
1.829589007406366707e-01
4.055232871222838043e-01
1.746238679648229319e-01
4.224724242370723193e-01
4.128173952586390305e-01
3.674107254484106772e-02
4.185287401520976225e-01
3.713588203959901080e-01
2.845568562246085231e-01
-2.792107228313629665e-05
5.613624623349251497e-01
1.647626506343759789e-01
4.490218534810272999e-01
3.200782508416859518e-01
4.234947647096453105e-01
5.405553037432899721e-01
3.271330404848388773e-01
3.153720938127981266e-01
5.502493509128595361e-01
4.147481459934407866e-01
4.524454691188120603e-01
3.631674200827892385e-01
2.960645710919181939e-01
1.876139328374815118e-01
3.664739991547822928e-01
1.897754111873473926e-01
1.826797353739723073e-01
8.517676209659826025e-02
4.321437426404133864e-01
4.041874303841238580e-01
3.147844123854703358e-01
4.166022566416652806e-01
4.164699133523578900e-01
1.536276595581321514e-01
1.780269550591131178e-01
3.118821619922622634e-01
7.912225400476685655e-02
