3.998343393063639728e-01
4.127667561795748674e-01
3.349558272818899951e-01
4.964247661813895873e-01
3.425551548194611939e-01
1.004156647458030460e-01
2.598577615321839840e-01
9.947901098832945266e-02
2.080654547246743036e-01
4.942536295871483021e-01
2.403292547485895714e-01
4.016737567348214744e-01
4.168212938278653135e-01
4.073831440260304859e-01
2.911321361343088276e-01
1.894789945234703066e-01
5.023772918627043005e-01
3.862543264479803007e-01
3.975345997169226764e-01
5.327255892001685478e-01
4.361521069327196076e-01
1.643069670270670413e-01
4.042658053635383442e-01
1.769364612326655983e-01
3.917387030861504971e-01
3.216123354292379499e-01
4.151846741173153554e-01
4.206072935080537589e-01
4.252643236205562172e-01
4.236231640818474697e-01
3.661266736502678532e-01
2.687389620992275407e-01
1.757837307578454245e-01
1.679276110316383352e-01
4.014427759343201507e-01
2.558512146581181420e-03
4.510092107038701226e-01
5.641487909334232942e-01
2.629519092000932035e-01
4.104541031370238513e-01
4.225291761967854276e-01
4.065513701990648987e-01
3.795921889961293427e-01
2.719142108933613744e-01
2.394979343225117074e-01
3.399021344944908041e-01
4.110926410418258570e-01
3.837478176727018853e-01
3.849049643289088052e-01
4.108927559937511909e-01
1.409815614737609246e-01
1.793477253143835048e-01
4.312842041382530245e-01
7.481015558178777392e-02
2.976501665097692761e-01
3.910350967729434579e-01
1.934380554537878105e-01
3.834071087434634539e-01
1.108302184446831318e-01
4.170578827978293490e-01
4.506374282620271843e-01
3.047924050834759369e-01
4.765744499813895918e-01
2.053728052202838938e-01
3.281536753788177330e-01
3.060814269969136525e-01
5.511867111996062718e-01
3.540402815791185431e-01
3.812984970231994564e-01
3.322916978338527616e-01
3.571395621077183558e-01
1.890874523523926598e-01
3.951350546936905350e-01
3.805835771963219094e-01
3.911759078745079554e-01
3.531643716634526586e-01
3.170365576353700310e-01
2.166653356964292343e-01
3.997564336245383321e-01
7.905382107641249767e-02
5.537067520534370846e-02
3.149595428933735231e-01
2.070020228614313229e-01
3.941893559881292086e-01
3.999053123875313531e-01
4.358648130770537144e-01
1.099125522828079127e-01
3.239346626284251296e-01
2.357651884123540542e-02
4.473896417364074396e-01
4.244930512794267141e-01
2.526772324731984543e-01
2.633114078978745620e-03
3.748529473066964379e-01
4.148809090178977588e-01
5.502685207059182515e-01
3.293024493177157397e-01
3.430006850922137085e-01
3.461060162009160779e-01
4.049796441317509710e-01
1.576230146333187088e-01
2.303971171202470192e-01
4.147274263627808710e-01
2.849774979166200262e-01
3.678979988636153498e-01
4.343216570486407857e-01
4.251326178174921755e-01
3.949084483334174278e-01
1.485969680655721270e-01
2.166858499199264543e-01
1.880294649926083361e-01
4.108515168078456514e-01
1.756652641631955003e-01
4.297242600316082406e-01
1.650263170596967532e-01
2.167123816127463354e-01
4.090868069250079841e-01
1.823194471028620478e-01
3.357745061066012560e-01
2.831891672421900652e-01
3.338066215699163619e-01
1.124240531097914914e-01
3.163606305649069306e-01
4.122570341457325038e-01
5.799742139517257561e-02
1.535010979327577907e-01
-4.144140784129182742e-03
3.943457186794593339e-01
2.115100851686680383e-01
4.027058326895101570e-01
4.277701424634436367e-01
1.195660652605334828e-01
2.518307213617437257e-01
3.844131623636454220e-01
4.550573796305732999e-01
4.380422700752090726e-01
3.203757337722567544e-01
2.927636934638655486e-01
4.121319596269313879e-01
4.501002857723258588e-01
4.398336582428282182e-01
1.803643016327341753e-01
4.226915348644758597e-01
2.959440384136477475e-01
4.236696897066553058e-01
3.963962116867652541e-01
3.595752470077999696e-01
2.459663079883623593e-01
2.402006144726429870e-01
4.028883822319412888e-01
3.636652887893691566e-01
3.627127267543864275e-01
2.291972768363000068e-01
2.128037953953079431e-01
2.944232472025840042e-01
4.380070733991721643e-01
-1.633988593078470122e-02
1.946379516121758690e-01
2.248595832670011729e-01
3.782431054764708311e-01
4.367600694803348560e-01
2.263225668114244582e-01
3.980497569392235091e-01
3.619150144804492708e-01
3.129929885760467934e-01
7.517141921016977368e-02
3.435804042483146525e-01
4.187903926546865385e-01
3.946406347362368949e-01
3.869339134214028753e-01
2.200561524927256429e-01
3.671874676673002602e-01
4.122566829557062218e-01
1.855844163805711877e-01
3.430950139698171752e-01
1.966200175830206121e-01
3.906679719971225540e-01
7.697764976203420872e-02
2.885793468701719489e-01
1.778310824732668993e-01
3.154143094970110472e-01
3.486387866169957106e-01
5.763499176450483930e-01
2.320465420981676630e-01
4.950868217084577333e-02
3.797295300215740022e-01
1.888028033551199802e-01
2.675021553307155853e-01
1.803402538863485838e-01
3.664422936536516628e-01
4.063284060245795359e-01
4.452179066793419682e-01
1.672108167528908451e-01
7.644888977661576379e-02
3.164771591831204156e-01
1.722841789072552809e-01
2.786457904262397145e-01
3.870935157618903277e-01
2.648684567380734656e-01
2.290848401871602505e-02
3.970166704418729431e-01
5.372839342514096339e-01
3.836355226079332104e-01
3.992126586887924100e-01
3.018605249819337755e-01
2.647416246094526637e-01
1.567705979103405367e-01
3.111147733630479917e-01
3.279885464425433272e-01
4.062374471438964796e-01
4.397554702895293821e-01
2.525809991863526838e-01
2.925854376385769728e-01
4.025707612876994190e-01
3.024657336088939497e-01
3.293988420435471909e-01
4.407277232804164835e-01
4.070134562766836162e-01
7.568358646265918588e-02
1.648332806061240385e-01
7.391902238343121823e-02
4.211758852637714767e-01
1.765139652747420296e-01
1.265351723637401227e-01
3.333427753099612589e-01
3.293211613117129621e-01
2.483204912431474232e-01
2.063640512422482420e-01
3.576213378134908139e-01
3.666298956604390202e-01
3.855089367371020703e-01
4.095008679325010670e-01
3.383681269164720007e-01
2.132567305122541612e-01
3.169978723361974726e-01
1.988725475901407247e-01
1.771513579116913428e-01
3.578835033257070086e-01
4.367880347703426147e-01
2.130756313039292027e-01
3.120806102482492905e-01
1.787697997210981327e-01
4.172307612333014393e-01
5.414936844893355472e-01
3.757057005055275400e-01
3.886160415338536511e-01
4.891964517994275563e-01
3.885205522022502356e-01
3.027005246386146875e-01
3.556058411578542633e-01
2.578281131948921556e-02
3.988380133677630890e-01
4.218675722771095815e-01
4.017387200849624196e-01
1.683871894863330498e-01
4.527325897860127735e-01
2.567423423354181500e-01
3.209995153061552253e-01
3.462151428378980045e-01
3.790497863735839412e-01
1.176352297001043296e-01
3.443258693712761831e-01
4.489790014101144866e-01
1.122345855927044389e-01
4.890766263843236705e-02
2.633603806525641744e-01
4.562015134183464715e-01
2.200127624131318349e-01
9.851965753510372181e-02
3.827553737448357585e-01
1.741441645198230637e-01
1.981629642417651882e-01
4.346827629651501823e-01
2.193084731382243524e-01
3.854667686237026047e-01
2.896175849982495221e-01
2.209135049987919486e-01
4.085584016979454947e-01
3.764657325252367959e-01
3.200621809935290663e-01
1.883012483980302243e-01
4.216673637558017718e-01
3.624680069926033976e-01
3.129362910541071963e-01
4.094230001745511882e-01
3.042054764699763658e-01
4.485941791299042358e-01
3.940371709394970834e-01
1.395480595260581713e-01
2.938050308937157351e-01
5.922757201003108624e-02
5.185815641222665251e-01
3.184550505401980702e-01
3.860018331422666038e-01
2.485390670360236587e-01
3.020500283482862591e-01
4.182004846933800590e-01
2.485645548679407402e-01
3.101196509473562180e-01
4.572452901749505805e-01
1.692892217586532411e-01
3.199495229342016467e-01
4.159430559505246650e-01
3.738918651170394791e-01
6.569726803246701829e-02
1.316967650113984034e-01
3.422035554310782768e-01
3.013941029273612959e-01
3.085024422862930882e-01
2.612166824336280557e-01
4.179539633192936310e-01
2.254714277008745826e-01
2.496397286933668969e-01
1.985236742448374114e-01
3.978209524048940682e-01
2.380083952116908708e-01
5.025468098859553479e-01
3.611657867198277971e-01
3.722999680912433274e-01
3.929066570511223211e-01
3.636549300113443572e-01
4.423607110952456067e-01
2.365820659385466651e-01
2.923137214505277526e-01
1.036609275547096115e-01
-3.958889788714605590e-02
4.595522267533828642e-01
3.320353516034402763e-01
3.015792164598774527e-01
1.026974163854174477e-01
1.182871390645385545e-01
1.866195772236776407e-01
2.115887993676075773e-01
2.527828271484361955e-01
1.889346863299009305e-01
1.722330009533603601e-01
2.654772582580813278e-01
7.722567882282774243e-02
4.263655538040974635e-01
3.653517170710005035e-01
4.204739339916523932e-01
3.032480443288800287e-01
2.851556083324748858e-01
2.316387136348437847e-01
4.295303811462302113e-01
4.211835582513424603e-01
1.463037468808489339e-01
1.138233739187434340e-01
4.242827327258653081e-01
4.031059675021447797e-01
3.990902061454332794e-01
1.580467452073727463e-01
3.950442431933209875e-01
2.911264096290763770e-01
2.852434039304045932e-01
2.068266821540157008e-01
4.664550822305233990e-01
2.778193791348810837e-01
3.854032946777657398e-01
4.012921466151824768e-01
5.004970784265868611e-01
3.170623074075796244e-01
4.086108633636229004e-01
4.840618547844970365e-01
3.574720071173969060e-01
2.549612855194761107e-01
4.110932794408977409e-01
2.605013616260778431e-01
4.033075442704169844e-01
3.094250276136282229e-01
2.061922214237229545e-01
4.257984561826952952e-01
6.715978794298745058e-02
4.164164239247533650e-01
3.878976932060461125e-01
4.310207514548416996e-01
4.524671334647500376e-01
4.584627918910008648e-01
3.906966932336199960e-01
1.931478178091350084e-01
3.080390281261647933e-01
3.694523827657868464e-01
3.852165999187949774e-01
1.754314377857574547e-01
3.621684527503942763e-01
4.056491245997573269e-01
4.013047922775986875e-01
3.641004471725599045e-01
3.789235334968962809e-01
3.331240722267787141e-02
3.053443142756400164e-01
2.474166623790806374e-01
1.247570280464755793e-01
3.920411894787829143e-01
1.846638172851073345e-01
1.775685847174026666e-01
4.434830675408392431e-02
4.528579584845500161e-01
4.056586095519369994e-01
2.275963954903079470e-02
4.311312406336098579e-01
1.586384793495547729e-01
1.452688201056460404e-01
4.151215292875514717e-01
4.327810101368712581e-01
3.048900100611391384e-01
4.322775516003833918e-01
4.284114889756274747e-01
3.058791325379650594e-01
4.004094340524455009e-01
3.348436725437598516e-01
5.395722547710100070e-01
2.905548555788481924e-01
3.801162642626078614e-01
1.014055979803219765e-01
4.475913962572874993e-01
4.039149117368227571e-01
3.339203713928976525e-01
2.651735794053990958e-01
4.203310106878811458e-01
3.926860155273093622e-01
3.950205574508677264e-01
1.744966405814537547e-01
3.065806863977411090e-01
2.636957702551410709e-01
-3.721413814980963075e-02
3.093063859633637946e-01
1.601181773391050223e-01
3.797955756129077765e-01
3.115542584704307227e-01
4.167206185514810146e-01
4.645667166133551906e-01
1.481812477640400139e-01
-2.098165050597180711e-02
3.672056744470183487e-01
3.194954404955385741e-01
1.382360824649194186e-01
2.226503952707549194e-01
3.667658080262682363e-01
1.939123628115461684e-01
4.027059306940992123e-01
3.068688944926602491e-01
4.150044999828957359e-01
4.174906319776072183e-01
3.917979148697669500e-01
4.126507740137060898e-01
2.088146423000948326e-01
2.436548204877929114e-01
1.426760272675470231e-01
3.440061203955511737e-01
2.691999581766111316e-01
4.130901510753860473e-01
2.336800621750073359e-01
2.397798926954886056e-01
3.728009652271240260e-01
4.284273586653856158e-01
4.130406610814574830e-01
4.166679017087405734e-01
4.123025291871432740e-01
4.249267342412865744e-01
6.874745086038051844e-02
1.843021132169652965e-01
1.517186581816106217e-01
5.459726713592703840e-02
1.931984178855261081e-01
3.015025581167297686e-01
2.081556575343909976e-01
2.133355831240043021e-01
3.343405614422536587e-01
3.294735180343447700e-01
4.416504895967514055e-01
1.620115232656842708e-01
1.214653034122134823e-01
2.259246728527658787e-01
4.363701314601552972e-01
3.057097708158516558e-01
1.452970738079733537e-01
2.781482730756548727e-01
1.912676460726839833e-01
4.092984439763795446e-01
4.370229499032496912e-01
2.609849532382184645e-01
3.111900390203223288e-01
3.167440393716488556e-01
1.208953532016918547e-01
2.278530798329222729e-01
3.891891778478415165e-01
1.701574500304368076e-01
3.474125961841869059e-01
4.054776206350804157e-01
4.385489341335153668e-01
2.750168192420548996e-01
2.581248541748127345e-01
3.081733986416422821e-01
4.884452784485500687e-01
2.324409903210714057e-01
6.155864844754485588e-02
1.368340786869836068e-01
2.698616288987376044e-01
1.890967318144252118e-01
2.228471457901746444e-01
2.252102328988030699e-01
4.028169202688641204e-01
1.780330006394049147e-01
4.237801050292978045e-01
3.911657860169757694e-01
3.864492579076242440e-01
3.253565683293834776e-01
3.391425059034944289e-01
3.914801758179624613e-01
5.717665183554363484e-01
1.355933044908455565e-01
2.473855315294348212e-01
3.937862705610398750e-01
4.475498373324473533e-01
4.344223756428874927e-01
2.293257861628464067e-01
3.550704065703105816e-01
-1.627408504491865970e-02
3.510462472742157947e-01
3.972485199231859387e-01
4.358453833560744228e-01
1.179051129440484846e-01
3.407546578265041592e-01
2.770528005994845611e-01
1.540070259193407343e-01
2.499950168477245993e-01
3.994950612980661675e-01
5.514857612077895821e-01
3.194871799368472765e-01
3.781712927382894218e-01
2.245404564513361900e-01
3.964379284479546683e-01
2.929557283526523226e-01
3.591120914478416748e-01
3.503512959031121476e-01
4.069188948767612501e-01
3.574040827175116175e-01
6.594128763403044047e-02
1.848961921666573971e-01
1.783885943423629827e-01
1.592130676988292859e-01
3.107825796716573996e-01
4.108927559937511909e-01
2.927969876393016757e-01
3.958417019706294004e-01
4.350882481976677818e-01
2.294487109704871353e-01
2.498857577209443737e-01
3.746158204317819318e-01
3.021676229012558168e-01
3.052109444691716855e-01
2.435747482230388727e-01
4.970508799895588525e-02
2.156188425073775894e-01
4.232069824907221389e-01
3.268105368415991085e-01
4.333740513405743844e-01
4.310512914191773626e-01
1.095286500922518641e-01
3.768684212660965982e-01
3.019645096766186421e-01
8.076702519100013855e-02
3.837887386133921885e-01
4.214218579449340307e-01
2.609038034883156554e-01
1.855206544787290079e-01
3.126126975973471667e-01
4.379083238590237293e-01
4.130110894622108786e-01
1.908235489407051344e-01
3.097154863469040592e-02
1.371316456237106907e-01
2.645065415835231026e-01
1.460276065449095662e-01
4.125704675928775766e-01
5.248246694477368690e-01
3.093616977286283709e-01
2.685188279109827492e-01
3.807028719338989009e-01
4.097826899620911068e-01
3.601224131014911234e-01
2.169074179646854339e-01
-3.754673759347655626e-02
2.185933463482264416e-01
1.536276595581321514e-01
4.085425357424857795e-01
2.118170183639347670e-01
1.551564936130991057e-01
2.431304288588080342e-01
4.122592212828621872e-01
4.836910806032446719e-01
1.989155973299199520e-01
4.058950744602069505e-01
7.989780524513508120e-02
4.215815641819037340e-01
4.648343029992190734e-01
3.910369328030312563e-01
4.518595198458358886e-01
3.742431995984371595e-01
3.219720150096954114e-01
4.113938528768936176e-01
3.490250146738700932e-01
2.469483260038153605e-01
3.931387371461128044e-01
4.907544173502591534e-01
4.450177090289919590e-01
3.850654949330148957e-01
3.752245200469334074e-01
3.989930300726970414e-01
3.229989372175546269e-01
2.928488567133019083e-01
2.169352211031545796e-01
2.013048312107722834e-03
2.028217894808206911e-02
2.024154003743214303e-01
3.286357318208517064e-01
3.119546866744495883e-01
4.012616346580854532e-01
2.278201837337044955e-01
3.054030644169794528e-01
2.284311990288379335e-01
2.833538764562812742e-02
3.512091801110441835e-01
3.791923923449684874e-01
4.331748353958035369e-01
3.963367600782017330e-01
1.546554818719620972e-01
8.995803237151700493e-02
4.836529835805599142e-01
-6.915195803863305457e-02
2.991959181245815169e-01
4.219064942063293633e-01
3.875673905219154114e-01
2.204757504483109698e-01
3.844839479830288731e-01
3.794966209953045677e-01
3.414625908846492530e-01
3.418932364718530459e-01
4.283854731139047911e-01
3.861612296399232203e-01
4.135331255112719151e-01
1.428406625295619292e-01
2.329991820555121218e-01
4.177661214668131340e-01
3.411696913360866279e-02
4.804478807919758121e-01
4.054994380665101761e-01
3.447093665564155418e-01
2.214660016038872553e-02
4.032387849643751521e-01
3.144481817099579191e-01
1.404286304271225305e-01
3.985174501489998633e-01
4.166161888943857305e-01
1.275781034832661198e-01
4.137739288445357877e-01
3.494100185032248951e-01
1.314751189872259418e-01
3.603560276612207125e-01
2.061073464621294982e-01
1.444849850190862983e-01
3.571212655388678603e-01
3.208645815754819219e-01
3.179840323525441326e-01
3.143171994479712072e-01
3.124041766728374858e-01
1.497780174477203463e-01
3.843773830540606062e-01
4.674374800656244111e-01
3.136221935561096519e-01
4.071695897858174096e-01
1.013985097838935451e-01
2.997562050079325968e-01
5.134384422614492877e-02
2.110712401200454114e-01
3.372664868729260412e-01
4.095711818270016402e-01
2.943670751794253970e-01
4.066409556877500497e-01
4.016845372396217195e-01
2.589018295573325412e-01
1.554749524301901886e-01
3.808422371980749177e-01
2.020964121166897720e-01
1.594197022009677667e-01
3.782143258811865305e-01
3.347034880367348308e-01
1.488283358016346258e-01
3.396787380542098389e-01
2.030187600256257163e-01
3.288746970494175192e-01
1.091626961642283011e-01
2.041725248181414376e-01
1.678693069315066178e-01
3.982453319014805926e-01
4.097826899620911068e-01
1.688148228431571862e-01
3.992091371623379681e-01
3.712876510566913701e-01
3.873070610397870150e-01
3.480715447686876240e-01
1.146547987547696101e-01
2.044979606325505739e-01
5.053621008736486342e-01
3.724607698884037088e-01
2.356219973827209102e-01
3.025334398427633742e-01
5.292099039431426288e-02
3.132026187324288280e-01
4.356579775036880098e-01
2.097247671862184915e-01
4.114831521938382974e-01
1.367161873662016136e-01
3.032726333566442833e-01
4.677174460866297401e-01
4.450375755047047965e-02
2.918567922109078783e-01
4.230291595951044537e-01
3.425548580672083676e-01
2.152062470875626965e-01
1.349763306660672346e-01
1.036885549685024888e-01
2.444403921372511335e-01
3.932682763921809821e-01
3.463839845796937156e-01
9.508540642333605797e-02
2.812224582886004298e-01
-5.096610182576922880e-03
2.481734823678818092e-01
1.405404867170059191e-01
4.277767926681521615e-01
4.076514337047754677e-01
4.392228297870955922e-01
1.968659958241386898e-01
4.107511503994381585e-01
2.792037101377820019e-01
4.594842166720934373e-01
4.087906037800197456e-01
9.661816541791076740e-02
3.970581370880483796e-01
1.526744482686792914e-01
3.092413256044466707e-01
3.802911905043839802e-01
4.339696631523691783e-01
3.451869140404915659e-01
2.350178131153270178e-01
2.918837031217387246e-01
4.337080635938342921e-01
1.413176085047723740e-01
2.092423813790582621e-01
3.575989990739927848e-01
8.644459498842967105e-02
4.226602284146303568e-01
3.696158876971429308e-01
4.315951385098684145e-01
4.023094000603921749e-01
4.198838532568027193e-01
4.112680923259687815e-01
5.848994049641339510e-01
3.156226682907282144e-01
5.682318692104210145e-02
1.444716760622749563e-01
2.187571023074250387e-01
4.303888630908729307e-01
1.386294649449685557e-01
2.180714132413269779e-01
1.106652603733104395e-01
3.677766339969278930e-01
3.997130077164252060e-01
1.582163371282415965e-01
1.861040924359749216e-01
1.552077715320898388e-01
4.263198403062254394e-01
2.722086590632850078e-01
3.133934222985289564e-01
2.650281056328153140e-01
2.239197026607156471e-01
2.560597611236735127e-01
3.593342970877610454e-01
4.003998613857436828e-01
2.224034149928770243e-01
4.511177709929948265e-01
3.782652395556658775e-01
2.258002364581507548e-01
2.941502492788186096e-01
3.964264873872448414e-01
2.702661243969343152e-01
3.380253803050276562e-01
2.105459235156991460e-01
5.647764838208255145e-02
4.097261923495970071e-01
3.282289844784310739e-01
5.903587096752874186e-02
3.685728221999233223e-01
4.104096672256474787e-01
3.664509795489402366e-01
3.910735249449193152e-01
4.163728970246123318e-01
3.963768259475237143e-01
1.570562432806869579e-01
2.486629646699115848e-01
3.434909735877938464e-01
3.542924814104636555e-01
2.449847823609105635e-01
7.833859287946465244e-02
1.862562767844260503e-01
3.180735224921413251e-01
2.883286921255705515e-01
2.088951440662262793e-01
2.462942189787908631e-01
1.164540433884918569e-01
4.140389369877421344e-01
2.582803566497410830e-01
3.851853206878362301e-01
4.334992480954125149e-01
4.234527083762471555e-01
4.143522231375580955e-01
4.070226614884146499e-01
4.672740144688790065e-01
3.760158252812316748e-01
4.403089968063667037e-01
4.048607960370187442e-01
1.678745619193172112e-01
1.940909371310031717e-01
1.551028348143122237e-01
2.084405091588486247e-01
3.724500814340611088e-01
4.720463406321420696e-01
2.241584329033628475e-01
4.325675197324161947e-01
1.470289425013405205e-01
4.390592047772971518e-01
1.452912390651366348e-01
4.842634915582780253e-02
2.709153789707786086e-01
3.092172015383358175e-01
4.215440449381788190e-01
3.656656078867253634e-01
3.384408187733480011e-03
1.908101452986811497e-01
1.422823787913423121e-01
4.053253267316475617e-01
2.847624455380936004e-01
4.010059063295953741e-01
4.239286726007505113e-01
3.965076819902216276e-01
4.340400640560244105e-01
3.113250304666532742e-01
1.169117577073161829e-01
3.079976089470723433e-01
3.779244229126622612e-01
3.517605533483914027e-01
1.163335678657343580e-01
3.442803724212240013e-01
3.810918832671636447e-01
4.807048484926404464e-01
4.112928932129337189e-01
4.005431686583834638e-01
5.646210643017820496e-01
1.737614211650709006e-01
3.891590512703480553e-01
3.024418945942339843e-01
4.014427759343201507e-01
7.604928921761752725e-02
4.084497123680621011e-01
1.250590397475324078e-01
1.595827902186442437e-01
2.799475282069051052e-01
4.194430065489882647e-02
3.516205947456785275e-01
3.936454939809903020e-01
1.404844101414792767e-01
3.536241972457225824e-01
1.865804541972979624e-01
3.983603282955340830e-01
4.326070889192937252e-01
1.698031533426995754e-01
2.994796367628791978e-01
2.622496065719789882e-01
4.611685832475319602e-01
2.606876744078059360e-01
4.278740994413353649e-01
3.871835516069725980e-01
2.393288976503351595e-01
4.054939033382509161e-01
4.040658502558748810e-01
3.727212904836301188e-01
3.561491697619469932e-01
3.630394602375185964e-01
3.659771295805077651e-01
4.070808566715072851e-01
3.573230536684342540e-01
2.394040358020623482e-01
2.468088243340141597e-01
3.832803645990641717e-01
3.075329772396695471e-01
1.519201142905496071e-01
4.019475881955005825e-01
7.850775261752233891e-02
3.298668635681782646e-02
4.164249634355413621e-01
4.205602635039974446e-01
3.225311965821875404e-01
1.999328535136152551e-01
2.595267254058984951e-01
3.513279074012204961e-01
4.218451690587243785e-01
3.313360931754499306e-01
4.306376140071229153e-01
4.246438244520404637e-01
3.763126879863165075e-01
4.193372897129180599e-01
4.365019086298125295e-01
2.314974562431182936e-01
2.972396188962583841e-01
1.623756190690207046e-01
1.080697017477856015e-01
3.991231949382378352e-01
1.733565310396953940e-01
1.244799654840334641e-01
4.329774191339485490e-01
4.684035177730996868e-01
2.550066204839585016e-01
1.533710416108262087e-01
4.907544173502591534e-01
2.038916341485258465e-01
4.162745205408824312e-01
1.097515249755113137e-01
2.466166885984222290e-01
4.275504460490846537e-01
3.822163893331534945e-01
3.339821644066104378e-01
4.206304887296551387e-01
2.191140937738651207e-01
3.894606434229702652e-01
1.095183263595810030e-01
3.902349265629982411e-01
1.774607044595914451e-01
4.290827595833425212e-01
4.307471174970601835e-01
1.527226177809515827e-02
3.056274682880069649e-01
-4.057838578582470546e-02
-1.690421826266752872e-02
1.121674469722045153e-01
2.659714398013229286e-01
4.744795941071416195e-02
4.891084997758836095e-01
2.035880458629548972e-01
3.807313081189454551e-01
3.354184588056675076e-01
1.226933750445621529e-01
3.825629167973359501e-01
2.103930202318055331e-01
4.167175260544301318e-01
2.054272376567995440e-01
4.329114996374269220e-01
4.034428039638556784e-01
4.498510044197223667e-01
4.361527578624375123e-01
2.706001680805398268e-01
3.564173125997771585e-01
2.281896117677783553e-01
1.323970220737876458e-01
1.599019223712441484e-01
1.224757485674122376e-01
2.471784477496965782e-01
3.813017866082258900e-01
3.546304081213629278e-01
4.384775315457840605e-01
2.123669712401076437e-01
1.484850384485887631e-01
3.844490622910712307e-01
3.435783399073668032e-01
4.199600319500562673e-01
4.953817954316209193e-01
3.278273383537079200e-01
3.667888296444822838e-01
4.078592534732526365e-01
3.932275217522498423e-01
2.725720607435176968e-01
3.279522274230970980e-01
1.801761549525803530e-01
3.973661806977152877e-01
2.030233066585061807e-01
4.010041230775928112e-01
4.135614811184555872e-01
3.838319960838976197e-01
4.523393854164417527e-01
2.462043569860491166e-01
3.468680024412600926e-01
2.590748693974835315e-01
3.903086137737957206e-01
4.411059649798387827e-01
4.036919621675936209e-01
3.946625779720333016e-01
3.874490336741487351e-01
3.893676732491239134e-01
4.300223691625424949e-01
2.034218134829707536e-01
2.725298126331462956e-01
3.102233596358909273e-01
3.611268582555856588e-01
3.594256850341533416e-01
1.890807968574279851e-01
5.789773467810181984e-01
2.469799558698421438e-01
3.985174501489998633e-01
4.130588008097716979e-01
2.918909614621418291e-01
4.295451561056418122e-01
3.867415913235704994e-01
3.204407741319308944e-01
2.387801624874056061e-01
4.820528080092014722e-01
2.169075142525345445e-01
3.249149460207402806e-01
3.730269156371224248e-01
2.279710438324885069e-01
4.205655418104274901e-01
1.685699952068267504e-01
9.633241507228473832e-02
1.521495781360224231e-01
2.572772327111961799e-01
3.699732748332534849e-01
1.655483562777249062e-01
3.358881815340583610e-01
2.807131362603640379e-01
2.327377531959101131e-01
4.379822452103361297e-01
2.193741938870822361e-01
1.504955604118215773e-01
4.114051021606301428e-01
3.690806342645678861e-01
3.544689243168228088e-01
1.379139626245793615e-01
3.522674244528025134e-01
4.804581603198883610e-01
4.084296276511287793e-01
2.184170589131607942e-01
1.821310973287359747e-01
2.814819567907722586e-01
3.936776534275938655e-01
1.174075902824613798e-01
1.530407756058051183e-01
3.205418059923281771e-01
1.287654616930031248e-01
1.470838764385829500e-01
2.743500324687674907e-01
1.851731787516849581e-01
2.057813530495319343e-01
3.115477976361475387e-01
4.249873156826024512e-01
3.338697243265839609e-01
4.213415852157762487e-01
2.278196431732529004e-01
3.257672280340871973e-01
3.089598455536133326e-01
3.913167878738794681e-01
2.963239664185348121e-01
1.855518227854632274e-01
3.395165756446508198e-01
1.909842602848578208e-01
8.310973449731609564e-02
1.140817180818291254e-01
3.109005864574671679e-02
2.602014888274619131e-01
4.225800528602175477e-01
5.108394260982304091e-01
4.287495745186889473e-01
3.832748788316072686e-01
3.732286238112090260e-01
1.410331785811575478e-01
5.508391209203629402e-02
3.150474927178306128e-01
4.910632332543446998e-01
3.406283387075106361e-01
3.254414418594958613e-01
4.202008981855034908e-01
7.780893580663339471e-02
1.131359901035168813e-01
4.829621686089021759e-01
4.064397740082574262e-01
2.195954676691207197e-01
3.765207904826811114e-01
2.299550338798808102e-01
4.053012906290121009e-01
3.460653425330236788e-01
4.090735102498894715e-01
4.016130776208541309e-01
4.395909271402104745e-01
2.417564012833299525e-01
2.174853020657654401e-01
2.467000937816247186e-01
9.770951572646162375e-02
3.855705778063587830e-01
2.291446892002870772e-01
2.720254426788751845e-01
1.350811432962181202e-01
2.739773259747647627e-01
2.987026242655816954e-01
3.618601285704345361e-01
1.917653787522551334e-01
3.156800212650361370e-01
3.268634489674041577e-01
7.756943906291675905e-02
2.399102856851745846e-01
1.790315917204815810e-01
1.860097871259440705e-01
1.748779068085080934e-01
1.036238277090100746e-01
4.090063473149571638e-01
2.225789470208516252e-01
4.422779482528744754e-01
3.860483795961615061e-01
2.267392600014420667e-01
1.070556646123676375e-01
3.948122260834983077e-01
4.093962341337553101e-01
9.274173762533038934e-02
4.917208686935298223e-01
3.702161814893921710e-01
-3.616224850527315765e-02
4.269644576074666520e-01
3.558907667421679633e-01
4.434946526547063339e-01
3.100975494602885019e-01
1.437160103918138088e-01
3.378325155928794676e-01
4.088531689636745181e-01
2.702026197519519779e-01
3.922749289300506703e-01
3.774903986774131859e-01
1.936113607792216279e-02
3.200273399056922097e-01
3.183128917303108540e-01
3.387763970228298560e-01
1.801227041957112196e-01
3.596732755171495599e-01
1.009763329840137197e-01
2.648292218927935510e-02
1.533721486643578047e-01
4.241970407827480583e-01
1.454812340311384122e-01
1.036005230309709479e-01
1.693177589357276469e-01
2.388728742477968514e-01
4.715158271238862331e-01
1.867647539431901149e-01
4.184465567898667526e-01
2.268291328651416139e-01
9.745549853652114847e-02
1.175250914779688571e-01
3.609910873574306844e-01
4.141719888394406746e-01
1.936993680522303418e-01
1.903139233347481141e-01
4.377097413342601051e-01
4.221195149397657387e-01
3.451988178637679372e-01
1.009021066649918308e-01
6.041736871667791747e-02
1.515932177015580917e-01
4.113995454415020903e-01
3.911272559401435256e-01
3.495665389686660185e-01
3.053721216048219111e-01
2.284067530661977874e-01
1.130849313307953630e-01
3.118403140327195011e-01
3.427501214644952943e-01
4.971233915083439481e-02
4.175231920729459145e-01
4.332214417644429938e-01
1.777938495516916684e-01
3.843980189534501046e-01
4.040749583758453389e-01
3.293703982239348238e-01
3.678524510648655266e-01
3.458434813043415046e-01
4.066191592513762609e-01
8.854357986095144975e-03
3.060161774102006238e-02
2.602409391184249965e-01
4.190984403305896278e-01
3.788860388035906329e-02
1.149077232474815524e-01
-3.926950134621351451e-02
1.306827762403323379e-01
1.529245794490736721e-01
3.215589289860442124e-01
4.578224648423031007e-01
2.962703730114635836e-01
4.048194430587399584e-01
4.176251793328640827e-01
3.187280160585510558e-01
1.480517926641643223e-01
4.127632175583317298e-01
4.014349449651772317e-01
3.071211232855646789e-01
3.389281936836735509e-01
4.004771583769164978e-01
2.595416022079282126e-01
3.114123908943330354e-01
1.288644451662054602e-01
2.163504529887887995e-01
4.151134946539185022e-01
1.927162460381094122e-01
4.333580763435989636e-01
1.960341086404680522e-01
1.910198678167123743e-01
3.399610766617567337e-01
1.958096990435162499e-01
4.313841518903082650e-01
3.555964867401527063e-01
4.025484622147497693e-01
8.731474288153528995e-02
2.941159838538390803e-01
4.014427759343201507e-01
2.506355656048352420e-01
4.068811812005618811e-01
3.310901299545102039e-01
2.237521880886010339e-01
4.081357975283503303e-01
2.879377034397664903e-01
3.972486571794013321e-01
2.961608419707019713e-01
3.860275098881947309e-01
4.207816011840321835e-01
4.574350421625976715e-01
3.200774016622107698e-01
4.182626362827316924e-01
2.134481871604803349e-01
1.985863788371157179e-01
4.036556642054416333e-01
2.256285458044823000e-01
4.176251793328640827e-01
2.589804048403684944e-01
4.588264134799220351e-01
2.565738039846281460e-01
3.740914945731290686e-01
3.593345674250386645e-01
4.006520989127573817e-01
2.205847878148130270e-01
1.330935406054883086e-01
3.118332202763355321e-01
2.674771696945197341e-01
1.447021920670916728e-01
2.775091838431739122e-01
3.504808629489579164e-01
1.858266287891295609e-01
6.331553986595296613e-02
4.428519392233086771e-01
2.637603993440755801e-01
4.027429078836531895e-01
4.623230631996995132e-01
-1.522386707984449937e-02
6.820195897717623579e-02
2.147271034813303670e-01
1.218915603896009586e-01
4.374403525269947579e-01
1.932026988853077776e-01
4.412950503537143576e-01
4.684539521296225417e-01
3.887007738452450401e-01
3.684550254139448144e-01
2.731895464991259681e-01
4.199276125132938575e-01
4.538246920578016264e-01
2.928130587322246847e-01
1.760324414266562221e-01
4.236659504291069855e-01
3.515572885112357993e-01
3.906007007675342257e-01
2.979692557179365875e-01
2.097502385872222486e-01
5.738778745854046515e-02
4.314293487687311801e-01
4.156571096787048947e-01
5.561830792973893045e-01
4.240608945253571682e-01
2.753804128652296845e-01
3.264238078285831013e-01
4.055301935828526938e-01
4.164898539253697463e-01
3.737326324513557951e-01
4.015816762783349647e-01
3.093740798947943738e-01
5.408377031576638849e-01
4.096870947631257032e-01
2.362606665688607444e-01
1.376899030558720871e-01
4.507148136315974329e-01
4.236819523130315179e-01
1.300158936978483837e-01
3.468476091467954658e-01
1.185087932471159122e-01
4.728950696679428134e-01
1.616417208318817744e-01
4.246057200515229030e-02
4.687298182850687667e-01
3.924967372976632118e-01
4.416381988586599583e-01
3.606289305263435940e-01
3.330530437042452108e-01
2.367182875302229761e-01
3.446843344748823368e-01
3.888989048518297631e-01
1.718546513482714366e-01
-1.051813035117820372e-01
1.802964649214384152e-01
3.485304690572724184e-01
2.316855359366997921e-02
3.302958726327840377e-01
4.357103624087854676e-01
7.730583991202046035e-02
1.549675755357955986e-01
2.869311781361938429e-01
2.246762144402287831e-01
3.575520428430776221e-01
3.134180230270951495e-01
2.933781416581027757e-01
2.370145472446467116e-01
1.033477491134722898e-01
3.496778130969753762e-01
5.767107579699511932e-01
4.070783942750871298e-01
4.506342991895971872e-01
3.848082070784936137e-01
8.385276371663062667e-02
8.220084768154899135e-02
4.409319665867592053e-01
1.511152740499051850e-01
2.354683802928586311e-01
2.654423538946312777e-01
3.468669408216933925e-01
2.136778335716567889e-01
1.016042249017453242e-01
4.159754291649703228e-01
4.350882481976677818e-01
3.110299444578025208e-01
2.800607530497579156e-01
3.879663061275873681e-01
4.024448068022067337e-01
4.153172501778948922e-01
5.743817909805990496e-01
2.719157694028335182e-01
2.661290802243714837e-01
3.482380993978848038e-01
4.309918702244003308e-01
1.012587651642635721e-02
2.615165615390592224e-01
3.998330974446571151e-01
1.005441685123939360e-01
3.318547663435036932e-01
1.896932220577000061e-01
1.020392574235175903e-01
4.551591704663912608e-01
1.228632326633613894e-02
4.225467634148928342e-01
2.514638784839661745e-01
1.704492699595954452e-01
4.097349638847974096e-01
3.122326283944852343e-01
4.131997652665272414e-01
-6.643365851707455465e-03
3.183210087259715215e-01
1.650263170596967532e-01
2.231915017597888296e-01
3.900371227639451432e-01
3.660111775863311712e-01
4.321177766523215946e-01
3.585801544664960483e-01
3.754400859122474232e-01
3.964326861567589178e-01
4.185769171874254013e-01
2.970291067193205903e-01
1.949229723588626062e-01
4.635453676385218325e-01
3.478564684284126129e-01
3.777016670290478384e-01
3.315067767562421830e-01
1.998656814503977919e-01
1.095363501586733707e-01
9.884074585328554707e-02
2.022837986337084892e-01
1.950131199839461593e-01
4.218734899784243875e-01
1.465712970855097552e-01
3.735282835473503482e-01
3.591018006547953556e-01
3.987642372391695389e-01
1.862423503976661232e-01
3.022650173059767686e-01
1.071583247928725724e-01
3.514339823902276616e-01
5.428746766974544835e-01
2.363873515661212565e-01
3.441888037710907899e-01
3.402062152873530088e-01
4.223404693977916846e-01
1.752134993961401710e-01
2.792815440380923553e-01
1.884109906341172036e-01
2.054956418984804078e-01
1.498448046292407410e-01
2.762303645103539318e-01
3.458017681114817776e-01
4.186000849204407070e-01
3.556892091640407316e-01
3.920356423858464279e-01
1.938311740174781250e-01
2.052887084605617973e-01
4.259469098165519774e-01
4.065353751198620968e-01
3.917886283333134045e-01
1.646620863652006606e-01
3.280616058347812780e-01
4.647491388369541787e-01
1.001788715771367855e-01
4.315483214438100568e-01
7.782943353697897859e-02
2.294513515551832306e-01
3.559647674058309397e-01
3.897082095707880001e-01
2.716897334151615606e-01
3.366643680875156530e-01
1.812817297019619078e-01
2.015403934950132925e-01
2.476702578733648574e-01
3.499741472743481685e-01
3.677344936003216214e-01
2.413632947523791927e-01
4.440104612631393666e-01
4.101896254716631551e-01
3.201282724337497498e-01
9.214681311635801453e-02
3.691142116243056881e-01
4.212993656520421237e-01
3.640030438885070163e-01
1.390026665862041100e-01
3.759753663977403737e-01
3.320479429940518257e-01
1.555795385958841648e-01
1.994879407537957783e-01
3.581937366450203553e-01
2.577076315235084514e-01
1.151814713918123123e-01
2.004151869576123179e-01
2.472949059971297769e-01
4.001724733123213085e-01
2.423284391326727683e-01
4.378768413992430442e-01
4.059314257813350646e-01
4.120026993744521082e-01
2.621124253745094612e-01
3.412509410329323534e-01
1.810311398511697256e-01
8.230378685564286589e-02
4.169446838461126625e-01
4.094991328114567786e-01
1.209383220316705976e-01
3.918992335242877378e-01
2.183599692898803846e-01
4.214994177477356940e-01
2.832440812683604259e-01
2.437929590504766542e-01
2.310094921668157941e-01
7.510868838963112581e-02
2.669818632353521681e-01
3.071733226375197301e-01
5.555921295497903145e-01
2.564563377333373834e-02
4.883749890422304368e-02
3.494261258603354459e-01
1.937824402604847174e-01
2.663563943586838567e-01
2.129475247007281691e-01
1.988262579729970780e-01
4.571376144166600652e-01
2.097708355669230806e-01
3.329473353403646918e-01
3.149481106705034894e-01
3.228500153026680475e-01
2.399175556382086572e-01
4.208242698593972486e-01
4.671468524772254827e-01
2.351706326420175686e-01
1.634712483442351538e-01
4.432841562240604771e-01
2.692216683921821452e-01
3.853407972093901290e-01
4.278619068738018227e-01
2.919614887251220092e-01
3.500441762418744496e-01
1.337483900090513378e-01
1.885144223206888514e-01
2.583648196767195926e-01
4.204306213572598927e-01
2.190146976866129691e-01
4.104736488702093178e-01
4.092848512958678908e-01
3.942140811725654004e-01
4.027666900539917383e-01
1.703193129751900681e-01
4.087658327674427161e-01
3.638135591936469404e-01
4.421729272073759986e-01
3.372271470342136923e-01
5.012588839346641262e-02
2.963981904139931789e-01
2.851773099176671544e-01
3.906811575976072981e-01
1.061474311069337262e-01
4.129709155056939252e-01
4.124750901242598689e-01
3.803086551960089268e-01
6.111173731419754229e-02
2.101464708919726643e-01
1.946444245673695506e-01
1.480171167153048195e-01
1.773588368631935641e-01
1.660981388698869188e-01
2.822312601864975790e-01
3.774867873618262815e-01
4.032469096360938310e-01
3.063899966032680999e-01
3.085749547282798377e-01
4.860072199453678299e-01
4.634934083604670407e-01
2.383375794060008379e-01
2.254386783855198417e-01
1.069754755314958755e-01
3.011777919865153419e-01
2.040653369252017069e-01
3.944551451598634073e-01
5.850301907812743840e-01
4.275171366045169563e-01
5.513625340464483049e-01
3.308667735956996037e-01
2.456751480757146111e-01
3.180030043315136834e-01
3.165142009345459084e-01
4.859388520352992957e-01
2.789625995132451464e-01
4.151783837330118576e-01
3.223141969952090236e-01
3.913868092690782063e-01
3.091155063005590620e-01
4.189265074272734146e-02
3.795747905675563860e-01
4.237197077718816152e-01
4.177983418239741842e-01
4.417459477262163370e-01
4.292299997361608277e-01
4.948040970911444236e-01
4.718690078424542800e-01
3.225910936510679727e-01
1.579755367824165202e-01
3.810637203705278253e-01
1.047346591058904430e-01
4.294077719283035943e-01
4.399725391684908837e-01
2.606075310513444876e-01
3.830534149115376596e-01
3.091155063005590620e-01
4.236504035487066444e-01
3.562880728029551580e-01
2.990251986945238194e-01
3.655423063298598452e-01
3.147825184322638470e-01
1.364933876823778702e-01
3.805899246739000152e-01
4.629442074060399759e-01
1.568350041861321653e-01
1.115047478242756074e-01
2.978275770143577472e-01
3.343932919981680296e-01
3.013683764737710713e-01
2.828316267742278511e-02
3.355454514365117102e-01
2.622604205194967730e-01
3.814038567695703930e-01
1.185213389210969595e-02
1.270033251567427579e-01
3.214206180388067269e-01
2.703782739900310039e-01
3.658282748000095119e-01
8.019541767287882705e-02
2.689946436504426219e-01
3.498953002381131050e-01
2.334228852706432267e-01
4.878699644161631488e-01
4.312330837496065605e-01
1.957863119619572267e-01
3.585546704726079725e-01
1.043652600022567933e-01
3.862746651801948761e-01
4.011078841500368419e-01
3.806759433266423964e-01
2.506225665947980352e-01
3.673879233991676485e-01
2.953775167662944789e-01
3.346912407824746416e-01
4.137098501911977699e-01
4.177187868269849336e-01
1.665806653356233791e-01
3.988573397731509651e-01
9.571135658884057096e-02
3.772475257544374849e-01
3.051086057702739884e-01
4.048588179168736145e-01
2.612035899001599604e-01
3.739115014692014904e-01
2.040429325450347775e-01
3.937458572359901487e-01
2.815831521045260577e-01
3.671165009759325693e-01
1.768301283281097924e-01
2.050774571466640328e-01
5.819876773985347418e-01
3.794375327754757055e-01
1.619216118401663462e-01
2.571388913916643482e-01
1.187569501039019981e-01
5.516831279772232977e-02
3.250496640334378240e-01
2.291725566931667457e-01
2.555511694153034807e-01
3.744463212044998879e-01
3.850387696375647262e-01
3.067861249285518399e-01
3.901034060641234702e-01
3.205378330306791756e-01
2.984367208243138836e-01
5.822634331017303433e-01
4.340655177813486643e-01
3.888079726921269685e-01
3.414854851010467596e-01
3.788436439690012203e-01
8.022527073375447515e-02
4.062351295552731334e-01
2.903498444177528004e-01
