2.683091777242385678e-01
4.347098120657710840e-01
3.850935655094937515e-01
2.555149442304797125e-01
1.639873974377054622e-01
4.826008460408424128e-01
3.255128550899778483e-01
4.161491392702069692e-01
4.326571433731841720e-01
3.766100702567970471e-01
3.709606371277430203e-01
2.188881708731988951e-01
4.254900787267438811e-01
2.522100593682164438e-01
4.329644580477871041e-01
2.293463836404537048e-01
1.968522350172108581e-01
5.780689151165911699e-02
4.334747847890305650e-01
2.904629460287556642e-01
1.083189146382502466e-01
4.414184228622510808e-01
3.152766763249483795e-01
2.056086126171348949e-01
1.972042914266763924e-01
4.236430951531442446e-01
3.074997270459711163e-01
1.102952162629712018e-01
3.381914646408230030e-01
6.191101054564696060e-02
1.986032386138785188e-01
2.083593928101711568e-01
4.500045108083806644e-01
4.309461235742562124e-01
3.905571509636958649e-01
3.553085926582438270e-01
3.963716160202481187e-01
4.542243954759769831e-01
3.946042251600524464e-01
2.236186155512172868e-01
1.208348177337395524e-01
4.560678003883553155e-01
3.954385311733275565e-01
2.325724445154020159e-01
4.059912193686552873e-01
2.452037039083341807e-01
3.214512630199141130e-01
4.296494610371677791e-01
3.170634540031829207e-01
4.244079435050689408e-01
1.079625049755139204e-01
2.086144374301011073e-01
4.009042662764517595e-01
5.538464112380229315e-02
2.997381705660895346e-01
-5.688429135604711889e-02
8.806441301130432664e-02
4.203667533183563787e-01
4.768565092634100000e-01
1.796838032985801636e-01
2.017706538507930969e-01
3.828416971993188200e-01
1.823229276350176176e-01
3.355712474725303096e-01
1.750886893745887130e-01
3.884307069723594852e-01
2.651904296156153053e-03
1.953069776653287848e-02
3.610195035432341992e-01
2.100977204966049117e-01
4.212181009272382703e-01
3.169519568957618882e-01
1.340749048697534307e-01
4.421729408583115473e-01
1.717904947725717169e-01
2.485017605072760982e-01
4.736241240635341576e-01
2.854177603182321277e-01
3.865631632226452230e-01
4.263592857426004579e-01
2.918156311755711330e-01
1.443631858119929501e-01
2.292561965562828485e-01
2.822974152757612987e-01
4.461303884886996807e-01
4.363244710308139540e-01
4.284783647844985222e-01
1.067097562144826489e-03
1.979205628362113445e-01
4.192340006350562809e-01
1.869799255495686596e-01
2.515054466460084903e-01
3.874379974321406905e-01
3.730739531512679563e-01
3.876588217913566337e-01
1.445435881379825427e-01
1.190778291353999235e-01
-6.441990727773580635e-04
4.032224188618718785e-01
4.298157829573310829e-01
6.551232584719948737e-02
2.583614972350530281e-01
2.650842367861516169e-01
2.344418465350261715e-01
4.201345081673729664e-01
9.452222906848201101e-02
4.033927112541518811e-01
3.696229601265333398e-01
4.627566709361910502e-01
4.293619465259536638e-01
3.245981704594367856e-01
3.907862025426160901e-01
2.486413887231171405e-01
4.304573371794950254e-01
2.400338724594598405e-01
1.476895635536554785e-01
1.710111440235325964e-01
4.096609203804324473e-01
1.285289246712802147e-01
2.249040376839011313e-01
2.287086262040347595e-01
3.501444548527752887e-01
3.775687649434645854e-01
2.002802941382535451e-01
4.090903248001483972e-01
3.126065039521204736e-01
4.076167072184098683e-01
3.415129272158369256e-01
4.128685357295129310e-01
4.544324968935442577e-01
2.840655865213556619e-01
1.861535370789229871e-01
2.021353303945954971e-01
3.865351364826812852e-01
4.227216834328381689e-01
2.738998351527545672e-01
4.394319576388393545e-01
4.672328698022172877e-01
2.077503258230332939e-01
-1.057600352389727848e-02
1.368606535731892726e-01
2.661427480887592623e-01
3.370079609739808357e-01
1.627810559631190368e-01
4.320338771724764326e-01
1.658652144085170921e-01
4.168388049492680603e-01
3.674451223129170385e-01
2.501076681593821238e-01
3.579892331825499374e-01
3.198644644110916202e-01
1.349236080144179950e-01
4.588115210975692304e-01
1.978409282156799731e-01
5.072333489022360364e-01
4.531001495661148293e-01
1.821990594605955305e-01
-4.761836814713801130e-02
3.275455686042966219e-01
6.801915516532400230e-02
2.835117968609519035e-01
4.053077395135401551e-01
7.080001073447231286e-02
2.925582330666625097e-01
2.674724683786976476e-01
1.760198131079818429e-01
4.309122797100833346e-01
1.313024603515252631e-01
1.559041812297357887e-01
2.078556906392330789e-02
3.163623179699150412e-01
4.063544832947661445e-01
3.561262289368365835e-02
3.697499590123275448e-01
2.309786379560762604e-01
3.446743916562163834e-01
1.404353168130341167e-01
2.271867545411295486e-01
4.119461907250313581e-01
1.220841099736358210e-01
4.234287511088019040e-01
1.889942782832558857e-02
3.242547390606349555e-01
3.285285264182012943e-01
2.024065147355561811e-01
3.141712935185088651e-01
5.821269648311132999e-02
1.381042717125084696e-01
1.832734741446321314e-01
3.792212155693067688e-01
3.287941242901226691e-01
3.291154548657321266e-01
4.170921736160385640e-01
3.358923658570014958e-01
3.382478379426698267e-01
2.856616960640485092e-01
4.972134929033309447e-01
3.844794616798150599e-01
1.549918004279655093e-01
2.096516741023097818e-01
2.647480507562521290e-01
1.483933057538351086e-01
1.644892538771594859e-01
7.012246702395730225e-02
3.295156624971871673e-01
3.014461723672213211e-01
1.237372487010254124e-01
2.181596208568560569e-01
4.133224607882410306e-01
2.318918574138611188e-01
3.921887743488434719e-01
3.508146751268035324e-01
5.665331227980628936e-01
4.319909012966025724e-02
5.724422656401736420e-01
4.285433378438155971e-01
1.724866373848917001e-01
2.654801287925795950e-01
2.316542096665464567e-01
2.503668656719096330e-01
1.330270895938158449e-01
3.952016022992171362e-01
3.968018097780814935e-01
3.040300169703767375e-01
8.326134137281240855e-02
3.647327973447745397e-01
3.529353892105465684e-01
1.901310194696291256e-01
4.460460255409205432e-01
2.807241330847770056e-01
8.594573862732565739e-02
4.717070362970399722e-01
2.185868413662367393e-01
2.497109740463858973e-01
3.189679839877519463e-01
1.660990911160002692e-01
8.774850474601018913e-02
4.574816548380523651e-01
-3.905703897338485414e-02
3.943351926048624390e-01
1.152248326810021151e-01
4.634624275414493400e-01
1.950609249794144628e-01
4.336606857191280806e-01
4.054142987165840206e-01
3.482342230923282655e-01
4.040845251506539615e-01
4.261824048860135550e-01
1.597613718407294159e-01
1.975454446285173360e-01
2.733598880181771218e-01
3.359292026369324335e-01
3.708761593710316329e-01
4.544324968935442577e-01
1.811925220412988757e-01
4.104671688665272322e-01
4.090301839230692238e-01
3.020076929383147535e-01
2.485778219202179097e-03
3.890292250641875227e-01
1.460686561944209427e-01
2.373930590583260003e-01
3.726499960116197441e-02
3.077804682036111572e-01
2.161198448142243878e-01
1.458497554345921932e-01
3.997584006870107398e-01
3.069895104250406903e-01
4.378088919380657140e-01
1.263742178493313384e-01
2.516860624390216961e-01
2.982294312639830469e-01
2.197436608408447067e-01
3.598624225276961797e-01
4.272746735000537144e-01
8.777069508344917392e-02
-9.392245369799958471e-03
4.025722859810241805e-01
4.008194366243466034e-01
3.815163026377595412e-01
2.963770303020810126e-01
4.226889538833327742e-01
2.706808007960714302e-01
4.014276185827438392e-01
1.884799471941033810e-01
3.816876954863104299e-01
3.082584198217674931e-01
3.585770641270397685e-01
9.731167637154530814e-02
1.402253720627509304e-01
3.836335688022204371e-01
4.698770377729510200e-02
3.003445948939210686e-01
1.945423590479655185e-01
3.490222853788388924e-01
3.994022886271174078e-01
4.267061061417528056e-01
5.680068026181095409e-01
4.324062772672885857e-01
3.271065157212172947e-01
1.729677064213548110e-01
3.979753421418587012e-01
4.066804990872219805e-01
4.032368058691632173e-01
2.455349624898922611e-01
4.077611012548927882e-01
2.430009127913230482e-01
8.292194309935732588e-02
2.193371117222487066e-01
3.198265227352237727e-01
1.528874441482846458e-01
3.196259466344685829e-01
3.891098809323697005e-01
4.293351985005547378e-02
3.836202882260775771e-01
4.241316114751407240e-01
1.081915013698010047e-01
2.836218629022095872e-01
3.538782102864425627e-01
2.115982005885167772e-01
2.267936767798366948e-01
4.387320298585919431e-01
3.723925030118552804e-01
2.233932625874840705e-01
4.156768017963909378e-01
4.419444380734524613e-02
-9.741066952799107281e-02
3.701870001873215354e-01
4.557712414062137785e-01
9.988672792060529493e-02
3.940737581438127357e-01
2.097148039948797116e-01
3.654991644358924763e-01
2.752483234252348088e-01
3.546305531781129283e-01
5.313572408495549348e-01
3.433151806568318642e-01
2.128577685960945098e-01
3.904382306517801826e-01
3.240497043319668924e-01
4.843358623795879780e-01
3.512572113220162051e-01
3.185292315912238714e-01
4.029399122938776001e-01
4.136241412362762770e-01
3.903406821450084996e-01
2.638478512205759685e-01
4.229431778704248468e-01
4.239018692999542703e-01
4.066407732050308366e-01
4.230618317193975964e-01
4.118856322703972617e-01
1.691944057573721294e-01
-8.630285778084124948e-02
4.183569140419381993e-01
1.435903211659900480e-01
3.240639436270070783e-01
3.153602000513816006e-01
3.666619755457387608e-01
4.304549761900248184e-01
3.912121489923385265e-01
1.973582762152761572e-01
1.172604819088872985e-01
3.777901323941567080e-01
2.991241673965010506e-01
2.157948724625627646e-01
3.278138207740879384e-01
1.872409851285428417e-01
4.057967339502190907e-01
4.091398303121617785e-01
4.298210054152526993e-01
9.097687886845985672e-02
2.927222752390937766e-01
2.351287038556587328e-01
3.805006838194727181e-01
3.156774981655195988e-01
2.175553289171892335e-01
1.446731092675165864e-01
3.863070990562448292e-01
9.649718172455447329e-02
2.364563726879790051e-01
2.344627831699201970e-01
4.041000553511878146e-01
4.834773500211587693e-01
-5.581214494974104379e-03
2.815573611305565160e-01
2.615875951417945822e-01
4.433874836822122023e-01
3.132782512222908600e-01
3.791041347728241750e-01
2.211112256733981651e-01
3.839416187394487090e-01
9.225350199810329610e-02
4.280511462667437317e-01
3.018707768760375276e-01
4.019258512589493071e-01
3.252420800696231296e-01
3.652009634412154981e-01
1.177371944868067788e-01
2.295020836390257446e-01
3.869987860695828785e-01
3.533585984194805296e-01
4.034528227547496404e-01
2.884899971401977403e-01
4.726638261387970941e-01
4.187595163960263767e-01
3.311455913406673446e-01
4.020542675599712568e-01
1.226261587247211432e-01
5.492103077115210175e-01
3.772082245449683846e-01
3.754256293640199083e-01
4.301364553835789195e-01
3.592467800218194784e-01
3.450482670893749715e-01
3.633698780625191915e-01
3.392827943692399706e-01
4.237823885113283784e-01
1.352555166958498700e-01
4.592219906227495985e-01
4.046502741094126776e-01
2.940274176626711533e-01
4.274000482564529468e-01
3.084997416416297433e-01
1.993856130658920867e-01
3.171535145361273900e-01
4.014785922134599394e-01
3.506703764394085154e-01
9.788946053346214704e-02
3.408173151228549025e-01
2.955851713957942661e-01
4.468220755020377855e-01
1.919808310274704055e-01
8.594573862732565739e-02
4.126692543930264301e-01
3.207838989863194268e-01
5.715249813569971415e-01
4.480464756291691053e-01
3.723305189680289895e-01
2.205597149879341135e-01
1.893148156757145373e-01
3.121130484394885607e-01
2.884181113134965946e-01
4.636391240066755626e-01
4.179947495762852960e-01
8.556193736137264472e-02
3.937860311925071022e-01
4.567035400588269067e-01
2.266408258020544686e-01
6.988705602289034535e-02
2.566273650277791640e-01
3.115294903623080369e-01
2.676335577168412749e-01
4.193586988610468747e-01
1.846926587660159547e-01
2.982846777205163669e-01
4.702246506654462199e-01
4.080903570906818656e-01
3.203425030798948692e-01
3.676570903891031028e-01
4.378565645733988321e-01
2.313447340986337364e-01
3.118254083728609349e-01
4.619318856413766050e-01
7.067210885381257357e-02
4.392868261198981106e-01
2.618028870496361127e-01
6.911025610572055222e-02
3.894693206048956968e-01
2.171561440945292687e-01
4.238538294586035038e-01
2.563335608791212361e-01
2.720731051071257900e-01
3.673995973971184159e-01
2.569728914510147066e-01
3.548774254932724470e-01
2.268814600390218483e-01
4.335392487389876370e-01
3.152647883931866679e-01
1.540500747462914266e-01
2.409996811299614516e-01
2.612696235002464062e-01
3.553697788691991266e-01
2.169424793761328407e-01
3.977606269289931662e-01
4.092878940022723899e-01
2.787243836598409796e-01
2.858766550643667137e-01
4.213496208452222058e-01
1.603274550606946236e-01
2.469127992157924556e-01
1.228891457255519848e-01
4.084952277406534438e-01
1.576040008042734752e-01
2.361305446892446869e-01
3.588915059385059392e-01
3.972981569654903677e-01
4.056161086710504682e-01
4.048753853395573588e-01
1.088795334177521112e-01
3.946411116476454262e-01
4.275800300745006832e-01
3.767487558786490331e-01
3.851480000258062364e-01
4.123191535371327765e-01
4.211998564725977223e-01
1.886948294338416376e-01
3.163698449049230921e-01
4.034512017787623139e-01
3.607847164967651343e-01
4.120527372314604087e-01
3.922415365010722410e-01
4.424947402958417375e-01
1.427626453996726497e-01
3.145384707404773605e-01
3.844147149189861001e-01
2.809363384133933828e-01
2.247085361213553567e-01
3.837202331566628710e-01
4.361257023071854477e-02
3.216562327717885639e-01
2.657776261416917585e-01
3.640881575340119136e-01
1.618095495259236904e-01
2.183050373442638192e-01
3.732516561759043339e-01
3.656846514604953358e-01
2.250862049378980767e-01
2.129247127841200626e-01
4.198226213836754317e-01
4.428827476837052801e-01
3.734208006033382099e-01
1.558476062083460068e-01
4.006991663220368372e-01
4.104465310792424493e-01
1.468003629377486186e-01
3.858710982153161773e-01
-1.739608844111655700e-02
2.027077757803794900e-01
3.691804810245952750e-01
3.210613908893567015e-01
4.181290634963947261e-01
4.046336397183094569e-01
1.864461263358075660e-01
1.768281500627419678e-01
2.389357716180478819e-01
2.501775671733211248e-01
4.074667306546471135e-01
4.343472853731653038e-01
1.819367679780437841e-01
4.922316530185939093e-02
3.537102203796231858e-01
5.243077148245913754e-01
3.491327957186317610e-01
2.436178941417501409e-01
2.098721011114209889e-01
3.271829810841177522e-01
3.061681484861228375e-01
3.288476286549211203e-01
3.954193148052683737e-01
3.644973889110377785e-01
1.740132932909779495e-01
1.611192914782060559e-01
4.368692104113815478e-01
7.770547959816836991e-02
4.342356366610055501e-02
4.075518747761768257e-01
2.998235860051501889e-01
1.305995639699521760e-01
4.084764250498817972e-01
1.438746004884589591e-01
2.135192489519827652e-01
4.009702269954794618e-01
3.699990243980020854e-01
2.817696473689733638e-01
-2.111561107846023425e-02
4.526263703211464429e-01
4.178226460492407424e-01
4.090155863843277784e-01
4.588130493384776076e-01
1.466542615799989735e-01
3.823352592735318467e-01
4.241374675190383581e-01
3.348210746232009871e-01
4.202273816643807280e-01
3.194172485589880650e-01
1.068457256761797258e-01
4.402220553877229103e-01
1.288894718537520190e-01
-2.078216834721128767e-02
4.073354935475350103e-01
3.552231278434587747e-01
2.447039222451176943e-01
4.106431319985156536e-01
2.144461466886989909e-01
1.876782108193741361e-01
4.224518865912251786e-01
1.751288585335694370e-01
1.190016335963109823e-01
3.857412432965494631e-01
4.026304862469119450e-01
5.694487219831926780e-03
2.504557578880812763e-01
3.862037374085158237e-01
1.906653493946295908e-01
2.256361559469217126e-01
6.005464289390212151e-01
4.491963700287675554e-01
2.360800150666182984e-01
2.225188091312112204e-01
1.495585135001424870e-01
3.051150908360051317e-01
3.221465112262550390e-01
3.539665152426854644e-01
1.426420679720587503e-01
8.025458588967965268e-02
4.291277787921419784e-01
2.997687318781648291e-01
2.450182175890988634e-01
2.048086342671473492e-01
4.082597368619046430e-01
4.066847943603222881e-01
3.126551480029658436e-01
2.045397078075264774e-01
4.243836836764620646e-01
1.954722983707966599e-01
3.694475332605532958e-01
2.647134993669931768e-01
3.850580511483864266e-01
3.380009431802272202e-01
4.296569902957393383e-01
3.019233694081307484e-01
7.185304319882139523e-02
3.402202612079701094e-01
4.323387818968068563e-01
3.040250226366003061e-01
3.879427701719954658e-01
2.487903444385915208e-01
3.620743945679386067e-01
1.600932048663113172e-01
1.272323527609480615e-02
4.741483490338896933e-01
3.940875613142822420e-01
4.068709710476167141e-01
1.124324400122481415e-01
3.865714356066149993e-01
1.105491037560574728e-02
2.640636620558705072e-01
2.155072675865118692e-01
2.959049628595375458e-01
3.532359014040473144e-01
1.806656888709135822e-01
3.426587656693756978e-01
3.997761432519350566e-01
1.443404436022898696e-01
2.890014472102903076e-01
4.851566478672966198e-01
4.181859615086707116e-01
1.699544717643841074e-01
3.238882726001445223e-01
1.156771109970833600e-01
3.741023567345894696e-01
1.545539528519600803e-01
9.146361978048056507e-02
4.123303655608689389e-01
4.007058317958769322e-01
2.134794468901025644e-01
1.136870961984863260e-01
1.717095516123594845e-01
1.971179872816284095e-01
4.238016437160918581e-01
5.968960533549718533e-02
4.089593916649328920e-01
1.330348242388040003e-01
4.134704037360339979e-01
9.780777842300483749e-02
3.862518973283088908e-01
2.814603852992034194e-01
3.197949156328581677e-01
4.357962014002785822e-01
3.550174326418655824e-01
1.714286216081332137e-01
4.143412299437130852e-01
4.095664394753884552e-01
3.557229646083240326e-01
3.141182484724238666e-01
2.686957282170409078e-01
2.750525867678533798e-01
3.343134964086258987e-01
2.476668519182619044e-01
1.196094856086911129e-01
3.140662038215633056e-02
2.192386162803659777e-01
1.079253532697441731e-01
3.808675349956913703e-01
4.157006418898481770e-01
4.657858400107602881e-01
6.763615447591410368e-02
7.094549759266037536e-02
4.255940736285112602e-01
5.245951682463128457e-02
4.101795170990977790e-01
4.236068408407923647e-01
4.081617041825884584e-01
3.161362371499151780e-01
4.458307475485274174e-01
3.982364490426931192e-01
2.667261991367959606e-01
7.557833940911802550e-02
3.231511449001847058e-01
4.118912542152721734e-01
3.297194905495385298e-01
3.264749958495243853e-01
3.579349742405045220e-01
3.928895528022854355e-01
4.647474205202530295e-01
4.044349039213392394e-01
3.949341395186330428e-01
6.556257777805488129e-02
9.387078410036990561e-02
3.234959714329000424e-01
1.792448877209881775e-02
2.894671241374656701e-01
2.011962086885260570e-02
1.961861489435416939e-01
4.282954813750368128e-01
4.288111684528003176e-01
4.013141072984512392e-01
3.371332066066369260e-01
4.249274396917623320e-01
2.943424875623961157e-01
2.505240262842817200e-01
3.048312851470605378e-01
2.771339885896411115e-01
2.983653016397004309e-01
3.094886097712367112e-01
3.038977351725177245e-01
4.420405569066429563e-01
5.958500752605307843e-02
1.845271608239995587e-01
4.024614894487447692e-01
3.144468688135954593e-01
2.880819185618598843e-01
3.415117948935522674e-01
4.349688422609804261e-01
4.105910352152923326e-01
3.867602269667232973e-01
2.520076498773150542e-01
1.396145988590762888e-01
3.325265436332846547e-01
2.545874536946253208e-01
3.717940100643037371e-01
2.521247499002483572e-01
1.102849178975973954e-01
1.497671389383309903e-01
4.528428890964490972e-01
3.576753896264469601e-01
2.043572324324124112e-01
2.186262569956487212e-01
4.323789833626560108e-01
1.129327028190781346e-01
4.198681014049078231e-01
4.158376509361576545e-01
4.022072059618302386e-01
1.672204490023995738e-01
2.258558713647107474e-01
3.192854021803322451e-01
1.736904054299164279e-01
3.964083957069045039e-01
4.052282952592470289e-01
1.984417695650039504e-01
3.710224878156213046e-01
3.725835939114776063e-01
4.040028299857115757e-01
3.465514374943911013e-01
4.376750455521264405e-01
3.628931046570266217e-01
2.198858524451337559e-01
4.766833620414314687e-01
2.122923533176514221e-01
3.225377638439774763e-01
3.139762155913799480e-01
2.957469414550592535e-01
4.215449604221981894e-01
3.180212103643720312e-01
3.465076798146037862e-01
4.444095812594149320e-01
4.036753189801428610e-01
3.455651278571518770e-01
1.290482766310677709e-01
4.433209136708947673e-01
1.480394566580768012e-01
2.402140818207618156e-01
6.676591521697225473e-02
2.427969107777141200e-01
1.753504914721376318e-01
4.011450652115418625e-01
1.877782002296035646e-01
4.402842004005599885e-01
4.135517341015068071e-01
3.380208313485836835e-01
-9.356049460320373578e-04
1.616370725430981425e-01
3.428822789517070313e-01
4.661132576588669085e-01
3.136017462802858091e-01
4.253765929809036894e-01
1.792029168537533079e-01
3.276604562887719951e-01
4.049864920053258821e-01
2.347028943302140180e-01
2.690399486316201183e-01
3.634962056459226099e-01
1.947447088160238204e-01
1.590879836575670170e-01
2.712230178654743695e-01
3.889774104279606903e-01
2.331234603388921411e-01
3.960726218605732374e-01
2.971568365525507627e-01
3.214027222016757057e-01
5.090199763138555239e-02
2.520975530873763026e-01
4.026082651793083667e-01
1.822728961107571710e-01
-3.468553261757491984e-02
-2.433607772532678584e-02
3.235045976209051100e-01
1.350306584851735381e-01
3.907526853880682882e-01
3.955114445959870273e-01
4.195953621850429527e-01
4.198030880981515889e-01
3.300498224441817952e-01
1.493843086159163669e-01
4.039368426079419372e-01
3.470071063875266870e-01
2.718256130021485251e-01
2.202176999670548974e-01
4.781965459263392559e-01
5.189281331694185068e-02
1.643941455269858354e-01
3.745079403658721495e-01
3.942943596276475282e-01
2.401544831067706498e-01
4.060193110854127818e-01
3.459144416888940143e-01
2.272737508072823487e-01
2.029785410500659082e-01
1.267204582704369864e-01
3.640306532168848808e-01
3.941914266773844933e-01
1.695854495240788351e-01
1.553747938977316778e-01
5.998354689622558134e-01
3.946442697853652648e-01
4.139846962192826885e-01
1.407562999329157460e-01
2.644248218292624686e-01
1.905335143589054481e-01
6.461733480213124881e-02
3.571207570103988038e-01
3.566811268462661277e-01
3.419331446915406802e-01
3.163316183020809524e-01
3.988274082090227379e-01
1.907771991598637140e-01
2.473346985987871505e-01
2.464156775608107031e-01
1.022480294121754646e-01
4.602947692042967665e-02
2.175530295436440276e-01
4.312131202728973767e-01
3.459668808657961336e-01
4.066106454657555935e-01
1.314759375454535584e-01
2.516028616049306721e-01
4.064888589552771436e-01
3.923947230678115350e-01
3.069400695578833327e-01
1.895084617275820948e-01
2.273386714282315743e-02
4.180212305656302307e-01
2.105645072676626262e-01
2.591664902448111429e-01
4.131465217217317187e-01
3.971019269657870554e-01
3.756179219194020202e-01
4.016801244605957555e-01
2.245358949383135794e-01
2.187487022104470935e-01
1.361053763942470241e-01
4.207918222079352066e-01
4.173122159094215244e-01
3.430797321416247381e-01
3.392527206735622691e-01
1.399647242783555179e-01
2.335558035589326842e-01
4.274603163486338508e-01
3.722885385653666446e-01
2.224848583831172399e-01
9.422154354647986618e-02
2.719100341271861732e-01
2.660602819986410128e-01
2.684890662470624800e-01
4.402728115370445616e-01
3.517778286280988653e-01
2.187818709549463614e-01
8.847284669808863286e-03
2.267677321187384631e-01
3.597252412679883271e-01
3.358430756065495792e-01
1.776287331201306385e-01
4.506623430865880353e-01
3.844818284781939544e-01
2.347548902043939123e-01
3.593660338480819672e-01
2.100920049297550773e-01
4.331429872237246848e-01
3.100515553506315025e-01
3.514921434252352705e-01
2.502163007279285534e-01
1.950282496187292769e-01
7.487817279973649209e-02
1.904905744075016394e-01
4.446822691949139927e-01
4.190475528791841042e-01
4.408185484317215797e-01
4.972134929033309447e-01
2.389633712216900907e-01
1.208985933280095071e-01
3.588520819328550049e-01
2.998412505439823628e-01
1.518081849173329723e-01
3.852519485392880139e-01
4.033093249499027921e-01
3.916737603991277683e-01
1.806524886236803573e-01
2.321007691819791316e-02
3.101688232769603815e-01
4.385256009918233611e-01
3.649921497891969180e-01
3.188340922093400032e-01
4.305159011038167671e-01
4.132662102410837868e-01
1.792428126880176442e-01
2.126912031996700536e-01
4.150838988447161371e-01
3.434965096438036825e-01
2.099005600341960764e-01
3.686985892651243879e-01
1.990752314534367240e-01
2.340911869450949534e-01
1.920472533265367709e-01
3.424463140430282215e-01
2.218575124198239601e-01
4.247945784967475102e-01
3.352192250296214260e-01
3.898498358697115029e-01
1.079084042847398145e-01
1.272916426251152755e-01
3.505882639666105804e-01
3.587521046461292912e-02
2.355217002248042313e-01
3.776320924011704050e-01
2.580903152954537316e-01
1.703323250708315140e-01
3.898949569003829496e-01
2.669690871006961674e-01
1.300251515216958309e-01
2.967537398188355158e-01
4.284724274988627735e-01
2.862537589645332559e-01
2.564801245430231580e-01
1.880505388837177549e-01
3.037107895516732992e-01
4.447807505294468777e-01
4.046747794059065151e-01
2.142677129033415673e-01
2.036268424857144710e-01
8.692889474803941474e-02
4.217436936673978343e-01
4.218658623833261290e-01
2.196179051393214177e-01
1.604574148717564930e-01
1.968522350172108581e-01
3.081156489603588122e-01
3.476795493160123596e-01
4.141389095521361696e-01
2.575775153698167674e-01
6.338446437321049176e-02
1.182278126223990644e-01
4.578524235008414323e-01
2.668520732726329947e-01
2.800923213154192792e-01
2.983974434521167174e-01
1.723184873181595744e-01
6.922493595573922520e-02
2.640820933914040380e-01
5.359006366741219107e-01
3.014857274674951348e-01
3.736500138358905820e-01
3.381446895648764772e-01
4.596192573281799865e-01
5.195315141814287330e-01
4.027372631180652918e-01
3.866248357429935556e-01
1.350444853476923390e-01
5.480270348243251322e-01
2.006448651518180915e-01
1.220702244981904105e-01
1.915081269959525434e-01
3.560723302223384179e-01
5.421711508376336752e-01
1.591975516886297293e-01
8.318374491683384886e-02
1.974972988990585099e-01
4.063810962293241125e-01
5.007201298799263123e-01
6.700259580172576723e-02
4.212713670437934765e-01
4.069243020579811354e-01
4.118471722324076878e-01
2.520362648678340922e-01
4.095708765688467201e-01
4.182931230955522217e-01
5.421090496405654990e-01
3.264036017054569028e-01
1.869644585001714321e-01
2.574779928376619981e-02
3.948135324448384109e-01
1.851473230498750233e-01
2.519841279201559536e-01
2.089742541267377296e-01
3.236570605220904784e-01
2.896779932718462902e-01
2.429038426637467052e-01
4.186102825427398533e-01
3.896653773331493764e-01
3.512272383486670368e-01
4.256866392766945478e-03
3.570676262621636510e-01
3.800028736169023258e-01
4.207049679851609936e-01
3.758600580652869394e-01
4.285595269405707564e-01
1.694391149801349750e-01
4.068533318190298842e-01
8.588683137056399297e-02
3.881272980420327756e-01
2.446744397096360379e-01
4.672322472531678650e-01
4.136581353852170628e-01
2.174314051017197102e-01
4.281188437042656170e-01
2.376278936548624210e-01
2.808958747997906680e-01
2.015904672012870380e-01
7.058595643020006138e-02
1.259455273126064700e-01
4.114100934239833807e-01
3.289367288092800434e-01
4.150044999828957359e-01
1.588015818635705179e-01
2.076693362745354599e-01
4.753879136492566437e-01
3.449510844608703053e-01
4.083957477717216067e-01
4.157793109452683211e-01
2.178872857710715261e-01
2.589321052578121285e-01
2.481451760534381101e-01
1.882783117558527730e-01
1.324752783076969254e-01
4.570369197219236734e-01
-4.734058065362969914e-02
4.823590143232683869e-01
3.795568420353245820e-01
2.085494495165745310e-01
2.742688512885191332e-01
4.676153671289376978e-01
1.314353682667633583e-01
4.671468524772254827e-01
2.800211894020898096e-01
4.547878573013910963e-01
3.041331405358312923e-01
1.467307782117057147e-01
3.285811940511862428e-01
4.362695273014110531e-01
3.968424869105730002e-01
3.986726877584351736e-01
4.314322626833301810e-01
4.246452704553977386e-01
9.247722749231901407e-02
3.706359453723067632e-01
1.864643306259932964e-01
2.819077043839139374e-01
3.239373852639573781e-01
2.011963831139776671e-01
1.090428568207097021e-01
3.367011839553751273e-01
3.864871862644941869e-01
3.329424430774134414e-01
5.059875924880454789e-01
3.969321416082567389e-01
4.157013543939989120e-01
1.126230490628894465e-01
2.089072954397796708e-02
2.993434393455990938e-01
4.042879571184128662e-01
1.144801927913267486e-01
4.279095879735448915e-01
3.887113331136062278e-01
4.081144036493530858e-01
2.103023374402570589e-01
1.657932837131823600e-01
3.791099406941377259e-01
4.352171064736613526e-01
1.619559155780110060e-01
4.117925221018500226e-01
4.252658540190591974e-01
4.343216570486407857e-01
4.184715067168333635e-01
1.877186552635779215e-01
4.289280396306613952e-01
2.372268553079635856e-01
3.881923239624194832e-01
2.609030242646987463e-01
4.724175389467177855e-01
3.342012826478336640e-01
1.747619502640761768e-01
3.881364219290412976e-01
4.053898736660154212e-01
4.505319168201533664e-01
3.056731715373042779e-01
3.646685845056443775e-01
2.309769581026494822e-01
2.322315117772077719e-01
4.267875611160980992e-02
6.000582158187223181e-02
2.777787874140942859e-01
3.650500583648809139e-01
9.782665585679793663e-02
2.549965802001021298e-01
2.329341650144573783e-01
1.724239939469375538e-01
3.807249966566015886e-01
4.171440606146715191e-01
9.303184285279626764e-02
1.737909238657643629e-01
4.062729419206829173e-01
2.312398210988380332e-01
3.435703163106604285e-01
3.791691289179613400e-02
4.542972900611751963e-01
3.154366063916199669e-01
-1.394302257471852560e-02
3.711927399604620370e-01
3.867861543670640945e-01
5.682676800463021261e-01
4.210722135862839388e-01
1.127811790939614034e-01
2.330405039768751740e-01
-4.665376928042806043e-02
2.901187991383643583e-01
3.390222691268865995e-01
3.605714861447072428e-01
3.418242967577022617e-01
3.531508536689106914e-01
2.465693432536050500e-01
1.976526190779825387e-01
8.051859263925544019e-02
3.080321866423895161e-01
4.214077925022343685e-01
3.417092252835031707e-01
2.093977594811010090e-01
2.720120801141345246e-01
3.477342294039423298e-01
1.960859422230731564e-01
4.266306844322940717e-01
1.117129596370417810e-01
4.060467845683102261e-01
3.927379849294622138e-01
3.993897642671636050e-01
5.312262027260934716e-02
3.817662603962950207e-01
8.879630646955619100e-02
2.898853248222889034e-01
2.439272349637259252e-01
1.086684892899953403e-01
3.521762752473734381e-01
4.249205119041998824e-01
1.315573102329758159e-01
3.856698319332167446e-01
4.087909115691992223e-01
3.569341507957943249e-01
3.369112676215618718e-01
4.146822635909507837e-01
9.306875954671477158e-02
3.685560027743302602e-01
4.628399394025768387e-01
2.154998091706944729e-01
1.693512358428362619e-01
4.278753479495748385e-02
2.764190684878777282e-01
2.449938232635082980e-01
3.490401432298558815e-01
4.095483877105496329e-01
4.043259704513194053e-01
3.637554536752101719e-01
3.824832432156237139e-01
3.109753679344171573e-01
2.532878443811111824e-01
1.609468134425157959e-01
7.068882335080479973e-02
8.869621208404716850e-02
3.099189760744061051e-01
2.281855556713093813e-01
2.701668873026266127e-01
4.300739277088777568e-01
2.540844197323154363e-01
3.036639280889552039e-01
5.838419894499241591e-01
4.268099563602000823e-01
3.372667474439757784e-01
3.356125220927792530e-01
3.162647770977091710e-01
1.231828172391889048e-01
3.090700829576792374e-01
4.331008367860047503e-01
1.873250093339573208e-01
3.582363615876009710e-01
4.089301220674492199e-01
3.938529164408549055e-01
2.157212786559061235e-01
4.234729766754430913e-01
4.027668973490498017e-01
1.405077649680351315e-01
3.720422522031314183e-01
1.995228543440750180e-01
2.290030880041478700e-01
4.015916609211439559e-01
2.230069552182591119e-01
3.841994774229854359e-01
2.854550247998160484e-01
2.811365333252577869e-01
2.869821774505850742e-01
4.024160637408092378e-01
4.062043046639631783e-01
4.138831901029780269e-01
3.077527896662347606e-01
4.072705136834962603e-01
1.411603599911631646e-01
4.916821456779425503e-01
5.530321345418071077e-01
1.113311408271693420e-01
4.990519542683922172e-01
4.128056006843394132e-01
3.658900158654811996e-01
4.210194456251464268e-01
9.579543680873230105e-02
2.112163591083406344e-01
2.476902308673486486e-01
1.525947930887601722e-01
3.700542369139113719e-01
3.392911738860840964e-01
1.608430425416056408e-01
1.817219965224938782e-01
1.077661285083256343e-01
2.436728541360975442e-01
3.076692247795337343e-01
4.184465567898667526e-01
4.377938154133054205e-01
3.399218910080795686e-01
3.597256384106320426e-01
3.911759078745079554e-01
2.201400021871108281e-01
4.105309477801736273e-01
3.299430713811802307e-01
4.155354863985623592e-01
2.496702692230337861e-01
2.198887719378411418e-02
3.925257148730054713e-01
3.038319248004962558e-01
3.494532359544982314e-01
2.216674980354700619e-01
1.340841350182998548e-01
7.495628843212130688e-02
7.991050961902189387e-02
1.959966583567884502e-01
3.449782049280843976e-01
4.344135492549914823e-01
9.926348030840559389e-02
5.451535178741027249e-02
3.253876332738476207e-01
1.616069500577734241e-01
1.707538282032648735e-01
3.821253033203532157e-01
3.379467641936615974e-01
1.746858691604896430e-01
3.815658327961428675e-01
2.271013061313252035e-01
2.760126008029212819e-01
4.264267879178038623e-01
2.884223891598706180e-01
3.651845719454825390e-01
4.028295838559131092e-01
2.348709299614437085e-01
3.988254005671735269e-01
2.397189462887342748e-01
1.914501441440344121e-01
1.792493155953970851e-01
6.233217760677638164e-02
4.275937693884661606e-01
4.501434126046226503e-01
8.517901362444414703e-02
5.322704406607805527e-01
3.888546761525270568e-01
3.645433905100378125e-01
1.812475122419718032e-01
-5.937476273007324945e-02
4.203875361001528921e-01
3.893164463084940463e-01
1.770190192954435859e-01
3.795199340547691924e-01
3.624348696577036066e-01
1.851024708057099621e-01
4.242888594649108502e-01
2.052365556887938147e-01
3.998592440898111611e-01
1.679128579541785404e-01
4.285710982038209993e-01
2.569453123289623941e-01
1.439254592272583844e-01
5.384307266937343739e-01
4.169454917823356976e-01
3.530958628873469007e-01
2.736861403162035855e-01
1.533313519098381816e-01
1.321185885466416854e-01
3.395682565177873119e-02
2.722185401000571381e-01
3.733426755937149788e-01
1.053478627829196879e-01
1.759402018475621221e-01
4.564604655459714166e-01
4.080905983263639070e-01
2.086898199709179558e-01
3.922770696866745288e-02
9.849503628345544770e-02
3.878595300032937621e-01
3.457392117449206159e-01
4.148918501390249647e-01
1.331946089219744889e-01
4.128335894174432474e-01
3.482864602851746261e-01
3.467273924524150730e-01
4.338858520509215055e-01
1.621191694607784783e-01
2.108974213052307034e-01
5.427129771334464614e-01
3.882664354310169097e-01
2.165602979088258606e-01
3.927841987818388447e-01
3.350811300493128919e-01
3.626004252790719917e-01
4.072139877733180757e-01
3.464025563248502304e-01
4.109822375859540355e-01
4.152785250047129617e-01
-9.271152327626297485e-02
1.490899536997243036e-01
9.161053098309471232e-02
1.292513034118815962e-01
4.015720463316436173e-01
4.078118031531558496e-01
2.611144195254300193e-01
1.969210851341306745e-01
8.594330458564138076e-02
2.417434574838585593e-01
4.039801409690157441e-01
2.999217996942123432e-01
3.661627916814712003e-01
3.936607814521226878e-01
2.627929181227753319e-01
3.307175953004760083e-01
3.134793609542994020e-01
3.790012629820718182e-01
3.811400949899751422e-01
3.994460134243320026e-01
4.340272646234951126e-01
2.249528359197816851e-01
4.767323567843966270e-01
1.747056757966625185e-01
1.881848208548290158e-01
1.648885994250634812e-01
4.050495191631952596e-01
2.575055501477805930e-01
2.192513894483293091e-01
1.898898910034439724e-01
2.937488147643428360e-01
3.762488385359210041e-01
1.563082384820728143e-01
3.149889466351571965e-01
3.757586909478702886e-01
2.450238781839630953e-01
3.053927426085096264e-01
2.160906413138238835e-01
2.318443528219597261e-01
3.952838261578404122e-01
5.393021520488590070e-01
1.984524034934021797e-01
4.127125866117398179e-01
3.020130587932981503e-01
2.151195936870625158e-01
3.002007118754395076e-01
3.945091116648453688e-01
2.213975175493560765e-01
4.129383622150769595e-01
1.942358095726140765e-01
4.411139607767675663e-01
3.632472558160400600e-01
4.844637701106486727e-01
4.045212683701212009e-01
1.874524111505578849e-01
2.648295248507243627e-01
2.217500937472379197e-01
4.532471440850773803e-01
4.187156056929856596e-01
3.173480051410892400e-01
1.023667438605141838e-01
-9.489813128954936727e-03
-4.293881421915550500e-02
5.283673720508801352e-01
3.963922816280566752e-01
2.774228503527637058e-01
3.108113219447030118e-01
3.845727539991438682e-01
4.536571952858431400e-01
3.045286858956295362e-01
3.253557472608774592e-01
3.784559161556175222e-01
2.750010247154267562e-01
4.597382406252634168e-01
9.088910592527427168e-02
4.565361499633284192e-01
1.483642715494122924e-02
3.054165800879579673e-01
1.941726803439194349e-01
-1.658240108462631516e-03
2.432276135878556345e-01
3.604973413371228008e-01
2.396075061086190006e-01
1.510906889224082061e-01
-1.224803975952757740e-04
3.981875062272229315e-01
2.382602259024443336e-01
3.327973467438623545e-01
4.306750913437204509e-01
4.233916188213842635e-01
3.082260976427344534e-01
4.150541380625052401e-01
1.196243962735469013e-01
2.582624841312295416e-01
3.217825438490740791e-02
2.815134793060907192e-01
3.922040722345194186e-01
5.298726456620742736e-02
4.279144252178317953e-01
2.700109629142079526e-01
3.867461165464729511e-01
3.819523526469515429e-01
3.514893446100139651e-01
3.191943506060623825e-01
1.623512933300456096e-01
3.900371227639451432e-01
4.020972456012196217e-01
4.398603800944252962e-01
2.155623393349279104e-01
4.717135349722144655e-01
4.042210610613455324e-01
4.174107943357149852e-01
2.201664775075831970e-01
2.055134021131516109e-01
4.128685357295129310e-01
3.735310372812905011e-01
3.010600632477536398e-01
3.092424954356849942e-01
4.058603562722823965e-01
4.168055792359707801e-01
4.152459388522692918e-01
4.397209389824978665e-01
3.941709206485978223e-01
2.932605136624156783e-01
3.823925546981509216e-01
1.045535708566942279e-01
3.528272020193325975e-01
1.838173927523256979e-01
1.012159106634634709e-01
5.239119518174298884e-01
4.024160637408092378e-01
8.453468885881039452e-02
-3.275972767066928637e-02
5.141019911593711772e-02
4.122494894520605802e-01
2.846317196149517059e-01
3.414732618292812272e-01
1.039798335696037052e-01
3.974547335283931115e-01
2.335943764557208702e-01
4.217424229893543264e-01
3.632931104289025548e-01
3.211180481638570838e-01
3.481705508966341234e-01
3.904020522701641127e-01
4.198802240995674895e-01
-2.605145236200909643e-03
4.304144814572681277e-01
2.199912147640214755e-01
4.131360626155543003e-01
3.248902624737321498e-01
4.979027692195368004e-01
3.014622511362023416e-01
4.630138466165350519e-01
2.650275422101585621e-01
3.954977932454969425e-01
2.233274047483796432e-01
8.312667203825157419e-03
1.752476654317282334e-01
3.405893574444371352e-01
4.174867442409481155e-01
4.305916191506062307e-01
1.341335019048550681e-01
1.685749278572533649e-01
3.913813161989931899e-01
4.074440403102007058e-01
2.397194616219250063e-01
4.683017664378612555e-01
4.060790528074763039e-01
3.822322668234462983e-01
3.378567708365975975e-01
4.126508827232842069e-01
