3.908116141948441147e-01
1.215154806000474375e-01
2.604608747768401567e-01
3.820403175745714086e-01
7.455356682943484192e-02
2.996873764513999783e-01
2.233521136134128046e-02
8.899805744803918062e-02
4.212417420240785471e-01
1.449692524977602426e-01
1.185322396625285990e-01
4.028062990941325139e-01
4.426709791020426721e-01
1.897914662642792016e-01
4.653593205536816213e-01
4.489046581245656475e-01
2.346328374799257210e-01
2.337970765839613718e-01
4.028444730848582678e-01
4.162654322126939643e-01
3.931008042665924962e-01
5.852014218102242760e-01
2.220269639570024434e-01
5.709271624503218234e-01
4.014278117704520588e-01
2.459304061937873098e-01
4.057042949595859871e-01
3.707307139635567239e-01
4.633398868271537685e-01
4.133004969723108046e-01
3.362899831715672749e-01
2.958731989996200573e-01
2.125045465305438197e-01
2.493964811372688384e-01
5.664827230667853764e-01
2.895807927809471716e-01
1.318181477197342133e-01
3.808366752509289577e-01
4.642692888674175289e-01
3.978740990653900078e-01
2.232966615137298994e-01
2.921439955928199494e-01
4.365405050941733589e-01
1.088262439825774808e-01
4.010995314993957561e-01
-1.354196984558398049e-02
3.028827261651733105e-01
4.685136617574651718e-01
4.288105669817912080e-01
4.264520708612107858e-01
4.891036023860517723e-02
3.683762042480998034e-01
1.354701779481023161e-01
4.275928239470744852e-01
4.235158406753649629e-01
4.313177368108856435e-01
1.812092372851507871e-01
2.565495706280483401e-01
4.066549733314291926e-01
1.887905994861470149e-01
3.068217015279672832e-01
1.020055676199032313e-01
1.871692285915536325e-01
1.378304814691488356e-01
1.611951565733713843e-01
2.416412428207223018e-01
8.535513390297390368e-02
4.116177645673809171e-01
2.518232203178718542e-01
3.014078642736877645e-01
2.812438404667957914e-01
2.161175106027862503e-01
4.182150931030793051e-01
1.029850102712204368e-01
1.940008499185706392e-01
4.409969991458987937e-01
3.708224345788920795e-01
4.495677395401826426e-01
4.002699670493818918e-01
4.316160797918894287e-01
3.062155447833682098e-01
4.111457901503619006e-01
8.605694078221827470e-02
5.643625181546405578e-01
1.558279300236668219e-01
3.935796204785783070e-01
4.090515607902622253e-01
3.954697637670475108e-01
5.153411052523722280e-02
7.102328717929537460e-02
5.211957575766595907e-01
1.826891785227550413e-01
5.128745712217529507e-01
4.335723260761584763e-01
4.888293623749656591e-01
3.459733173856469612e-01
3.839576130173333324e-02
3.484498813192914435e-01
1.559857439671182289e-01
4.099277317748843408e-01
1.513549297347010214e-01
1.469589183469100779e-01
3.276598208771389076e-01
3.620076349372425839e-01
4.171197335686919749e-01
4.145019003765512688e-01
3.310927595645180022e-01
1.696961936335500106e-03
3.517563117039665399e-01
2.735063544865879437e-01
3.352755903649647928e-01
4.235953721877659950e-01
3.773174747664840289e-01
1.429108908256428168e-01
4.771867909524847295e-01
1.343727174144036807e-01
2.248738450508167008e-01
2.060962704239099608e-01
5.117566752375090067e-01
4.648211156975539105e-01
3.508660423110875892e-01
3.990116203441232412e-01
3.488244919528371013e-01
1.606124061834607319e-01
4.172918200839323410e-01
3.034593969096915367e-01
3.571347593849463209e-01
1.545536917415116507e-01
2.712280130913332088e-01
2.354792090116015202e-01
2.675131026082488428e-01
1.131069589617374888e-01
2.216779956464140777e-01
1.828560894455197594e-01
4.157155316166998849e-01
4.102538460698357259e-01
4.207648007411231017e-01
3.516561149779329765e-01
4.778784779658228343e-01
3.526064039869209465e-01
3.003970434480615626e-01
1.176364300851653749e-01
4.392459518994310530e-01
3.044457945933906062e-01
1.652218702126133643e-01
4.319392808361171010e-01
4.048795791227233209e-01
4.030892377619536004e-01
4.580353915958942923e-01
4.631472954864007119e-01
4.709176838518954744e-01
3.046901604474078762e-01
3.413276190848775760e-01
4.769375323453895615e-02
3.966578990428067386e-01
4.461102749761758912e-01
3.785136277470564914e-01
3.098116930605855357e-01
9.458271551858019044e-02
3.345858210383746978e-01
4.738647133800027444e-01
4.394500761231444064e-01
2.044888566618006664e-01
9.058950373882181106e-02
4.401741398362734037e-01
2.051859697768043111e-01
4.292968835945197847e-01
1.002162223365752752e-01
3.477438562594643567e-01
3.170939088670053363e-01
3.413907447037503595e-01
3.538665654990043596e-01
2.691090157268414274e-01
1.198355383799601520e-01
4.197045070163569203e-01
3.236057288577274572e-03
7.680437250348404188e-02
3.450745800352881254e-01
2.116369196623445192e-01
3.908264447538108977e-01
4.416463374717596313e-01
3.939040967234998525e-01
4.135231146038969019e-01
1.782929243329512969e-01
1.463270663301131647e-01
4.001450439771304102e-01
4.566043750157338654e-01
3.832221881082100712e-01
3.112825777167249619e-01
4.943607879376378245e-01
2.136847888270592133e-01
2.716512721946441333e-01
4.172354455373193383e-01
2.954597491723121028e-01
3.357214022868073577e-01
8.294894813525610644e-02
7.752481967300822729e-02
2.079817840328496148e-01
1.271144297479009644e-01
4.929528656700352118e-01
2.977004937334178369e-01
8.600759202775683232e-02
4.004059842245218936e-01
1.990011359437788008e-01
9.010172421984881386e-02
4.321537549585233173e-01
4.365582464973160048e-01
2.774669283523765184e-01
4.408679285127981018e-01
3.116523580766741852e-01
4.456150388670425122e-01
1.869699525660694084e-01
1.098028032834914708e-01
3.205667693627692882e-01
4.029399122938776001e-01
1.377384442060481384e-01
4.098036011207710771e-01
4.218535715622502291e-01
3.279739546297262276e-01
4.200807985821267132e-01
4.223047742343993827e-01
7.372351559286757783e-02
4.000442503649764281e-01
3.926532462282711911e-01
4.348354507955808912e-01
2.914751237739742207e-01
1.430035586042963658e-01
4.452340788472773370e-01
1.662539688220461831e-01
4.160466552656060246e-01
4.261788061010726714e-01
3.013119963672025725e-01
2.094980655598418229e-01
4.509264331732583120e-01
1.238929591815658149e-01
3.983901125623331985e-01
4.865594660542394978e-01
2.933919997227599774e-01
3.749378831788473532e-01
4.071493883098181721e-01
1.296322537639629235e-01
-1.630375844454503773e-02
4.772071919230073678e-01
3.158019958596816057e-01
4.576864386218623681e-01
4.225355743778384521e-01
3.778937880971451890e-01
9.683205076592273086e-02
7.415851555881820822e-02
2.680428682817411201e-01
1.096152330389873336e-01
1.049901436261817533e-01
4.814784282568029261e-01
4.694232331998074992e-01
2.020397121052178169e-01
3.263797973990267831e-01
1.733844755239554239e-02
1.771079309247808320e-01
3.530900613642071195e-01
2.372759111274550803e-01
4.002136083942835487e-01
3.512971508060805936e-01
4.248633324088026408e-01
2.062658847505697002e-01
1.098192279989213677e-01
3.881084310383428049e-01
3.952126785604572756e-01
2.614875576576587424e-01
2.126444072946364339e-01
3.155767828076649351e-01
2.002847170413775690e-01
4.804867998997256473e-01
5.687810860485829068e-01
4.452809486084364776e-01
4.466835731927491504e-01
4.577931904317236178e-01
3.925352548438494349e-01
1.505428635175736773e-01
4.574671999495130703e-01
4.075746687474061103e-01
2.870998657137004972e-01
3.655711330810355597e-01
3.392021085436854877e-01
2.644332073209841316e-01
3.608321994504814501e-01
4.245828924015891959e-01
3.156131647085483882e-01
9.756770350096588551e-02
4.293984812841216692e-01
1.877381472228652481e-01
4.594685554806672845e-01
3.878279861350490965e-01
3.063854240792515116e-01
3.495192791185379733e-01
3.159147475254243664e-01
2.582707433206780090e-01
3.391233954235433057e-01
4.492533683691961599e-01
4.190870967143241477e-01
2.552260299382251296e-01
1.596009248641632738e-01
5.513240251721329699e-01
2.352824548823599371e-01
4.388077085707707825e-01
3.559570532579922064e-01
3.328484506186111247e-01
4.592219906227495985e-01
2.814211698541227435e-01
3.123468540293317108e-01
2.235539815921351592e-01
3.360310085759131149e-01
4.597400930862645119e-01
2.639963730883644333e-01
1.386764768324907082e-01
5.807349438625496463e-01
4.141289282701958174e-01
9.597385179812067957e-02
1.513826417147949577e-01
4.332218891334013167e-01
1.574450962796960229e-01
2.876612705007948190e-01
4.174826478814803732e-01
4.587653708942356912e-01
5.034297975212678189e-01
2.501300788463642344e-01
4.384153891469559361e-01
2.806958677646321787e-01
2.481808335419079248e-01
3.671715890152257300e-01
3.886698853256381758e-01
2.764040367746992688e-01
4.984478479026139275e-01
4.155377037005252849e-01
4.048520693341461918e-01
3.859842164232011874e-01
2.740560876407872604e-01
1.126531053525870185e-01
4.461590034221669665e-01
4.453365216086260792e-01
4.450015186874706763e-01
2.351422618486866956e-01
4.761360971133071218e-01
1.975411378620761660e-01
3.146991935364787385e-01
4.193021258157233477e-01
4.099064804631047942e-01
4.311559773736252654e-01
1.997651454296345622e-02
9.986017639451125194e-02
3.601372953804918842e-01
3.420360743094610217e-02
3.815492807463212177e-01
1.958004266144125205e-01
1.244961405408636229e-01
3.086549567622897672e-01
4.481278230894304992e-01
4.009930824166648700e-01
3.898312896422612694e-01
4.106850614487498330e-01
4.175488880297651417e-01
7.428609487907335274e-02
-1.708598183899840903e-02
2.353924520880489313e-01
4.311463818032260642e-01
2.201922642493477911e-01
4.073624052259716688e-01
2.381415219308874731e-01
1.777148132643213696e-01
3.029105551117942108e-01
3.879739886583655761e-01
3.910104969572057998e-01
4.266496898539812177e-01
7.648414089042614161e-02
4.273549444865389346e-01
5.189009563895018440e-01
4.456424468752399060e-01
3.353038361837731296e-01
4.042218757193058454e-01
1.079572372081040593e-01
2.846748755747767201e-01
3.587394626272473741e-01
3.371796707399963844e-01
1.331561202362103492e-02
1.011296383014447936e-01
4.108461217423496903e-01
4.164582189402420975e-01
3.569120913818228935e-01
3.413652445901405041e-01
3.162182762022557325e-01
3.506299144854940764e-01
3.758576165809383030e-01
4.569636346950728956e-01
2.504440472110209259e-01
4.227529492203223604e-01
1.634960777778373398e-01
4.041557065226922818e-01
3.557267668710401010e-01
5.818339034681362376e-01
2.985857647055381037e-01
3.073318681715362932e-01
4.026489296151850583e-01
3.150389498876661754e-01
3.912681635525777080e-01
2.554525166764701760e-01
3.751019738971589357e-01
4.151212585924036191e-01
3.745450085893246572e-01
3.046515838163211809e-01
2.889018466961288389e-01
2.187772524990584111e-01
3.260114525656529483e-01
1.455314754489062667e-01
2.544383111241905748e-01
4.304226648819495793e-01
4.476941409574147768e-01
1.887089849146270093e-01
1.160567284768986365e-02
1.938091991646212209e-01
3.399699129247976126e-01
5.996754084726164252e-02
4.925545543983345653e-01
3.794225405628767755e-01
4.190202012174016333e-01
3.806312006218995347e-01
3.795662519903429954e-01
4.546151513905088981e-01
3.989215056431046902e-01
3.668392490015728868e-01
2.188527160326601273e-01
4.014785922134599394e-01
1.276364727261602439e-01
3.680274159566309655e-01
2.299032501968392150e-01
1.262469026736421085e-01
5.940784784962586419e-03
4.496279968443901431e-01
1.203471171329411754e-01
5.630816509532782232e-01
3.921973193366026234e-01
5.402449855931626965e-01
3.856243688822963978e-01
4.130582451643101394e-02
1.429917698389055192e-01
4.042094692179614146e-01
5.360111112268876044e-01
2.181722641127243623e-01
3.688945151684545065e-01
4.914627817821174416e-01
2.609835731659755353e-01
2.761281934399659743e-01
3.724946964050497300e-01
2.968882631501054137e-01
5.093273424621325152e-01
3.935047261972882127e-01
1.514481413931826337e-01
4.809681901429102013e-01
3.473422590125591070e-01
4.042703158359618465e-01
4.060193110854127818e-01
2.852317294552934590e-01
3.776329397549885725e-01
4.073634775505273753e-01
1.857510599483105929e-01
4.606069585310030301e-01
4.270988447198262872e-01
4.181307759626948783e-01
3.783879441226804530e-01
3.830754264435041190e-01
4.114686585930713014e-01
3.876442680268918917e-01
4.323680732362061852e-01
1.883195706349962695e-01
3.777971449917869595e-01
2.008821304706623623e-01
3.700135388693482907e-01
4.159225860199566860e-01
4.393668859940423332e-01
9.615608987931222040e-02
1.113508296669711573e-01
2.040946549025968448e-01
3.274173793486224726e-01
3.077177160560789493e-01
4.004575860887195637e-01
3.314401856668843793e-01
2.077043038306143063e-01
3.477129854570291667e-01
4.067577031358547424e-01
3.264566737214753545e-01
4.313394573995080195e-01
2.475569579036876744e-01
4.418778231675687951e-02
4.169127865472626593e-01
2.723271076088256137e-01
4.066407732050308366e-01
4.735868399146448970e-01
3.880628865797154936e-01
1.569739051784626860e-01
2.408339401836577520e-01
4.872503357541161373e-01
2.028116003981360327e-01
3.896335370445895285e-01
5.317335071880637809e-01
4.196618841483866214e-01
1.445826038966382954e-01
3.984289423788570650e-01
-7.390489412671910618e-02
3.786244391750376304e-01
4.034422730710878757e-01
5.258086219750270907e-01
4.763644721203265098e-01
3.595547692766973835e-01
3.572933526349991173e-01
4.029997857951853613e-01
3.611663081938649711e-01
2.231081144597268362e-01
1.294252462054059638e-01
4.060152257628716899e-01
3.754737403437567456e-01
2.495666762718194431e-01
4.440378420524500047e-01
3.955088805436637323e-01
2.996088380964268549e-01
4.246392382355960726e-01
3.023101947245553922e-01
4.696636474191693278e-01
1.791304790977362726e-01
3.298973431120830746e-01
3.467404488876644764e-01
3.231974674621394539e-01
4.177278757775564899e-01
3.590777969575722484e-01
1.871711872155487344e-01
5.591863570698364372e-01
1.511841078759478540e-01
4.379931705229331285e-01
4.330156899674816318e-01
3.641553982875753714e-01
3.059752940432955426e-01
2.291931828833801699e-01
2.745219459615114155e-01
4.488887595147403320e-01
1.974306216718823559e-01
1.802393810240823235e-01
3.085223461179570914e-01
4.119766360456464938e-01
3.503039542096090253e-01
4.225276258820238051e-01
4.095459549395641941e-01
3.487153208154648576e-01
2.467280919334591260e-01
2.175416861555856674e-01
-3.301741125709931751e-02
2.676786849972762061e-01
4.226277742073998311e-01
-2.588041308669302570e-02
4.548007613772623303e-01
1.125615213918300245e-01
4.256836267532762008e-01
4.251642971162951645e-01
5.668246704346237008e-01
4.075369844476881553e-01
3.737094104257897564e-01
1.436134338025431278e-01
5.634560002689145142e-01
1.548556081557188324e-01
2.447111965755794372e-01
3.918834071523919493e-01
3.185881431579883905e-01
3.957465043707220076e-01
3.606433322218756121e-01
4.324003679473992223e-01
4.418330574579912295e-01
2.142452893537757641e-01
4.545659952428647843e-01
4.482558855449250146e-01
5.420653861273382335e-01
4.182925379724720671e-01
3.292170638412139083e-01
1.316563224758360573e-01
1.833549365383024266e-01
4.178338403143129764e-01
4.155266774373926331e-01
1.302407725301507890e-01
1.977522833552906589e-01
2.136966133587310801e-01
3.137650765709494860e-01
3.290738203006015605e-01
1.805038738340979665e-01
4.217980442034865440e-01
2.113362363394292731e-01
1.447512205847120426e-01
4.337254810258373006e-01
3.124453334552231287e-01
1.650923021087163378e-01
4.152391229276925499e-01
3.845240749703693894e-01
1.795359699731937930e-01
3.302251862627558210e-01
2.561028852952826340e-01
9.785455722806331302e-02
3.921642229130172796e-01
5.702683598353995853e-01
1.623893897925856311e-01
1.914453771045590003e-01
-2.169117825479215458e-02
1.208471624946823864e-01
3.242986431249228474e-01
4.564766426722253190e-01
6.229063167677631289e-03
2.114676749897424490e-01
2.784163722221927872e-01
2.352740584366960486e-01
3.293468573515166420e-01
4.037757636635957437e-01
1.897902515384746747e-01
5.432658395260444584e-01
5.427623828981980036e-01
5.000339600021523889e-01
4.113938528768936176e-01
4.383291721692516435e-02
4.290599224394734956e-01
4.479524811787409244e-01
2.710818813820353723e-01
1.479940721104089918e-01
3.494324557452184732e-01
1.479919346057367337e-02
3.624602852724372326e-01
4.082820817007568603e-01
6.535156236290422249e-02
3.790012629820718182e-01
4.208580318179567792e-01
3.096407805258040158e-01
2.618362585665430786e-01
2.605162032634634750e-01
5.290849271099592466e-01
4.326449500587909447e-01
2.193106729149170708e-01
4.108679015818413327e-01
3.277533331051562526e-01
5.846500006908720293e-01
3.928595615931120277e-01
3.716864025191988219e-01
3.310702687975794478e-01
4.311163444339741191e-01
8.286310798198123773e-02
3.470564754731687573e-01
3.517778286280988653e-01
2.559918994548162074e-01
2.500714741352045856e-01
3.008330685204381738e-01
3.487952630592068837e-01
1.840021002602729074e-03
3.798923605593700348e-01
3.700685266842194121e-01
1.489174956632770552e-01
1.403676447065035915e-01
2.968922202617319539e-01
1.088044072987644773e-01
4.553533344032201780e-01
1.666974349405657141e-01
2.413064945787234683e-01
3.554493235968675391e-01
5.401135405063711703e-01
4.228253622469850259e-01
8.703824554666088342e-02
4.584755412009460795e-01
3.879045156863913379e-01
2.210211835863322427e-02
4.983391452329864468e-01
4.684269794576439438e-01
3.288812354741247890e-01
4.448969665453851308e-01
3.720228647212172612e-01
2.095731799780275462e-01
3.735673574002801312e-01
5.379028762589499468e-01
4.796864594057695941e-01
3.202597173338263548e-01
4.138040503599801911e-01
3.843192496528618496e-01
3.076963734614475698e-01
1.291374840427775283e-01
3.625901596095559842e-01
4.713256889890298229e-01
1.879837560173867050e-01
2.211341471864802233e-01
2.511484363161745614e-01
3.761532025708638205e-01
1.478082159089088299e-01
4.078382829807190579e-01
4.158419179530661314e-01
4.189283341553273754e-01
2.909066298153845653e-01
4.489362061005385818e-01
4.289723116478265097e-01
4.766833620414314687e-01
3.879802054354967722e-01
1.205443000996848785e-01
4.217160587590753629e-01
3.553030707925682874e-01
3.954353692183248392e-01
5.635482034178522781e-01
9.925476951779381440e-02
2.393780077675639328e-01
2.683563593200671837e-01
2.815059678061830328e-01
4.691870049708567192e-02
3.852956064718136009e-01
4.342877358429970691e-01
5.762055602046906033e-01
4.076181073313879799e-01
4.778711433886788651e-01
3.655270627159885599e-01
2.832464782730648722e-01
2.728016210998602253e-01
3.291330602989177012e-01
5.714997294912519399e-01
4.430606470079652692e-01
3.763232091648331945e-01
9.696215015676347415e-02
4.219255044411123201e-01
1.157597146494220158e-01
3.881024702681187821e-01
2.380991294276413872e-01
4.452213545986241083e-01
4.093013105898644088e-01
4.485151674940904831e-01
6.960783262419024953e-02
3.185807693499642657e-01
3.821715593495565999e-01
3.795982953210098043e-01
2.835576231761303134e-01
2.214182763486578776e-01
4.516916955759003871e-01
2.640934970261445969e-01
3.265325618863069157e-01
2.441754512736557803e-01
5.489456401363363991e-01
3.132646882501982644e-01
4.142429193910975305e-01
2.781962002241757936e-01
2.080448883662210369e-01
1.118228482316966782e-01
3.067996830045642276e-01
5.419289705440423210e-01
3.830065390095320765e-01
1.931860805101958400e-01
4.160552561018736051e-01
2.848207469827241933e-01
4.641614756039584289e-01
1.097183096352653958e-01
3.068820716702272966e-01
1.115130559745264455e-01
3.355170061231800283e-01
4.011197332243481850e-01
1.751569534867189748e-01
4.148700781415601835e-01
3.193090524132374819e-02
2.117953961118391459e-01
1.868757572933672229e-01
6.126556080184891034e-02
3.164647451301946246e-01
2.438756981593062645e-01
4.247402758219176455e-01
5.768153708566254867e-01
3.674863043433096998e-01
3.606451816124535692e-01
2.659634382784697992e-01
2.524456410734028378e-01
2.099582113841393649e-01
4.148927757056502519e-01
4.282331705800931920e-01
4.223232142003116585e-01
1.348549883711394615e-01
1.396279373324052220e-01
4.272402448447382706e-01
1.884106636003342328e-02
3.073643540165734156e-01
6.831637213085833826e-02
1.512224881659187115e-01
3.025740925363459288e-01
2.229799236532815088e-01
3.748242177095195693e-01
4.044920802633288348e-01
1.025400532132852011e-01
4.246173207249669956e-01
6.189778778370577661e-02
4.446822691949139927e-01
4.040843656546165286e-01
5.574976165313301202e-01
3.725240758738932456e-01
4.421332825254307708e-01
3.616759259163029872e-01
4.404468655296793211e-01
3.470335030647102581e-01
3.036064335847347695e-01
2.720468770542648906e-01
4.378088919380657140e-01
4.445597208875448070e-01
1.221635834540010790e-01
1.257010289999100638e-01
4.315867542629129305e-01
3.919355076699138074e-01
2.376178677273091122e-01
4.216163783827915346e-01
1.671129187157811002e-01
3.946486052229203900e-01
3.112769987577747588e-01
3.611579237809406373e-01
4.118186603863246420e-01
4.324274426902030566e-01
5.392182979796394243e-02
4.078075467997442360e-01
4.545616955715907070e-01
4.210986234579888188e-01
3.569272877360722407e-01
3.258196799905885288e-01
7.154917756379015892e-02
2.347544939797652219e-01
2.951279356739993642e-01
2.660776807591516135e-01
4.092188127167168399e-01
4.493832080188312483e-01
3.411371032672217418e-01
4.219602310934467693e-01
2.263053016558151387e-01
4.523900974388029850e-01
1.692949352094005877e-01
3.313127780413751000e-01
5.269257396899748036e-01
4.155313600817223119e-01
4.243884892207041015e-01
2.038150732861281622e-01
-1.848264094890824522e-02
4.435993629650787362e-01
3.536160943989039573e-01
3.848128246630452831e-01
3.115382535990674495e-01
4.040374756452611016e-01
3.009065386025249200e-01
4.237143951721438762e-01
3.396606642985021685e-01
2.386916515638552450e-01
1.469993282281067959e-01
1.810194315236055285e-01
1.641903867666174299e-01
4.171849414323992589e-01
2.804120875519017231e-01
4.247837916851320283e-01
4.095966285401432261e-01
4.028880538418818658e-01
6.729450599717717862e-02
1.643508611902774197e-01
3.072195321747069885e-01
1.457890015516707938e-01
-3.800643446692542754e-02
3.977936399947378798e-01
3.896940773463837826e-01
3.366411566839542235e-01
9.739414343154388642e-02
4.196592175273316516e-01
2.492389542368942112e-01
1.421524850929231643e-01
4.869039519774409075e-01
4.218517745348355219e-01
1.113662277563230579e-01
3.296116502746537225e-01
3.972246612412206890e-01
4.135639516473479937e-01
4.334327555085503159e-01
8.629359464599152540e-02
3.924595444316257287e-01
4.071309753553316035e-01
9.543994661326705986e-02
1.482804528056190507e-01
1.989313102621262375e-01
1.386807972498674824e-01
4.900879247774539427e-01
8.522446781159216667e-02
1.880704451841679337e-01
4.007475863149732032e-01
4.195945208890867750e-01
3.515643215230310759e-01
1.851895844377521583e-01
4.246583443173734262e-01
1.833335520365435845e-01
2.493993578100202682e-02
1.095203175445842725e-01
4.123205409534960730e-01
4.069784064830537229e-01
3.605665641318447356e-01
1.060512587565781012e-01
3.553138391816445529e-01
4.538538465144154044e-01
3.221117624585751460e-01
4.634934083604670407e-01
4.276000766186050517e-01
3.528793130136363421e-01
2.982097252464082082e-01
4.596249444158173603e-01
1.186022673023042900e-01
1.375864205828410680e-01
2.454296721184886787e-01
4.039334997469237742e-01
1.831981198262947266e-02
3.399007976986180846e-01
1.678561064768123445e-01
4.706639791812458617e-01
1.469435920650060956e-01
1.956113673806263165e-01
4.272746735000537144e-01
1.160292643064080170e-01
3.967661527045337477e-01
1.595622505811712388e-01
2.713586463416344241e-01
3.485956450964581843e-01
4.001826904359570003e-01
4.635864409800824482e-01
3.187203423241203870e-01
1.625201211356468445e-01
4.332028189008894081e-01
4.042938257344487196e-01
5.144747734725995114e-01
2.270943611659897166e-01
4.114100934239833807e-01
4.264384473934827446e-01
3.186553944090798063e-01
2.664789843242272305e-01
3.145278482379951779e-01
2.493209787669628807e-01
3.871519276587715996e-01
3.613719121955907276e-01
4.236658091066554666e-01
3.994868442439522549e-01
5.023366384015159891e-01
1.662465125067716654e-01
4.502594265535207474e-01
2.046673154669579053e-01
2.119326135994288318e-01
4.808019337804313453e-01
4.561542913261253385e-01
4.005592143788229698e-01
3.600902932384514865e-01
2.089203661872466866e-01
4.502594265535207474e-01
2.503074632782881781e-01
3.779856188535397066e-01
3.399094096547966570e-01
2.434601921442688388e-01
2.568059450939065846e-01
3.898487310152667917e-01
3.822699761014718423e-01
3.288492910401294433e-01
2.708819752559203375e-01
4.065907438954168285e-01
1.630490124594548562e-01
4.372144760975985589e-01
4.038888921822937905e-01
2.599253438443955289e-01
2.492796857241747766e-01
5.881120756197867339e-01
4.022561631750956601e-01
3.871013863353432449e-01
4.577095813221114529e-02
4.038352140066470142e-01
4.187195687794897370e-01
6.830235432121040118e-02
3.239168842972197648e-01
1.985791816821559641e-01
3.048829066785635478e-01
5.324405803202525433e-01
1.396432994065228417e-01
1.146910202467870676e-01
2.645109540876631748e-01
4.713256889890298229e-01
3.527517978403306720e-01
2.793039039386150946e-01
1.475241322221882700e-01
2.692661572476125476e-01
3.824884849259286290e-01
1.576953104600607447e-01
4.176664020048718728e-01
3.130242022493210929e-01
1.340820091910901735e-01
1.086839944292370963e-01
3.796156588131458509e-01
3.322913476396394117e-01
3.409283092617623745e-01
4.114108890785136419e-01
3.801460619106432071e-01
3.974775138279407205e-01
3.913861104158631310e-01
4.019913106898977406e-01
1.988960086367423385e-01
1.636715786866579092e-01
5.311150588547830509e-01
3.387291725033147460e-01
2.513736204066319146e-01
3.806674313666787435e-01
2.489298355071342395e-01
2.468679662240106654e-01
4.088911602227278119e-01
4.149473128114404830e-01
4.062238616830285420e-01
1.165299225910070291e-01
3.014375372583921187e-01
3.062670328759387606e-01
4.092793911083555947e-01
3.605958002451186695e-01
3.349748868923973499e-01
1.861600330156119032e-01
8.555547775629604446e-02
3.875526880078944414e-01
3.598947232137668650e-01
3.338675700512809263e-01
2.454092662518857770e-01
4.301227646984781550e-01
2.491426635248362165e-01
3.432333522189258135e-01
3.476409932650595391e-01
4.188575796550979558e-01
4.084692047007792426e-01
4.220141995070701424e-01
1.250550528445024401e-01
4.486992317509710393e-01
2.579551781699896962e-01
1.941999287730949431e-01
1.594450769251329891e-01
4.568486534041822367e-01
3.489561891255223425e-01
2.876396443484319221e-01
4.912057645397596151e-01
4.249461707669875410e-01
3.013602266577759536e-01
4.175134472965761900e-01
3.563419067403408858e-01
2.400593129902627854e-01
3.629050383131985913e-01
2.647398121469375365e-01
2.751287340929996494e-01
5.066901673880113144e-01
-2.034084571602137390e-02
4.030459622215927240e-01
4.436072105596297610e-02
4.419840493360195355e-01
1.759251941168783751e-01
1.394417291369673129e-01
3.689377873064545454e-01
3.515097608496681736e-01
5.249697821499629269e-01
3.477636144327413414e-01
3.252951987643726839e-01
3.152642382895278206e-01
2.476648551473704940e-01
4.167050599702787350e-01
4.066951918298286062e-01
4.415443961022206265e-01
4.123282835027493598e-01
2.021847427981000034e-01
3.771156020965492073e-01
2.699751868410151801e-01
2.956302225535918926e-01
3.877789208553347744e-01
1.321777258932416987e-01
2.316227783303493326e-01
1.929779976240847961e-01
2.388057166238668760e-01
1.817281402733435802e-01
3.299493944613415830e-01
3.680410829911746617e-01
1.979101423592771192e-01
2.617102160423703458e-02
4.407328278174904024e-01
4.007866636325021492e-01
3.200689298044636644e-01
3.646464827696234146e-01
2.592078872670658951e-01
2.200716246664102260e-01
3.174671390963704209e-01
4.418742285966799632e-01
3.815162079525468708e-01
3.998970477211117314e-01
1.438554449479728103e-01
4.387787693342262707e-01
3.029304834860976348e-01
4.288730757360467161e-01
3.406248495449763491e-01
2.976488571817364481e-01
4.097937232374064820e-01
2.592771314510197156e-01
1.096601734385292543e-01
4.030514635901188414e-01
1.405733637868609998e-01
4.326571433731841720e-01
3.682060277020572370e-01
1.771894418643314151e-01
3.702244564458787024e-01
5.548654497946047259e-01
4.251174408815949213e-01
3.189476458364282063e-01
3.219137022376927781e-01
5.660784750281014910e-01
1.379566227525501343e-01
1.723602003450504794e-01
3.169849373901253986e-01
4.158621234123170418e-01
3.827754487525930061e-01
5.618612514216047016e-01
2.399331319573287380e-01
4.058972752067799838e-01
1.806584959481588037e-01
3.807567386916190788e-01
2.736821685993207631e-01
1.257551012010986735e-01
1.760728651247573384e-01
3.296723341602246782e-01
1.607015094497350194e-01
4.015463737141899414e-01
3.204753429064239323e-01
4.008190267643418903e-01
1.824411137838514163e-01
5.280449152601200680e-02
1.077003077632528033e-01
-6.950495521643060282e-02
2.603077361750902319e-01
-2.976084350784919882e-02
2.196946867609977927e-01
4.386496431845547939e-01
4.568876609733139027e-01
2.037849667908621099e-01
1.503593884707555561e-01
2.311884198079611485e-01
4.132117087563518809e-01
1.662089921842493934e-01
3.265019954084520393e-01
1.282632295831216684e-01
2.504508335101630623e-01
3.207707147550775129e-01
4.441823455661167985e-01
4.212829699241042447e-01
2.213849291721159129e-01
3.669053689676847751e-01
4.136843071746475475e-01
3.427528175450160752e-01
1.658651085463416219e-01
2.234804126756152198e-01
1.268957031930965096e-01
1.714022622480018410e-01
2.325480202946774710e-01
4.062009115973765350e-01
3.181990403136646384e-01
3.684895284647844993e-01
2.043726165803833039e-01
1.577594909352707242e-01
1.545613664302630530e-01
1.408193528989369059e-01
2.755696941652990284e-01
3.265441054327639647e-01
3.652952522373486000e-01
3.039501438111567033e-01
5.613650263872483892e-01
3.344427616401698389e-01
1.611329640156534959e-01
1.238907386847030306e-01
4.653201951466866548e-01
1.829239332675422214e-01
2.283981484126473560e-01
3.999442742322527056e-01
2.266537624907991599e-01
2.050262589238267541e-01
4.052827750643016591e-01
1.207349994373650842e-01
4.743993123975146498e-01
2.270543591116796212e-01
5.314233126017241515e-01
1.517118984374799251e-01
3.564873124397752724e-01
4.232831677397441150e-01
4.167990396494818395e-01
4.223052334701284383e-01
5.879137563215740547e-01
3.886548396503326508e-01
3.106431785167237392e-01
2.691216845419082127e-01
2.651630280776087201e-01
3.532437679112641615e-01
1.575540121570207508e-01
4.296684117721281670e-01
8.147797828005949594e-02
4.182517267371727576e-01
3.436911231071856365e-01
2.470377619545923165e-01
4.286596502046546853e-01
3.723323086928155834e-01
2.821345836799140083e-01
3.948100612276829180e-01
4.117069406109834517e-01
4.594532363094899763e-01
1.762505610127343691e-01
4.126432087399002913e-01
1.406308406154019586e-01
2.671782732904807167e-01
1.518367165344518821e-01
3.925441633863120394e-01
2.616185478031644585e-01
2.310002664579353104e-01
4.306387942114126011e-01
3.925570583338981456e-01
3.963026792935361309e-01
1.614950466327447209e-01
4.998165431903027756e-01
3.902002656343171449e-01
1.177882385557280226e-01
2.298804782372248778e-01
1.926918572932204698e-01
1.122547788713998233e-02
4.194715338431380114e-01
3.212257403115687526e-01
1.203399547484495236e-01
-1.070396438339301232e-01
4.467604287068567270e-01
4.222702041114096971e-01
1.537718194696597318e-01
4.818660342905639049e-01
2.001905598170277134e-01
4.815903297680036443e-01
7.457266926767789836e-03
2.752027923685897992e-01
4.134603383908855845e-01
1.518945538732057454e-01
1.459606948297212381e-01
4.292277477052219847e-01
3.018607974197542454e-01
3.340539941358499632e-01
2.769443982296935225e-01
5.609479213456002311e-01
2.292870116139400782e-01
3.949131382803752199e-01
4.535315346481488818e-01
2.426127380809548206e-01
4.078232268701238450e-01
3.612747937970199885e-01
4.144689582209855616e-01
1.816176529461651368e-01
4.017243767274711330e-01
4.251346171609003410e-01
9.017026942611090778e-02
1.349167088616637644e-01
1.489481237985490758e-01
4.117872540025024897e-01
4.752794555969259704e-01
4.302377205961391282e-01
1.903186180948017447e-01
8.822869052752448094e-02
4.603979903412654950e-01
3.885544652131834309e-01
4.389519263483652733e-01
2.712612238881826343e-01
4.331338198528849603e-01
2.358711686979957645e-01
3.320741857351535153e-01
1.694732645848097130e-01
4.970876746782406652e-01
4.228214173340669180e-01
2.848192457117493248e-01
4.652575697163496837e-01
2.369259653953577627e-01
1.814723144381708564e-01
4.308792726607083567e-01
5.145025895358905643e-01
1.795834760588145840e-01
3.949270883747439953e-01
3.036280154234223261e-01
1.743135543995843750e-01
2.899368826217644801e-01
9.434553351608432337e-02
-9.986148117655427314e-03
8.567238665057182179e-02
5.807916587697232735e-01
2.860664248936621301e-01
3.235946837130480591e-01
2.554297078977100788e-01
3.228288682193083403e-01
3.869208535008081817e-01
2.156932129703209300e-01
4.565361499633284192e-01
3.231167411401925094e-01
3.445394035292618229e-01
2.766488623830982152e-01
3.043728849880140142e-01
3.916243138890304620e-01
2.727175099475294129e-01
9.325632453726839799e-02
2.767671842736818544e-01
2.951129539174361938e-01
4.478237684574037925e-01
3.905835380976722115e-01
4.830988762973240092e-01
1.542571445016642506e-01
3.435200516572575191e-01
3.944659538793633402e-01
4.836910806032446719e-01
3.456093653528021781e-01
5.626242617103234256e-01
5.719568058829782586e-01
4.357029977912848517e-01
5.135525111205909710e-01
3.770655589077924752e-01
2.086927754036549398e-01
2.233143256583860758e-01
1.098225374742737709e-01
4.083876107353257567e-01
4.215577676552621500e-01
3.769129374648904074e-01
3.014391323017511226e-01
4.888747880829011905e-01
3.651704333312786876e-01
1.876056461387008434e-01
1.461318452548757418e-01
2.709677873604643406e-01
4.052887200674876178e-01
4.094653226389545764e-01
1.574313930639492376e-01
1.959286684251513033e-01
4.270868028519826942e-01
1.180941836556159835e-01
4.105396851257968605e-01
2.389411242785099143e-01
2.468286312813785799e-01
4.547878573013910963e-01
4.279963189644691024e-01
4.215583858061378031e-01
4.552293342835849743e-01
3.715127143425927536e-01
7.282536722436405707e-02
2.986608365734672033e-01
4.566994139909401063e-01
4.196184133457072640e-01
4.239382599556930087e-01
4.232465729423549039e-01
2.484830392190248705e-01
4.090453411086766855e-01
2.531862513801285131e-01
1.277676328237391801e-01
1.767869500039860875e-01
1.868135359141261664e-01
4.157083192755929302e-01
2.793586675088622351e-01
3.168772109076137822e-01
4.264219638680382674e-01
3.841509301319629976e-01
2.877997226874994263e-01
3.110870703452704444e-01
-3.340889809832110063e-02
1.085631376812831450e-01
4.242377289521662154e-01
4.010059063295953741e-01
1.743567251047018485e-01
5.143523518824255625e-01
2.176623812810266345e-01
3.087679520080241491e-01
4.543824918153782089e-01
3.427673850641469455e-01
3.931702678405822327e-01
3.153135682895124581e-01
3.798743774018928376e-01
4.363105269113227158e-01
1.298654405546147139e-01
3.146187481167621591e-01
4.018325773621596597e-01
4.322808442558330189e-01
3.868240891137336712e-01
4.491504426385768411e-01
4.956364392368469707e-01
3.441903491897721490e-01
9.038667515071346914e-02
2.411704370731598546e-01
1.968880484593210911e-01
3.613144388523950590e-01
5.636679902114927199e-01
1.664088266118335380e-01
2.478038127921209088e-01
3.576878739671687235e-01
1.576812241052895358e-01
2.550209949606038196e-01
5.594319992240910366e-01
3.064672525171576178e-01
3.122698972820227292e-02
4.411823124633837967e-01
2.720521666465747779e-01
4.598680529730273525e-01
3.864436558790079190e-01
4.279630776501026634e-01
1.166764857777485981e-01
4.167008534075135606e-01
4.178797228099375149e-01
2.563164186234242470e-01
2.962314577209966826e-01
1.130645581029985219e-01
4.128141718951723327e-01
4.728111017259588600e-01
3.486481377983052243e-01
4.410229955892693288e-01
3.947577857582770799e-01
4.815062947123774917e-01
4.269020728319208313e-01
4.294290148586576983e-01
4.054563594144435651e-02
1.987831616219116471e-01
4.144601101119200770e-01
2.294622642334037121e-01
3.871559433573920628e-01
2.237313473836858302e-01
2.072810022600312108e-01
4.012796328979793548e-01
3.434796404068180542e-01
5.416349152015730306e-01
1.262349314203455308e-01
3.396061733320443476e-01
4.765611390329524411e-01
3.512187098748056346e-01
4.388275128833801220e-01
3.513603037683167285e-01
2.448073141251048135e-01
3.305609715609357790e-01
3.758368114763352974e-01
4.034560427988398978e-01
4.411380451763300958e-01
2.284847508607193434e-01
2.737357726283965453e-01
3.370545297506822302e-01
2.423990437630564043e-01
4.068145081226062776e-01
3.083951218672493777e-01
3.479100730383792861e-01
4.671905401181701278e-01
1.703866102359506973e-01
3.782544595487720707e-01
3.276797688357632743e-01
2.363418194566115627e-01
2.146609007590148666e-01
1.841330258828060007e-01
1.161613690155344908e-01
4.105158725001795683e-01
5.341017255340002601e-01
3.981682976389522288e-01
5.503315192134198286e-01
2.493931332349477448e-01
1.191812862981856819e-01
2.897401218745161433e-01
2.385257071397763884e-01
3.888252941111667860e-01
4.084527882682308375e-01
1.700738311208844222e-01
3.925163901637229724e-01
4.144202670349948492e-01
2.179949248917447124e-01
3.216130499250144936e-01
2.585273864693121704e-01
4.318821823335047272e-01
2.101683717227351700e-01
2.958242280731807061e-01
1.885670780246647138e-01
1.246253469520198776e-01
4.208072237826323558e-01
2.659236153045180795e-01
-8.096175009466593034e-03
3.717180678143824912e-01
4.226008806195646894e-01
3.095544214710087561e-01
3.274014814441646437e-01
2.464242332276261882e-01
4.079813137493021880e-01
4.608071410781902633e-01
1.743732071364269276e-01
1.820031599048158033e-01
2.907481344065453600e-03
4.394405385588483481e-01
4.251947967087149616e-01
1.480976312610355339e-01
4.283265189138992790e-01
1.352110945598856973e-01
1.836611425411777687e-01
4.018573859666747516e-01
4.108927559937511909e-01
2.505099671639568482e-01
4.310789865949281041e-01
1.255252247000838151e-01
3.665302806758709009e-01
3.933219092168472875e-01
5.608417348255450019e-01
4.338937249479379865e-01
3.550186428865119148e-01
3.598892668409441747e-02
1.992308357787629658e-02
3.710308190355383062e-01
3.222688824448916578e-01
3.107123859904488694e-01
3.764229333568858138e-01
4.616058299334191983e-01
1.672799945493160800e-01
3.094152208064114840e-01
9.003770775814014249e-02
7.165185500505251437e-02
3.752417337522080953e-01
3.680194266324862129e-01
-1.383754772896985188e-02
4.500857241658343111e-01
2.249876426520724948e-01
3.506757708410291885e-01
2.847152314746142499e-01
3.649051036027345374e-01
3.856720080749120316e-01
3.077547375593082113e-01
4.099093968879821692e-01
8.919716465729930766e-02
1.718678173229430395e-01
4.114533271816934734e-01
2.370038426705822765e-01
2.596088890178396280e-01
8.184590171340901110e-02
4.231558337214071375e-01
3.376131027984903277e-01
4.320086111578892996e-01
1.469435920650060956e-01
3.356647298261598023e-01
3.226372087519958076e-01
2.154664237538987392e-01
1.704006916946416705e-01
4.195085061366117252e-01
2.284902220229199366e-01
3.902845639787325127e-01
4.511741658707884572e-01
2.377656042928725511e-01
2.323117414374563927e-01
2.737317584234954526e-01
2.983997281789134148e-01
4.154828448226824400e-01
3.881185803637148823e-01
2.874208129220783281e-01
4.071726551469660449e-01
2.730121664913084389e-01
2.797641422853440751e-01
4.169223406254564668e-01
1.664258305325178044e-01
1.518774334164761652e-01
6.723697473086276410e-02
3.119092609665140015e-01
3.592124276291774887e-01
1.367254129091132753e-01
3.625731624935933928e-01
3.948279774374867657e-01
2.982649269328519481e-01
4.478458268755622917e-01
3.365908190665081734e-01
5.453204051592767110e-01
4.345970885317435584e-01
3.248851192451767123e-01
1.085720830636375950e-01
5.577762180811617343e-01
2.989833147197467622e-01
4.701625942592136953e-01
2.472321766962431722e-01
3.940653777141401304e-01
3.435482529964216658e-01
3.833239113117332675e-01
2.229823817085796467e-01
3.047254857492814328e-01
1.605382269995841438e-01
3.929362307034869883e-01
4.068205023355478400e-01
2.474095132150429532e-01
2.478786521999694070e-01
3.269034497562020025e-01
4.484405419578145757e-01
3.538340035365164504e-01
4.511222566323333516e-01
2.784667474108307728e-01
2.972800246697268056e-01
4.213384678234021186e-01
4.072658736101693044e-01
3.131088960144536859e-01
2.862626443621250558e-02
4.103443660459703546e-01
3.455439392815868316e-01
2.542863923102942625e-01
3.197871148907868166e-01
3.924512343727334374e-01
4.273121091784770620e-01
4.275438234366927270e-01
3.518506894386418948e-01
3.635621351005735025e-01
1.954326376313679781e-01
1.616488744200258731e-01
2.642560026592264966e-01
4.603993840644440283e-01
3.926946210107039037e-01
2.075744504314996353e-01
3.615625938575914855e-01
4.121671481704960449e-01
2.258461020249554752e-01
4.154603240153871835e-01
2.830669302975165613e-01
3.947901718975447283e-01
2.325935238004981087e-01
4.010869519755548840e-01
2.418154014566990251e-01
4.520739913127410081e-01
4.335960488296589643e-01
3.414358911276515474e-01
4.443606033622851115e-01
4.289440547920916336e-01
4.904411090850977484e-01
7.880127749770546308e-02
3.923400553445587913e-01
2.910757890555358274e-01
3.630891925044343327e-01
3.837457069642145058e-01
3.638810352287609740e-01
4.129871778776837976e-01
3.716648119049097976e-01
4.265205232079172792e-01
2.953493727693581872e-01
2.462170194943006929e-01
4.365969159879583006e-01
3.658762589588206438e-01
2.547336657535789195e-01
4.774683060227394304e-01
3.805491902821650507e-01
2.925155975435695388e-01
6.551324470764706420e-02
3.817306736935275890e-01
3.417631965808348160e-01
3.965133233741948149e-01
4.205334898286358092e-01
3.879067289636103921e-01
4.008464910359697542e-01
3.177718296794289077e-01
3.857552675789814312e-01
1.531119462728544323e-01
4.953371219773688439e-01
3.495710594614570565e-01
1.766701118954127070e-01
2.172722946098347707e-01
1.217046084826874097e-01
3.211607280421176491e-01
3.513895646524372585e-01
3.559705653606410891e-01
4.570364363377311112e-01
4.193143120764416532e-01
4.247199730219529124e-01
1.633323828951650514e-01
1.043151913320994745e-01
3.692894206354614406e-01
2.213344983579901004e-01
1.865432362699684377e-01
3.624320374620030871e-01
2.210892525372812611e-01
4.588536860575611054e-01
4.079922403066653658e-01
2.502080564756740122e-01
4.596662247619905939e-01
3.641780324723217221e-01
2.456778293642641886e-01
3.251452361419909232e-01
5.602106674678439813e-01
3.228239757074038985e-01
1.823374075848490095e-01
4.711606290128007024e-01
3.674047841717434371e-01
4.236819523130315179e-01
4.074043776828766839e-01
2.951571432821282204e-01
2.802842047576564743e-01
4.908812217620867613e-01
1.340218765865194006e-01
1.600205718220431561e-01
2.009634317915913737e-01
2.661508305421589893e-01
3.973763673660722362e-01
1.287177579644485370e-01
1.826660719907426955e-01
4.337842992973779954e-01
1.625181021819851190e-01
2.068142634954550918e-01
3.260218666942797383e-01
4.713256889890298229e-01
4.790482238961603634e-01
1.898944076789521318e-01
4.225087808692026825e-01
3.459672488186733563e-01
2.531940634495718490e-01
3.089223000038301414e-01
4.557267367837453120e-01
3.994282340973137058e-01
4.166460233667533819e-01
3.792699957975702030e-01
2.693573929020515179e-01
3.373404262318555613e-01
6.839656843137383035e-02
2.182482626727548225e-01
3.021669936304691162e-01
3.803411980098440615e-01
3.927319031887134271e-01
4.282115635141447441e-01
2.462381557067025717e-01
2.279926059468189437e-01
2.941756123851663185e-01
4.406092255251203293e-01
4.001551049241050539e-01
1.809694791146076731e-01
3.423471836874188434e-01
-4.036395850811835828e-02
2.549371563083318026e-01
2.248635656058885490e-01
4.619299515237152987e-01
7.940981653802216267e-02
4.262101810130570212e-01
5.429869668868890775e-01
3.221731031657571465e-01
3.407831063762278845e-01
2.393736229283517924e-01
3.836048065714240951e-01
3.975847286078295628e-01
3.640485739493390938e-01
3.430068752313489844e-01
1.184785988713588506e-01
4.180750356659332367e-01
3.348748281072005395e-01
5.915854709500779629e-01
2.184868830803478601e-01
4.365567477158734389e-01
2.758060319440449899e-03
1.531158390974952377e-01
4.331346245527159522e-01
4.446822691949139927e-01
1.049603008813056737e-01
2.999982514891616492e-01
3.728386549208286826e-01
1.944008254841210481e-01
4.615657052281499917e-01
7.619288419720936234e-02
3.725669617194612426e-01
3.092545547302548714e-01
2.570200658894379875e-01
2.601557196470503097e-01
3.846482820946171555e-01
4.164260282915001055e-01
5.094080141388449556e-01
1.071821925201386222e-01
4.116009320509970704e-01
3.550390836065673295e-01
5.830347355662008901e-01
2.274364325332837999e-01
3.481419567922539038e-01
4.039035461919266989e-01
4.937390432768472559e-01
3.678540050101950509e-01
4.299949564242337430e-01
3.130242022493210929e-01
4.459732116165696092e-01
4.193817292756084614e-01
4.098405542033536908e-01
1.661561277796670399e-01
3.997548150965911096e-01
3.043862198359614801e-01
2.161019561708044934e-01
2.073921459368468778e-01
3.764192154063311091e-01
1.610691013448040387e-01
1.813942002995054259e-01
3.647226539942799994e-01
3.788103048160144648e-01
4.102717022404184233e-01
3.581911490251244445e-01
4.636812827428365980e-01
2.259683917529007324e-01
2.436169209005809022e-01
3.662038052327639126e-01
2.270173734006639965e-01
4.662920908896854288e-01
3.921172785903650482e-01
3.974068517723448601e-01
1.943646715829061566e-01
1.531588486468870580e-01
3.005958088704664966e-01
2.391378241359468915e-01
5.675759930329640213e-01
3.040044392663428519e-01
-1.155476019495608846e-02
4.262860082673310402e-01
4.453068633951468569e-01
3.299731389567576723e-01
3.000550025360462225e-01
2.587983343876866793e-01
3.759854890021322449e-01
7.915792698538885730e-02
4.275585632522063695e-01
3.051615201988964743e-01
3.357903291383744770e-01
3.538705928154423641e-01
4.870960035875864791e-01
2.656547566016685957e-01
1.266176783615801868e-02
4.469371336364928449e-01
3.317938646031084460e-01
3.166268650517353178e-01
2.769657194973313419e-01
3.172576657390324684e-01
3.533148750952392336e-01
1.707034862343238257e-01
3.345646592667743113e-01
3.946922575954904810e-01
5.738547595604565066e-01
1.762288256113946905e-01
5.660368962699872109e-01
4.040885405173368361e-01
4.122103613895644614e-01
2.813864790510537395e-01
1.825040965450610841e-01
5.225528225991821207e-01
4.246010298893242996e-01
5.263319215032338239e-01
3.870890858050913264e-01
1.886344115547993749e-01
2.614003114995125943e-01
4.306126652419380862e-01
2.284060423047197252e-01
3.502175611312053349e-01
3.948907878400753080e-01
2.563423081828737349e-01
3.738403804890680915e-01
1.037319394103428799e-01
5.666992238137248394e-01
3.955839660832745075e-01
1.713659531037005079e-01
3.256515773909393618e-01
4.024447207473727528e-01
3.640021685896885906e-01
3.079801808930647256e-01
1.756169414694807585e-01
2.631150585432492361e-01
2.975949146592492545e-01
1.912557598265431646e-01
1.939241861814362811e-01
4.285760385977304687e-01
1.993138620940449190e-01
3.113567327106457894e-01
4.056308075337574093e-01
2.788435468411943341e-01
3.080994131848726059e-01
4.059417793520880835e-01
4.836695019179647059e-01
2.537698750979778817e-01
4.237812444882417817e-01
3.727336871928140782e-01
2.272718007825468012e-01
1.776151231788615226e-01
3.280987718968540467e-01
1.324221252729609333e-01
3.197038365492561596e-01
3.041190479572292715e-01
4.062912029514595402e-01
4.536217709005830878e-01
3.111339184474983810e-01
3.177909818175541634e-01
9.106125833013674342e-02
1.729337404611810680e-01
1.126836810417114476e-01
4.853793920501091042e-01
3.808882821771756855e-01
1.297952553274430154e-01
5.687944547956621522e-01
3.108311860060881116e-01
3.450046108372837317e-01
9.031014518444922812e-02
3.978685493584446786e-01
4.673974741940313815e-01
1.089239901582155640e-01
3.483688327688775344e-01
4.145277813886064644e-01
3.242606286302345264e-01
4.348197246688532691e-01
2.389091054904825817e-01
3.916435451942836266e-01
1.515585024180879092e-01
3.961928962291190737e-01
5.210684998209961227e-01
3.561613589686118964e-01
1.964768451600482913e-01
4.578531407765957240e-01
1.904039754447748867e-01
3.773059674012300135e-01
4.249485013841634018e-01
4.778959825314571530e-01
2.946527632867433910e-01
1.847617756518837029e-01
3.916796258410099596e-01
5.240220252443000826e-01
3.425218407277665356e-01
4.435983223405680076e-01
4.005024859036981355e-01
2.756888255273173272e-01
-7.840686668521139324e-02
2.505634353319926566e-01
4.304011710067373597e-01
1.423307831157846204e-01
2.192051424696132012e-01
3.772057317762538831e-01
2.250587990458031984e-01
2.028308536942580453e-01
4.165042931298554296e-01
4.255686237204698852e-01
1.647148383051603715e-01
3.130774968295291782e-01
2.417909185737758884e-02
4.102348946295078513e-01
2.475091129927178002e-01
1.741034780100931267e-01
4.509131882804121028e-01
3.832126887167429663e-01
3.966552975645142309e-01
1.104748821801132957e-01
4.285009197813709481e-01
3.915186651909412507e-01
3.901955525347087228e-01
4.546151513905088981e-01
5.681201103623886306e-01
3.605228263268238087e-01
3.899447255974550219e-01
4.716135822410945644e-01
4.364854016197797781e-01
3.423195449825595649e-01
2.175706845185228222e-01
4.007464072724652993e-01
5.707340057782706033e-01
1.528586883902723070e-01
2.500559282091249780e-01
1.869996391602170849e-01
4.037844521106549456e-01
4.285263337156702823e-01
1.587140038715118828e-01
2.188977244275536194e-01
3.780790600469014495e-01
1.768838254656944220e-01
1.346896607701857096e-01
5.314481546074646401e-01
2.439507222904530870e-01
2.156456297091981500e-01
4.042872676839283641e-01
8.807778804963922736e-02
3.234240961452190533e-01
4.552499448727291842e-01
3.465655454251090895e-01
3.592722557380125803e-01
4.872419212178507042e-01
3.686550462452615751e-01
1.133928358170976924e-01
3.000230493886877903e-01
4.258521617846898200e-01
2.718333904463465234e-01
2.614928529758929754e-01
3.349262741266748056e-01
1.753238959643058925e-01
4.167544105503972474e-01
1.615877358473088721e-01
1.655681461510468133e-01
3.477902936718435534e-01
3.626500566161981465e-01
3.998614198580765500e-01
1.907095424676874817e-01
4.073780363355489764e-01
3.979444793059270236e-01
2.625002134345754135e-01
2.987292906421002425e-01
2.751569160138116477e-01
3.510035272315004673e-01
2.980041526127896745e-01
3.747048519165409042e-01
1.658039886762361914e-01
2.531177067755033816e-01
3.632320426989397166e-01
2.075701066695708197e-01
1.519786285072093346e-01
4.159952754676915498e-01
2.587149833518122000e-01
2.243465441802924287e-01
4.130989048519225770e-01
3.612885816257465632e-01
3.422735817431034056e-01
2.957752817931114109e-01
4.200990142411767381e-01
3.952254025601572018e-01
3.594942149920299368e-01
3.719105806103907286e-01
2.949344270650621214e-01
5.161021293014399491e-01
2.916850805984891881e-01
3.314106842109570961e-01
3.747072490872142003e-01
4.151798448395319086e-01
1.386203855946560037e-01
1.687349980897812352e-01
4.305267454236288982e-01
3.781234218531989710e-01
8.065374771009826971e-02
1.820281083795552424e-01
2.798213370498729424e-01
3.687431039701987712e-01
2.840931761824281865e-01
3.401238438617013027e-01
3.139425430070308387e-01
3.443686592453731321e-01
4.064263039787048282e-01
2.890675580999823024e-01
3.968426426723120071e-01
4.409746936831494546e-01
3.864614242520839626e-01
2.297800193426916548e-01
3.196294377056443370e-01
2.436283469411123503e-01
2.837238976292106862e-01
4.011208293239375555e-01
4.653430751105115948e-01
2.089742541267377296e-01
1.262990136420131804e-01
1.783082445777393887e-01
3.630717990549259810e-01
3.051435081006059757e-01
4.621307495014454619e-02
3.034651072329639376e-01
2.595581825554338917e-01
3.330856091520783546e-01
4.135104780697658744e-01
2.579880513914427076e-01
2.678812136537914723e-01
3.848411659969103171e-01
1.725488667306361856e-01
2.189786190937508259e-01
3.928045257510132116e-01
9.439232164651595314e-02
3.640389865114121992e-01
8.346416904809221549e-02
1.167358776167902873e-01
4.416220924973623396e-01
2.095298643561962770e-01
4.307501285864041574e-01
3.509478498576682481e-01
4.279591642712605726e-01
4.589769559973660984e-01
3.415752334258919110e-01
2.200048986444005372e-01
2.830559896587361846e-01
4.022300102853647585e-01
2.512579489343970129e-01
4.128531918289812253e-01
3.087337741315979711e-01
1.494331490908619720e-01
3.291990782979348773e-01
2.518191675459658385e-01
3.944431161546034792e-01
2.846119059458500633e-01
4.416502325110469029e-01
2.228341051893880931e-01
4.422260439934840859e-01
3.764948231668387435e-01
5.665320230471594387e-01
4.024344637912199429e-01
2.217367183199135949e-01
2.710799143403090916e-01
2.389039763070386624e-01
4.373655678058729346e-01
4.564539186361081802e-01
3.324940841357979515e-01
1.754182146348268467e-01
1.164478463045986595e-01
3.370688507853670246e-01
3.806173584280108102e-01
4.154623307444079150e-01
5.567203861169699453e-01
3.686715166799152676e-01
2.700555611430917047e-01
4.154208560487446800e-01
1.846089210487200094e-01
4.782274598599219328e-01
4.092839990874617140e-01
4.665120048061849878e-01
1.472272477751878084e-01
3.109493227791975123e-01
4.157865220623551683e-01
2.996879907849927527e-01
4.700100619415687464e-01
3.167074373131237297e-01
2.318895352610951810e-01
5.652890664025109757e-01
3.296011688871620104e-01
4.566994139909401063e-01
4.891964517994275563e-01
3.410420431309907352e-01
3.169741054349904941e-01
2.640657554206160551e-01
3.339229352585060262e-01
2.341690137087459600e-01
8.756425849913034021e-02
4.330716336590340609e-01
4.434154966545437310e-02
4.013831775263340118e-01
3.953053463391107969e-01
4.103443660459703546e-01
4.230357116292550179e-01
1.654416422517031859e-01
1.882952821508351027e-01
3.570785208497825325e-01
4.225903172849673761e-01
1.321208165380340638e-01
2.094718785012797957e-01
1.150527602471789618e-01
1.277124122842746567e-01
3.738691186543853240e-01
2.759565062664562363e-01
4.062450720912734459e-02
3.739657342089192094e-01
3.344225389201614385e-01
3.920637762586846597e-01
3.997160942800907502e-01
4.384176765292537858e-01
2.587554146014946488e-01
1.437790221145828495e-01
4.362452346939619807e-01
4.044746341187197003e-01
3.469566559320281796e-01
4.405982434511863666e-01
3.757250259151024840e-01
2.067322547583570758e-01
3.038470388342101591e-01
4.264027121486200222e-01
3.668630169608311231e-01
3.916698629947847898e-01
4.368329807453996683e-01
4.729935181406490496e-01
3.014507121123956579e-01
3.465667717687311300e-01
4.030283821401446365e-01
4.337366737142057116e-01
2.081556575343909976e-01
2.216900031587116238e-01
2.122502551601102294e-01
-6.306258770312654638e-02
3.237144646562876149e-01
3.843226580093261902e-01
3.902102754628947734e-01
2.460421521092178987e-01
2.869467532312938718e-01
1.918484813742960537e-01
3.119579295444392941e-01
4.221675593452590691e-01
4.346646799981729314e-01
2.224064538819986170e-01
4.277827126100460786e-01
4.279655382208657488e-01
2.144002321195997152e-01
4.470492129625396882e-01
2.085475105858174139e-01
3.928376495387079781e-01
4.067846438588351710e-01
3.520599240913223071e-01
2.657184178434205402e-01
4.322329259866440343e-01
2.644225119581892769e-01
4.400105978108856952e-01
2.645906987040309577e-01
2.586869307466447276e-01
3.447693939938052954e-01
3.833035812928817787e-01
5.327774729624095151e-01
4.222532198372846435e-01
4.008425117675055716e-01
4.965102163779520211e-02
4.744109917894521189e-01
4.435937148801144536e-01
1.353542035827681733e-01
1.944845248885518629e-01
3.685088351821209085e-01
2.800746377524109820e-01
4.357047441982090374e-01
2.592523290910815348e-01
1.646945473512202440e-01
1.556227060075578428e-01
4.127834583689416470e-01
6.313654761625731027e-02
4.803820192185728755e-01
3.048067111602207335e-01
2.526884934577369179e-01
4.268876564481480784e-01
5.819876773985347418e-01
1.790505676204645624e-01
4.636679868975621677e-01
2.201944443328025247e-01
3.458318301271036677e-01
3.451738597835829481e-01
5.606957390239658556e-01
1.082155933209448945e-01
1.122966054857962026e-01
2.322058266913463453e-01
1.455741573187926685e-01
3.893885519608992762e-01
4.181859615086707116e-01
2.911001738586652121e-01
4.061597972200247653e-01
4.303018498699677230e-01
3.920601851083095335e-01
3.237588559220510032e-01
4.318563617341005800e-01
4.153301670333653939e-01
2.448712897688564427e-01
2.272823064170460261e-01
1.675955569044670357e-01
3.047109249726339675e-01
5.768427429325729827e-01
1.336792677551295327e-01
2.488997192975055672e-01
3.664883523044341063e-01
3.242213862982048500e-01
4.024538243861850439e-01
3.357951292886298122e-01
1.357043729837850987e-01
3.007160049847130145e-01
3.297975826973351121e-01
3.243387777883213197e-01
4.039151693204336979e-01
3.742373903162549698e-01
4.301800187968606304e-01
2.959021027188367126e-01
3.445412721722230787e-01
2.646774605729357993e-02
4.510682785925183569e-01
3.874565647583773087e-01
2.915081499512558461e-01
3.401247138080252808e-01
2.842565202070118091e-01
3.323255160558427623e-01
4.639298320069684678e-01
4.190592682033714156e-01
4.810004640250161723e-01
1.732670761425401385e-01
4.258131584477630738e-01
4.304179999547915747e-01
3.991622429207775657e-01
4.683378752785411492e-01
3.722931957749744392e-01
9.737497938515563001e-02
4.095080011064801129e-01
4.508745702401044664e-01
3.572254755362279099e-01
1.538110174050296985e-01
1.359330571077345395e-01
2.867926195634746822e-01
4.228315957869671626e-01
2.449850632216487301e-01
3.864905306192317203e-01
7.418140987894618343e-02
1.183747401470094940e-01
2.703985256145469140e-01
4.390127450421114630e-01
2.126154320428576550e-01
4.148221244380277950e-01
4.453959588193943664e-01
4.055728483998211620e-01
5.078737191443195576e-01
4.777656764264492373e-01
4.413041529137292640e-01
1.431245482414110759e-01
1.957598449139933416e-01
3.902100821092177041e-01
4.067835459750809846e-01
4.313409412437566037e-01
2.878394353336770073e-01
4.161713652416705600e-02
4.363291555008006473e-01
5.059984803746732096e-01
4.935337223971848486e-01
3.883671231550627767e-01
3.765902058012359777e-01
3.798100649814697416e-01
4.091087428581762220e-01
4.024418113139319741e-01
3.901335831791230557e-01
5.517661706352476880e-01
4.265035321498166221e-01
4.135044620319243136e-01
2.590290990967824003e-01
3.039501438111567033e-01
1.391942891902854529e-02
5.561020845208736185e-01
3.705535972652744814e-01
1.982070430141703032e-01
2.825871663828138924e-01
4.730437046227370379e-01
1.739159744850552192e-01
1.571893644658606815e-01
4.154691196160668065e-01
1.043079713564267763e-01
-7.464426732259542285e-02
4.501015238997342349e-01
4.005309754269746891e-01
3.204681980731351465e-01
1.568021006183174249e-01
1.277921999436190115e-01
4.653593205536816213e-01
3.817639286173374336e-01
4.148700781415601835e-01
3.767586617277600136e-01
4.073197900755515244e-01
3.520202412780403245e-01
1.816582869838148651e-01
2.580273725327300038e-01
3.423011784578508521e-01
5.039882569711974514e-02
2.150466234200816840e-01
1.342404342732345379e-01
1.908845110315131044e-01
2.405784152499584050e-01
2.704641779583177308e-01
1.806051260181057438e-01
4.087794375636783495e-01
1.781540281744627141e-01
1.953743690485640616e-01
3.174201554391074542e-01
4.393666723921690886e-01
4.383915417508705281e-01
3.559356027836268477e-01
4.743265573091108855e-01
1.892129331421227301e-01
2.698924342887110139e-01
4.051231801924111697e-01
2.392495936241366417e-01
4.221829702971946485e-01
3.967004278064553136e-01
3.504552412631862790e-01
4.348121165750915007e-01
4.210553437684074196e-01
3.568320171591553985e-02
4.095008679325010670e-01
3.091584437624305681e-01
3.131671214868562148e-01
4.072232182123099453e-01
5.774413738002152074e-01
5.441435456392810233e-01
5.410004305043450978e-01
4.892012245648273416e-01
2.134593881732224641e-01
2.373183365184604876e-01
1.403749597615649158e-01
1.924705136383081383e-01
4.415730989991633049e-01
2.354978010049542936e-01
1.013872256726370963e-01
5.775476249651264604e-01
1.481237552773780330e-01
2.878994303034160263e-01
4.572448022343952173e-02
3.748416049144510098e-01
2.214437747195951156e-01
8.393911007481105746e-02
1.337011912976879546e-01
4.423305803685316229e-01
1.218438294992114507e-01
4.251437206337437824e-01
5.780682871320628330e-02
4.121540082529294158e-01
2.985494365370606751e-01
2.302124221040469099e-01
2.258700472596611442e-01
3.517205459830790581e-01
1.599852673492566657e-01
4.126912038526536208e-01
1.445303477003618831e-01
4.318027304031536451e-01
4.163556928625449238e-01
4.822453788113128526e-01
5.375497831304274499e-01
4.096866384940893169e-01
1.420028155714802010e-01
3.680727026241862876e-01
4.316440033822308009e-01
4.035209354462629405e-01
4.587702721195032751e-01
4.394122400864314271e-01
5.435813082488475390e-01
4.520186529094805672e-01
4.048137042718146783e-01
1.888822722972752777e-01
4.186602286604820811e-01
2.103014296737878985e-01
1.130809900691912978e-01
4.105008844368011611e-01
2.164475881502105625e-01
3.961204212131015923e-01
1.635867271266682743e-01
5.106237179561442519e-01
5.508946464871820048e-01
1.541614655506823028e-01
9.446316767336392084e-02
1.737477624289682776e-01
1.306580750332043128e-01
4.332533199976246197e-01
2.404089653984007313e-01
3.812111812826248225e-01
4.184969738026477759e-01
3.265929077348806442e-01
4.323387818968068563e-01
4.143837755531970535e-01
3.524483078134885705e-01
5.372512270039646598e-01
2.574892383793202510e-01
2.379301407412003355e-01
4.029356788441632586e-01
4.410640309654620950e-01
1.471404980297867371e-01
3.667837818687453288e-01
4.255917883208236718e-01
4.252235845816942361e-01
3.128305361359722259e-01
5.275001980493564391e-01
3.327742065409253769e-01
2.686116971498529460e-01
4.157518027748871581e-01
4.004734266509495932e-01
3.798385279704809547e-01
4.848257924654981732e-01
3.627073243862622975e-01
2.100999277574541746e-01
3.283158780358159667e-01
2.744880026612683266e-01
4.274625994987267252e-01
4.318721465308065777e-01
1.964181677960370465e-01
4.388499278207200899e-02
4.051908485853892850e-01
1.459984386033290338e-01
1.755507958404398383e-01
4.583318162677670338e-01
4.491681482961845107e-01
3.989386643297149759e-01
3.284412364442862997e-01
1.229226658416059520e-01
3.788745169082849973e-01
4.023712833611438611e-01
2.528333556092808854e-01
2.772162134181446747e-01
4.183728783339246138e-01
7.429060192838989052e-02
2.024119956899172734e-01
3.879739886583655761e-01
2.202150798172699542e-01
3.942867418247096856e-01
1.866522335550001299e-01
1.329704585423892305e-01
1.882110300131769332e-01
3.121847265354634748e-01
3.948922790699364027e-01
3.498335593178641956e-01
5.220088496626321684e-01
4.018543718069075843e-01
2.470191041546018484e-01
3.926562252026482014e-01
3.218419357218281762e-01
4.341460264351862386e-01
3.781136751681878350e-01
4.339586142759845888e-01
2.535836191605711498e-01
2.144260527190038901e-01
3.076510170040027692e-01
4.031751307762981296e-01
2.913327416530376857e-01
3.561801812437044856e-01
2.245332193549422484e-01
2.416926005862757576e-01
4.580405231858861170e-01
1.290393356676331760e-01
3.019270720895538829e-01
4.604940493193564466e-01
8.599149993977785178e-02
4.362791657747505658e-01
1.772850779953574207e-01
4.069462184068284305e-01
3.271987809010020731e-01
4.127370054384776332e-01
3.226493796605981457e-01
3.480178936044665550e-01
3.687359018776665831e-01
3.329910740997063523e-01
3.000639789597568385e-01
3.821398228537485342e-01
1.803749286734263046e-01
3.574972250217719472e-01
2.843346148443406940e-01
3.677803136086848501e-01
1.828908850008477693e-01
4.829621686089021759e-01
3.733807110004747631e-01
-2.203188707511355426e-02
3.301071706676322326e-01
4.302781214735272863e-01
3.146390314153904022e-01
1.035801078701140548e-01
3.451330999778722264e-01
4.131852143650246445e-01
4.627036932734475694e-01
3.547972638802406320e-01
4.837042481546200978e-01
5.837912643990104122e-01
4.250934908337934415e-01
1.583613588588074217e-01
4.006225097423078974e-01
3.512220670921268884e-01
3.974064273900683175e-01
2.430251903526611523e-01
3.594528031778039812e-01
3.960221638534933142e-01
1.401017217224070355e-01
1.463809701818649667e-01
4.280499883022761409e-01
3.900772414320984316e-01
4.056796124083907884e-01
4.357550973959781748e-01
7.375543272499175684e-02
5.235685749808780542e-01
2.808895406412105222e-01
2.301646595551046781e-01
2.432188122353190762e-01
4.302781214735272863e-01
3.943863234495447179e-01
2.826396946849731306e-01
3.119864899104700107e-01
4.539898247698667677e-01
1.856091651533261500e-01
2.243245283331366247e-01
4.700244790722011845e-01
4.043797445984371741e-01
3.692969935645791790e-01
2.492682999310825431e-01
4.053054143733353931e-01
4.037015986700533965e-01
3.064830719183628815e-01
1.962694194015533466e-01
8.640201535533732768e-02
1.195153207082832597e-01
3.818120677910278316e-01
2.299193607073573842e-01
2.864337767563230330e-01
2.719670874188542253e-01
4.559302302429525944e-01
3.837560672359587310e-01
4.983988635534461475e-01
3.837490011133835588e-01
4.218264062004699055e-01
3.807280421844760343e-01
3.676172495735030576e-01
3.754990737209392693e-01
8.212062629380882661e-02
3.021915528668299711e-01
1.493566742262464608e-01
3.661046138006282535e-01
3.531095537384164595e-01
-1.843785741583526400e-02
3.444403732528518725e-01
1.203300756773706126e-01
3.153190492438735504e-01
1.491171715076522464e-01
4.972490052520663895e-01
3.835398951695241920e-01
3.051435081006059757e-01
2.252172399364777977e-01
2.099866985164275945e-01
3.731432994890314103e-01
1.642691567310810008e-01
3.980795161032384399e-01
2.312821717779411368e-01
3.343224437877927446e-01
8.122457008677687329e-02
4.083860279736595267e-01
4.319275592051146084e-01
4.376196016756799811e-01
4.245240546287119554e-01
-1.543114931680105231e-02
4.931444312819792120e-01
1.274768406772537610e-01
3.961072481847550675e-01
3.286153027212071129e-03
2.968823550127439037e-01
5.478064462653123856e-01
4.110016785928131688e-01
3.998808881668067805e-01
4.011979899302312580e-01
4.619527305784967286e-01
1.282511752935490690e-01
2.108078641972140344e-01
1.821928771219948062e-01
1.593764064953950566e-01
3.938095237887443423e-01
3.313381905441932784e-01
2.109599093393161318e-01
2.817769422795689538e-01
3.019421833017978396e-01
2.395663765451200578e-01
4.206044184301589994e-01
2.900844342150763477e-01
3.869093459695853721e-01
1.423011221223276501e-01
1.287749672253166444e-01
1.308230993676289811e-01
4.161287096700626020e-01
4.181645927739499058e-01
4.157612995938375633e-01
3.758415986810225151e-01
3.996143282981038380e-01
2.050814940218688431e-01
3.484699057895425112e-01
1.009109174518185575e-01
1.205746340552208140e-01
3.304168103787094024e-01
2.686276732826775038e-01
1.497313155640240812e-01
3.537175617614887746e-01
3.463191223045649636e-01
1.682680948241704055e-01
3.796197828064223900e-01
3.010226159515128064e-01
3.609422957603029558e-01
3.332921314385473566e-01
3.990838990812632381e-01
3.932204562935499581e-01
2.187158271062852322e-01
1.680450321471894382e-01
4.002435247307724042e-01
3.205364638708862457e-01
1.468154878424203502e-01
3.964771102013645021e-01
1.236812088305409563e-01
2.742280095149566832e-01
4.004457099407442433e-01
4.770475732345910158e-01
1.937427783022225014e-01
1.831850980966818476e-01
3.917226456856551797e-01
3.404965700022632991e-01
3.366513926450511174e-01
3.240661094371432016e-01
3.619437907148649325e-01
3.721454112029293770e-01
3.384858036655004065e-01
1.776128458636100083e-01
4.662149992849292657e-01
3.980637403518332285e-01
1.705444233495580220e-01
4.144332085368354068e-01
3.841056686086840588e-01
3.436234822650318654e-01
4.046527187471689047e-01
4.463785079765683061e-01
3.558907667421679633e-01
3.964943841533213886e-01
3.569440553171547292e-01
2.153522850452225523e-01
2.311179071450507327e-01
4.468914577720510817e-01
3.910541110739624848e-01
4.591496852268677209e-01
4.121059632250530513e-01
3.678907859416175596e-01
1.821353661038766225e-01
4.045475490350985415e-01
3.313825722460033152e-01
4.468617412205311279e-01
3.408081209480505192e-01
5.646210643017820496e-01
4.315067786179455633e-01
2.354564590013638326e-01
2.245379447362434444e-01
2.224674936462150421e-01
3.991785255409636690e-01
3.457614624379588553e-01
1.240809673088728443e-01
3.648943154633685348e-01
2.820816047724044040e-01
2.392220214468421813e-01
3.196045320093686137e-01
2.063576076116707125e-01
4.400105978108856952e-01
2.456163341997544269e-02
3.934706075717313012e-01
1.539335182453158979e-01
2.356923079993372416e-01
4.475498373324473533e-01
3.709630200458437499e-01
3.202897898054840597e-01
1.818958960811402348e-01
4.076225847552698567e-01
4.319768379207333808e-01
3.814827682224543048e-01
2.878955250363001150e-01
3.554144089926225547e-02
3.743931293589922715e-01
4.130779839840665879e-01
1.104013662698857257e-01
3.182769748740652549e-01
2.215330800114173881e-01
3.644570827188622908e-01
2.605860058080249897e-01
3.816649590855161200e-01
1.107669613318250090e-01
3.099160301900628633e-01
4.959826155110031443e-01
1.101512538284085685e-01
4.247608992736455202e-01
1.465090381169238806e-03
3.368260827131943080e-01
4.190428772055449502e-01
4.114315848096632977e-01
5.552745562593462969e-01
2.927253443760330920e-01
4.131611349445267756e-01
3.256831610917011455e-01
4.066938806553926922e-01
4.403611223851806034e-01
4.857480714558809476e-01
2.215032688161769625e-01
3.666364162434979090e-01
4.004882416088471619e-01
4.684539521296225417e-01
3.980648409948190358e-01
2.648142590385231809e-01
3.452562624528652813e-01
3.821423200206367499e-01
5.344969180025918032e-01
4.109806412978289081e-01
3.331530236542518120e-01
4.282021503434803589e-01
4.630419902685674327e-02
3.701568528014870796e-01
4.502594265535207474e-01
1.114373818264902394e-01
3.660582210338620412e-01
9.428039158349139914e-02
4.233227881487491850e-01
1.254573901463827412e-01
3.747434556835299024e-01
3.183445165498481333e-01
-4.767925204329168391e-04
3.020160169385880389e-01
3.363553516516015196e-01
4.631000897213624068e-01
4.207230596655013311e-01
4.230618317193975964e-01
4.530983377674749901e-01
4.152016039329208263e-01
2.816982206327785510e-01
4.205848993349693976e-01
2.998140944142176911e-01
3.665865734828392952e-01
3.057737741193446990e-01
4.059449227808211158e-01
1.385035383992896385e-01
2.736974768165558181e-01
3.290755238045853792e-01
4.215653267052371644e-01
2.399118343402479592e-01
2.308902213028165007e-01
2.608844021480049014e-01
5.471148408878883096e-01
4.223624796020075678e-01
4.702743082878844683e-01
4.146264148335642719e-01
3.636508049392704889e-01
1.491542732568067187e-01
1.787917907559151143e-01
4.052051056390933992e-01
2.118593449775587334e-01
3.770806160556928188e-01
2.231034230190496181e-01
4.285575423683877228e-01
1.305994652185034077e-01
4.145803647094300493e-01
2.372383835593564472e-01
4.449658106614947095e-01
2.985078604344474917e-01
3.292119901743407739e-01
2.747830691895286614e-01
1.837796121647586878e-01
7.926610172894120454e-02
3.691495553487184611e-01
2.591633888684282683e-01
4.416169229005104113e-01
5.222324214256337388e-02
3.964379284479546683e-01
3.814065194903580869e-01
4.039149117368227571e-01
3.236805760635173002e-01
3.950662136480041497e-01
3.151467587529515613e-01
4.033046420566198664e-01
2.436998459359828173e-01
2.455010125094040929e-01
3.605567917839045955e-01
1.942736470615542277e-01
4.163320701467516094e-01
1.076757164378576576e-01
1.136157068415820509e-01
1.433269654498627033e-01
3.284511665248451839e-01
4.419252662498689421e-01
2.277892791151219787e-01
3.151901488947836949e-01
4.394448025468257746e-01
1.254807243668720762e-01
4.202677370663118195e-01
3.898825819746068455e-01
3.937862705610398750e-01
1.017286909788468613e-01
3.667407364441554463e-01
3.851955590554810849e-01
3.790681110326575287e-01
1.514914887306183788e-01
2.001976373499593786e-01
4.773120949231816068e-01
3.613657118493728837e-01
3.521550509470195434e-01
1.576875447218511750e-01
4.410927310409347712e-01
3.242656954923859858e-01
3.578090039049893756e-01
4.744956984586605753e-01
3.457648896733766519e-01
2.632565254706118463e-01
4.158636150571002332e-01
2.877213330405902769e-01
5.234201479927969719e-02
1.937589973304172930e-01
-4.421795241957378331e-02
1.404792140155485258e-01
2.650350843728059846e-01
3.695053612583744096e-01
3.948100612276829180e-01
3.895596838234783865e-01
4.285097977855704121e-01
2.569971750339091199e-01
4.408347380678753757e-01
4.801287767710911703e-01
2.403875418939688535e-01
1.865128497853004996e-01
3.351378328407626506e-01
3.010306659580079258e-01
1.504760912732472089e-01
1.418627342607564623e-01
4.590418529599785136e-01
1.095380747147648992e-01
2.282895978326987263e-01
5.643095025680213705e-01
4.102036252322017740e-01
5.726484928963163634e-01
4.139093938414066254e-01
2.470431773772015227e-01
3.004628606507374067e-01
2.909428264535710018e-01
2.215789122029294123e-01
1.757079464480039432e-01
3.495462701093252633e-01
3.849636211957706000e-01
1.204113838030212991e-01
2.867279423020897555e-01
2.581695678142657546e-01
3.453101794161539950e-01
2.144907218894087919e-01
5.515018710959246340e-01
2.971329170637584949e-01
3.144753959910484009e-01
2.455981239165382635e-01
3.470567128293295944e-01
3.963001577292311617e-01
4.941292203543681261e-01
3.817241478202124672e-01
2.581532250303819054e-01
1.070322836768415609e-01
2.180426416332922057e-01
4.672305541222354086e-01
3.386431656343587004e-01
4.083148250256743994e-01
3.153625925749278802e-01
4.131480870566716646e-01
3.994282340973137058e-01
2.255605891029151266e-01
4.303799827631099584e-01
4.155245449040052552e-01
2.854499537054596692e-01
3.689411764727739129e-01
2.286020678308349485e-01
8.266847617904451995e-02
3.577695472242266583e-01
3.860264171494740548e-01
3.425032101466627399e-01
2.710549505341997567e-01
4.684269794576439438e-01
4.199616406028586213e-01
2.409632501437990459e-01
2.855802870293543405e-01
3.618248079156879404e-01
4.008627674530710894e-01
2.449511425139114518e-01
9.799649158586556941e-02
5.226701026204888523e-01
4.687868284922681039e-01
2.199377103992229965e-01
6.146397084351477164e-02
2.267868480964067845e-01
1.262277112787039968e-01
4.629311709700335564e-01
3.706607535826459410e-01
1.615204612309193155e-01
3.270224870968829189e-01
3.857299526035919413e-01
4.014679372225809506e-01
2.255838810791528648e-01
7.979543596648203119e-02
3.883252215875906410e-01
3.472688911672663914e-01
4.232146852696965778e-01
2.361625658838199249e-01
5.683457872142769762e-01
2.059745692214056956e-01
3.230965040638810737e-01
-2.834032540996906865e-02
5.504831286199406426e-01
4.789615497495574581e-01
3.378369466077296712e-01
3.341929115953994889e-01
3.533729959657920250e-01
3.679732099586396354e-01
4.609032316318494860e-01
4.155354863985623592e-01
3.051330977062776673e-01
2.665935431414828138e-01
3.302115070295037480e-01
4.219497013675357899e-01
4.265969490287460086e-01
4.553334539109217260e-01
3.490575496249322396e-01
3.043887028954999074e-01
3.165551939886891430e-01
4.233261846176967214e-01
4.282788136656927036e-01
4.909075218869084489e-01
3.613002436220769109e-01
4.507148136315974329e-01
2.565158198153325020e-01
5.024943728459018155e-01
6.702739629970125290e-02
2.799882942986849366e-01
1.958228246877642131e-01
3.967658976104551094e-01
3.246525757029983250e-01
3.213597002616740972e-01
4.356091005985860409e-01
3.264811476498619691e-01
4.322763419366278947e-01
1.490048765051218693e-01
5.209636328568022501e-01
9.455532253056116165e-02
3.041495581716536223e-01
3.887637219189710169e-01
4.343628949067957490e-01
1.410193958092934852e-01
4.632803722749146980e-01
3.503116658886615276e-01
4.793821849480388031e-01
1.553738543560129713e-02
8.818877905069870404e-02
9.762713589863832031e-02
2.621120599941489382e-01
1.736682609569239755e-01
4.200563469765466462e-01
2.645805116207519680e-01
1.841834790612305039e-01
3.569073120606546801e-01
5.237011472241747123e-01
1.040982578836963379e-01
3.529890683405140783e-01
3.429777946723530091e-01
3.797591586096185634e-01
3.880011279630409260e-01
4.172792808075306836e-01
2.068870939518566501e-02
4.060661195210924501e-01
4.056491245997573269e-01
1.645395652507856132e-01
1.201254696461684646e-01
2.070106667666080369e-01
2.785786936298828009e-01
2.033320414712628810e-01
4.121065583477547256e-01
3.187260650950543561e-01
2.353434948125451842e-01
4.467759365845840880e-01
3.093005347325619714e-01
3.138913502559781410e-01
1.611583988853636587e-02
4.072732418167456792e-01
2.953130490198005997e-01
4.261580556831963129e-01
1.845556074391492274e-01
1.721464932475527954e-01
3.627788251652975804e-01
4.679676041695328137e-01
3.754694194907117755e-01
4.682059331566214011e-01
3.069479307540978752e-01
1.611643054589876889e-01
1.377423356770057505e-01
5.662881302457756227e-01
1.464342748031867703e-01
1.056001882552559234e-03
1.736975994314685634e-01
4.230332135910304658e-01
3.858146066814300834e-01
1.982070430141703032e-01
4.078890024716771978e-01
4.223220890976707165e-01
4.606227511282435794e-01
1.723066683464432314e-01
1.013325724042313941e-01
3.111152996501809764e-01
3.845308785925072304e-01
8.688898422553435752e-02
4.304212144804185347e-01
4.095459549395641941e-01
4.094225294869733855e-01
2.707670462452083648e-01
2.565235320285971232e-01
3.798153073634297217e-02
3.963446841765996265e-01
3.453742809731893959e-01
3.012540533322420333e-01
2.779942755230154217e-01
3.396601106265136893e-01
2.133990997239283149e-01
1.704989219183476457e-01
4.325391133180269687e-01
3.030971056438590550e-01
3.873509646061684131e-01
1.755314694765441608e-01
3.862942974661208173e-01
3.106992461869858002e-01
3.541640073107996112e-01
8.579521417455050758e-02
3.619791036520613181e-01
4.323593993736571384e-01
4.436551002744016370e-01
4.416371122607856137e-01
4.259047009578068588e-01
1.872518346763728248e-01
3.696394401666325824e-01
3.745274479262286627e-01
2.983682429806471803e-01
4.968232790844622770e-01
4.314820674371286913e-01
3.203871379878882042e-01
1.870422776292566536e-01
4.212572455866165355e-01
4.309452826932221314e-01
3.809932401130298185e-01
1.630629151697250978e-01
4.176903831718273841e-01
3.647456956947214834e-01
2.016769927643024818e-01
1.402157102707919656e-01
4.641474309073613802e-01
1.621946061281772378e-01
1.558299506110841226e-01
4.045942568936723438e-01
3.847767084574989505e-01
9.066391029998384365e-02
2.379719515859654300e-01
4.865913077535343190e-01
2.264268348148876231e-01
4.346209048086749349e-01
3.104991341765477308e-01
9.358280564924793821e-02
3.750706384027697182e-01
4.088240669947005856e-01
9.916347604396665016e-02
4.387395900703487395e-01
1.874964594599044798e-02
2.257644095984985833e-01
3.970296775843824011e-01
4.355529493630223570e-01
6.729659006766870732e-02
4.176924564543455509e-01
3.551108839593254407e-01
3.580186311569170110e-01
9.889754049291839266e-02
4.356732414072477244e-01
1.903288786452168868e-01
3.295960227541522292e-01
4.828800932923740796e-01
4.711921539683795040e-02
2.431431910391167184e-02
4.147290720266304520e-01
3.960200541408188668e-01
4.125609851302302067e-01
6.856082005645783295e-02
4.437532071002888157e-01
2.020676060701245280e-01
1.239410262418032677e-01
1.443716800132926747e-01
3.134901810426635738e-01
4.251248914709451210e-01
2.071246062141544608e-01
1.864907955422951680e-01
5.708562509020950193e-01
2.140505755829873180e-01
4.514551358994333685e-01
5.372372122025016461e-01
4.187179578031238747e-01
4.224119980595889556e-01
4.924976098525502555e-01
1.452151671987523263e-01
4.311568935215198684e-01
2.811074294476423874e-01
3.855886286583690148e-01
2.271974915620985636e-01
2.182851438234128805e-01
4.180124481594719721e-01
4.310902739062709155e-01
2.698680333036214685e-01
3.370893121685407112e-01
1.311799756102147441e-01
8.885605906257749986e-02
3.969808290599489142e-01
3.953794144898458152e-01
2.729624210817366836e-01
4.891964517994275563e-01
1.041151885291459328e-01
4.223053708923126814e-01
3.465871166417921478e-01
4.465564238977104972e-01
3.444732110970132877e-01
4.028866596207968942e-01
1.570539393015069618e-01
3.113020641160567648e-01
7.335458213032221286e-02
4.138253016717597377e-01
2.687354103871936739e-01
4.589919116138398980e-01
3.105019017896305522e-01
4.274722430341153512e-01
4.237627930289886713e-01
3.661183541726449331e-01
1.572919165176784040e-01
1.670475629323616706e-01
4.035302053858343396e-01
3.797370635123504812e-01
1.335359333206548038e-01
3.999468660843535917e-01
1.722961781211117815e-01
2.164695222006699782e-01
3.437811890756090061e-01
3.831389853654775801e-01
1.627802540277061838e-01
5.235723374110770045e-01
2.402883058992046073e-01
5.515315740380012377e-01
4.515863447088613869e-01
1.840995831237824121e-01
3.344660312158032056e-01
2.816102878408717758e-01
3.798752339669805855e-01
2.873547329751985346e-01
4.788498802835152723e-01
4.052651140730530455e-01
4.245392663350773255e-01
2.224424510256616250e-01
2.756267587272873687e-01
3.956555054500607849e-01
4.147857195919547602e-01
1.304024538635211172e-01
3.495487769438973547e-01
3.769761196376390511e-01
1.220293704429351589e-01
3.849701684168254090e-01
3.863978333811123322e-01
4.340879000876623484e-01
3.435990641099490733e-02
4.077296729009479148e-01
2.641934360648366953e-01
5.070666253790168110e-01
3.165928313192306054e-01
1.555028652325581573e-01
4.650093304819763462e-01
2.958620993367760410e-01
3.012010802336411719e-01
2.986665331835657300e-01
3.241714778968772803e-01
4.139650396189244463e-01
2.950116639962676035e-01
3.856861018152957787e-01
4.812548502466312272e-01
1.721668837620397019e-01
3.441294134880067968e-01
3.735323148055478826e-01
4.370713239228224967e-01
3.991697328447384452e-01
4.115826597550866772e-01
4.113776912479784054e-01
2.261003352492497454e-01
4.738016892925565049e-01
3.612422634930848031e-01
4.371805195405958355e-01
3.088565868065536457e-01
6.518497563948619233e-02
8.790767454581618900e-02
3.861503257373041786e-01
9.281045029413338698e-02
3.167683065858682423e-01
4.165330401745046540e-01
3.599680450027115675e-01
5.501645664042738026e-01
8.874296815656362858e-02
3.715169755505924321e-01
4.199615547139934901e-01
3.009139731758838088e-01
3.187070817472205109e-01
8.135419060051581053e-02
4.122677849836059449e-01
3.906187945224848801e-01
4.016491211113105697e-01
1.059910197659927611e-01
2.383029071084554196e-01
1.111486758251066104e-01
3.796851909530049585e-01
5.696508943279875448e-01
4.371724698038000900e-01
1.164916284388545220e-01
3.962615874879441002e-01
3.675168650952401750e-01
2.337813834020448511e-01
3.521348952784150721e-01
4.567929776692921107e-01
1.685733123997293359e-01
3.495887681272496494e-01
4.705195571582703740e-01
4.142539106348088751e-01
4.084184311454774896e-01
2.921520876931574251e-01
2.046161691871752619e-01
1.922906396325695655e-01
2.151437538513920333e-01
2.302330520700510141e-01
3.132053840219481966e-01
2.183056940828904668e-01
4.457081499484182863e-01
1.463394946822902665e-01
4.254714386854173136e-01
1.228536438899041072e-01
4.660804252916765922e-01
3.760143738838876981e-01
3.264427190629640152e-01
3.849045065246608499e-01
3.247502032109290671e-01
5.404840953598258890e-01
2.604955747081943440e-01
2.802406561155998399e-01
4.326271825985433805e-01
2.085446411353029939e-01
1.425625320796368271e-02
5.632338715399842766e-01
3.881370516354961109e-01
2.242954928346756749e-01
2.042306748992067933e-01
2.036211905004828571e-01
1.156260908536050347e-01
1.862374623928524653e-01
3.860250505829439516e-01
4.235859313832928685e-01
6.104586188239802258e-02
4.968417968482595759e-01
3.617823677378979030e-01
8.671547098525266006e-02
4.130189645583142721e-01
2.146435400883487665e-01
3.957585399732426179e-01
3.761558379897803062e-01
2.283190651820332095e-01
7.117357053642466014e-02
1.060018826743128889e-01
1.863131479668047319e-01
5.520542210597864097e-01
4.328354296537514911e-01
1.817492424621370561e-01
3.855293781210327730e-01
1.620033218333856717e-01
3.155411004238719008e-01
1.416305133567805075e-01
1.132566752293363566e-01
2.271278593585996652e-01
1.970115328049108494e-01
3.448127886997799929e-01
1.821654179124160000e-01
4.060841141926566089e-01
4.683719985512250217e-01
2.255651031177356436e-01
2.104978815738055287e-01
2.808316188087668919e-01
3.907313492247286857e-01
1.978301221516812203e-01
8.931142382562748394e-03
4.274207045907535973e-01
5.131399713003312879e-01
4.192250145436618447e-01
1.004221381107322508e-01
5.771377356850988793e-02
3.800993527035727571e-01
4.172078294872041959e-01
1.526237610197579263e-03
2.621594277655031058e-01
4.301107332866702659e-01
1.083903006498454780e-01
2.227952726084460322e-01
1.540191782394350339e-01
3.816258630550025677e-01
4.145828606315521414e-01
1.855217247286744253e-01
4.252354738826986669e-01
8.481266663557254781e-02
1.886117489271461889e-01
1.307002227324386978e-01
4.314810497992996874e-01
2.205075140592752392e-01
2.648519454958357944e-01
2.789800961123760081e-01
3.543269558731738655e-01
3.731904826823099763e-01
2.008247419945862200e-01
4.250900370226181058e-01
2.658092017307274180e-01
4.428519392233086771e-01
3.398428547466419425e-01
3.066048490516029568e-01
3.026168886342737174e-01
3.999045504661640216e-01
4.291752141750448390e-01
4.308451933697621805e-01
3.865849577503775447e-01
3.112919281511747904e-01
