3.291322125379572694e-02
2.852464717862720489e-01
3.124435713642453316e-01
5.540170389625269642e-01
2.794803983368011058e-01
4.110583179426808842e-01
3.152856157376117685e-01
3.008301619914517389e-01
4.562791981126863017e-01
3.968386148579675088e-01
2.268322843641085995e-01
3.910196639961078802e-01
5.007201298799263123e-01
3.089156339490992109e-01
3.895586601277873928e-01
2.966124764107402334e-01
1.304409406795427329e-01
1.677679106865617720e-01
3.570813416558726860e-01
4.442586083848167333e-01
4.858856244235106869e-01
2.376402799080106487e-01
4.093532478770503524e-01
2.929661819818585866e-01
3.994981919679460591e-01
4.430711283539647827e-01
4.230472983276056809e-01
3.812007556606571423e-01
2.896908116248212428e-01
2.465148302132939284e-01
2.230453472920163049e-01
2.331394546712352578e-01
3.902053658562016913e-01
4.074328435555961692e-01
2.865935270165226312e-01
3.932110307582084019e-01
4.335717231944143935e-01
3.916941277609640726e-01
4.438482572783905566e-01
4.117565088592113343e-01
3.323102390407461915e-01
3.744474133623297285e-01
3.603254172016281953e-01
3.846272316258577129e-01
1.731268115763048565e-01
1.490642792618000756e-01
2.970801176307832359e-01
3.622096164204859914e-01
4.315812343888631997e-01
1.691995617240346084e-01
4.138933337024258141e-01
3.975067469122836594e-01
1.497890722989825008e-01
2.887934000126624601e-01
1.630172490144593811e-01
3.719715287390716330e-01
3.471873297731941088e-01
3.796544452288229121e-01
1.140489724592806675e-01
4.010292962326243438e-01
-1.565765999604859515e-02
2.918837031217387246e-01
1.268212988517674611e-01
5.747266524082591532e-01
3.061524666730706112e-01
2.945063292029987956e-01
2.930887305381810193e-01
4.271239585410041562e-01
3.484549862712874035e-01
4.293299303934274280e-01
3.566939788909118669e-01
4.016801244605957555e-01
4.336287938972491762e-01
1.766221620350958699e-01
2.911562929792619325e-01
1.059200701123618749e-01
4.019225855734331332e-01
3.670885342544437102e-01
5.374304243159190586e-02
3.881950333282258025e-02
1.512668808424170730e-01
4.461780503775516493e-01
3.894119169686049986e-01
1.609218181230765154e-01
3.812231690238865323e-01
3.991268269169430671e-01
4.972134929033309447e-01
3.773891683183054901e-01
1.747845168787660886e-01
4.314011722419058836e-01
3.033787052337361123e-01
2.551974486134441777e-01
3.463789021994574391e-01
9.917250535467951600e-02
3.719378493500007932e-01
5.651774216243309334e-01
3.975745531631141860e-01
-7.790765289987723607e-02
9.972615291983948083e-02
3.207000206674990861e-01
2.059814213271855543e-01
4.534211738462641805e-01
5.016114691700669370e-01
2.125996211060622865e-01
3.627449686045098320e-01
4.008820644612314799e-01
4.362638561467805376e-01
2.479913046163569057e-01
3.761776567489605871e-01
2.478417487187250731e-02
2.237834374451719288e-01
3.106191373935314748e-01
1.880000646116933294e-01
3.336984812648944865e-01
4.949029563781760510e-01
1.600967760744952118e-01
4.522069902618776616e-01
2.063127895570828485e-01
3.774384450422983983e-01
3.655397380038394317e-01
9.084601402941437642e-02
2.794418414560042030e-01
2.133299250809106984e-01
2.873716464428751061e-01
4.314505353526704168e-01
4.401379459365725166e-01
5.518338841717452814e-01
2.710243238096627372e-01
3.067729678332121734e-01
1.685620638887851130e-01
3.779889135006151979e-01
4.429471298110334021e-01
2.957998512547075839e-02
2.866046879218617782e-01
1.551671908845353720e-01
4.771867909524847295e-01
5.331030798076892285e-01
2.280292511157454849e-01
1.615348965766299216e-01
3.265091327316516634e-01
3.946901718030724204e-01
4.255686237204698852e-01
2.604349185809087808e-01
3.078971759021830734e-01
2.133979422573672180e-01
3.934686003448041314e-01
3.226079667883208768e-01
1.939068750524634011e-01
2.308626836574099450e-01
3.946931394915695890e-01
3.775431722814906466e-01
3.993814637929707922e-01
4.136592503637598894e-01
2.052291527895472034e-01
3.696557542379103056e-01
8.448926642875906334e-02
3.928710506810495495e-01
7.131538716009416801e-02
3.550508110464786204e-01
2.856247480020226992e-01
1.833208166679793638e-01
3.488566776225144328e-01
3.310352904535271978e-01
2.162760574645533895e-01
1.781089818297608984e-01
3.588753443718290526e-01
7.617093058836162112e-02
4.090123980402824433e-01
3.672562204175736644e-01
2.827715405657225123e-01
1.725980043727566859e-01
3.361259484677329712e-01
1.497956366640978976e-02
3.800277089009055365e-01
2.851505578182523259e-01
1.496569260146662639e-01
4.142693879327807860e-01
2.481907308436245851e-01
3.331686542036843002e-01
3.632339189764667298e-01
2.909733050509348828e-01
1.893718754246070946e-01
3.823885799108449612e-01
1.923075736803799840e-01
2.638843892773743427e-01
3.679196267586509195e-01
2.117577584493600673e-01
3.291789120073257968e-01
3.912286666243758315e-01
4.194433544948427128e-01
2.380818245224993190e-01
4.146594744120712384e-01
4.422157250479764046e-01
1.523544706709026864e-01
4.087811619797336871e-01
1.026645477799722622e-01
-6.959129615469171470e-02
3.921330485121153897e-01
3.593119610400698494e-01
4.429362233358976053e-01
3.913429736254370184e-01
3.890640106354535943e-01
4.066234686318264124e-01
3.966255673205664745e-01
4.024537869602157758e-01
2.268697690863186733e-01
4.020357519122764178e-01
4.261465159540221426e-01
1.306451492154173943e-01
4.039997333394401147e-01
1.903347361828339190e-01
4.757650310758821388e-01
2.097506419173911230e-01
1.342012850082214825e-01
1.348802635969962027e-01
3.549871755298940057e-01
3.832538149608654687e-01
5.225092358672809301e-01
1.946276395543742876e-01
4.527777289902702451e-01
1.920682561829905599e-01
2.400468473210334852e-01
2.301284809504680062e-01
1.793296916660788998e-01
3.981682976389522288e-01
4.039395630858794717e-01
2.239653464101904468e-01
4.023005386738209843e-01
4.274964178866855757e-01
4.392086821898292248e-01
3.791812987399865165e-01
5.542666915951639794e-02
1.615214134355404396e-01
4.057170587088186897e-01
4.109374084114551517e-01
3.785279929501939034e-01
1.604277173495992082e-01
2.681836166470910610e-01
4.442904005424183622e-01
1.941758406392339320e-01
2.103810285902765198e-01
2.486456126555568469e-01
4.045315664865417604e-01
4.510000085625622823e-01
2.439806534396592452e-01
4.165102069309029598e-01
1.061288488227570270e-01
4.047985328958729756e-01
4.002932760426103909e-01
3.154103815958971269e-01
4.321807549323730679e-01
3.911675672773524681e-01
3.026709970425980334e-01
3.676700542967344942e-01
3.371888576121725989e-01
2.433010652214705472e-01
3.597896289345258736e-01
4.079135893418467940e-01
2.208385204512090527e-01
2.788488523665110796e-01
4.402842004005599885e-01
2.561645562467070036e-02
1.858283343677236410e-01
4.570321444669916411e-01
4.140262798734772320e-01
4.295417555704582058e-01
4.252191656618219406e-01
2.913573606589203169e-01
1.140400784131573308e-01
3.777482190428982367e-01
2.947989829802627471e-01
1.617106498410435800e-01
3.753038984530965849e-01
4.746729352768773724e-01
1.142264676494603309e-01
7.194641256917561067e-02
3.075012777756547244e-01
1.689537156200310586e-01
2.617048231266893010e-01
1.450402056834151077e-01
3.857645027065925158e-01
2.911289677065220793e-01
2.730091009071392016e-01
3.850604082375893022e-01
3.183500576679070271e-01
4.034757160375724849e-01
4.155503105677295084e-01
1.056229203045552095e-02
5.588353027645555082e-01
4.252350871338523852e-01
4.403934756003832773e-01
9.236895937055847328e-02
2.683911929393071327e-01
1.425308399000973503e-01
3.452434418800573446e-01
2.112023484353520164e-01
4.037409793993341212e-01
2.281759596444959681e-01
6.065195694001929150e-01
1.586285080827954941e-01
2.800553981487167721e-01
2.778021898270232048e-01
3.240741758538055461e-01
