3.086683409859616312e-01
1.845158051283158074e-01
1.352500390038134381e-01
4.404403440337918973e-01
1.543011486451515146e-01
3.959312284651782948e-02
6.816976738967307770e-02
3.259157722039360272e-01
2.304502697400609701e-01
2.052321552485124601e-01
4.297597219258219026e-01
1.253113623128210008e-01
1.174295410698391467e-01
3.858259771846446751e-01
2.023574742266884552e-01
3.531366045998628189e-02
4.972842437522463355e-01
3.468208635798097211e-02
1.010153649505621809e-01
3.522674244528025134e-01
4.134600885663170522e-01
1.722230333379151657e-01
2.087613567651875057e-01
5.492513808871128944e-01
2.613175065840452338e-01
4.069840600449891599e-01
3.929741642883747832e-01
4.167751184802552245e-01
4.467604287068567270e-01
4.037739696028737058e-01
4.453057507401675941e-01
3.578317118421308063e-01
3.383828222938336516e-01
1.549304296467144022e-02
9.801372661813377574e-02
1.638333523972369810e-01
3.900088274034436142e-01
4.796814974385066495e-03
2.718000820805762108e-01
3.119849761503413199e-01
4.164430074828299744e-01
2.814526405378969115e-02
3.854732741035987731e-01
4.030840658415381639e-01
2.329766725392833082e-01
2.148646748714992671e-01
2.284494676319419881e-01
3.462721005159652976e-01
1.016367430329047639e-01
2.553746638972063665e-01
5.538050246821769884e-02
5.761002535346301801e-02
3.534998103357488985e-01
3.819702165765765933e-01
3.086052717964881675e-01
2.820720248860588697e-01
1.032159152654625045e-01
1.932848504645093002e-01
3.472853102138236947e-01
1.423922826810614106e-01
3.886014047642320501e-01
2.293407455966030850e-01
4.506952371941799762e-01
2.699476427798763734e-01
3.215574764269184538e-01
4.186044976994666156e-01
4.739891999749998308e-01
1.718508596245755249e-01
4.492872585386702977e-01
3.996508920593234149e-01
4.074294684966266455e-01
4.563659389372631825e-01
3.251282250846473376e-01
1.530495039476197638e-01
3.418644487648425656e-01
3.089694789234115890e-01
2.632983407550428812e-01
4.072443197372281332e-01
4.043767239658859758e-01
2.918848846615587633e-02
1.362849183119333729e-01
4.426669726976761865e-01
3.192469439161344513e-01
2.994856939609885083e-01
1.994496165353539519e-01
2.882751300114020157e-02
2.307441851708136871e-01
4.076955605822061846e-01
2.911266056382545431e-01
3.386407212455557203e-01
2.567221048649307447e-01
2.147780322589724622e-01
1.204351899817872051e-01
3.885881500584792425e-01
4.102477243098548998e-01
4.263975908486951627e-01
2.292607732969448309e-01
1.238967975995523274e-01
3.386166138593114106e-01
3.565661236059987638e-01
3.268038648949749825e-01
2.005193164186017396e-01
3.726633432164646043e-01
3.668596225664939037e-01
1.530594764747047754e-01
3.144775698091801241e-01
4.242546108027823171e-01
3.727347236681043396e-01
2.592388652646136493e-01
3.886486271054064301e-01
4.101810072501615445e-01
4.088759788056723909e-01
2.138335817219331747e-01
5.793194976551575837e-02
3.548524588864392371e-01
3.437856389071743402e-01
1.068463358812980629e-01
1.549162378109773530e-01
4.032724893524997078e-01
1.580931469364553199e-01
1.864784195532812328e-01
2.714391393944027286e-01
4.836495392918457314e-01
8.653243093752913118e-02
2.849032644401927050e-01
3.433634789946221066e-01
5.565147192960452349e-01
4.008914080079752362e-01
3.263798915033485626e-01
2.827153944181404754e-01
2.945660828333252490e-01
3.105660610208313965e-01
4.222959816211586115e-01
3.771515745938421871e-01
1.572226549899827241e-01
3.385328409384724679e-02
3.943065499753480863e-01
2.653202494293829816e-01
4.223519512038471646e-01
1.340934209323703385e-01
4.709443056657853788e-01
1.632509644832324802e-01
2.791223680715073097e-01
4.057491862064241395e-01
1.119543274302675639e-01
3.958585338646302132e-01
1.912075992999265894e-01
3.875068860071483323e-01
4.634241221034169911e-01
4.625787406587458239e-01
4.304314369150564756e-01
4.149878404890082750e-01
9.639810879415734723e-02
3.455460506539494991e-01
1.767269769628776466e-01
4.078948550302295972e-01
9.318761850721828111e-02
3.883294379425163423e-01
1.595949935741511894e-01
3.523619406262210596e-01
3.075237181710559486e-01
3.551380141564617343e-01
4.132903965247566314e-01
2.245087775415226250e-01
1.589907989337059346e-01
3.954253913387453800e-01
5.205624613821624447e-01
4.596365009908269239e-01
3.439660371824873608e-01
2.902333669386824022e-01
4.473121966180614861e-01
3.533789145799353659e-01
3.575206945690890814e-01
4.445636840570333370e-01
4.177768068714786676e-01
3.090509770418706781e-01
1.317852154652459640e-01
2.152342906733619998e-01
2.139407961491382459e-01
4.281741651787062675e-01
4.680207843764768172e-01
1.638741236340503227e-01
1.949634344787458951e-01
1.717639438273685648e-01
1.634885703441658067e-01
3.959715900831604074e-01
3.351597662014141332e-01
3.644967399729457380e-01
3.207548391812059529e-02
3.603133146721803071e-01
2.811871328000119519e-01
5.438064555772108566e-01
1.237193270557426644e-01
1.573308564804479781e-01
1.010882177116173702e-01
3.468704194452075784e-01
4.000825099126296136e-01
2.944877199073964169e-01
2.792670659139179778e-01
8.345524249801249128e-02
1.322972685052535846e-01
-2.786828236484237276e-02
4.402596895856028536e-01
3.755720804180764372e-01
2.738771378428042080e-01
2.084088886959928610e-01
3.648761933277493985e-01
2.262454388854289733e-01
2.135718359241204067e-01
3.884106717348810855e-01
6.737134271531576568e-02
2.976764144036841628e-02
1.495981406049522178e-01
3.116120967375727302e-01
3.910740202788670627e-01
2.840792924963341237e-01
1.598886043691320480e-01
1.639795704310681446e-01
4.485214573182492170e-01
1.074132093358741852e-01
3.570125173730372414e-01
2.817304667980913280e-01
4.115605951960817910e-01
3.200187670351710700e-01
3.089372442514397021e-01
1.978165012564699066e-01
4.211763329024291735e-01
1.808242874319686277e-01
2.471577189907514793e-01
3.072453988304591488e-01
3.940371709394970834e-01
3.441297563795920333e-01
1.511944366136159790e-01
4.444500737515925670e-01
6.096374537966960105e-02
4.172168220513827186e-01
4.285311842374628921e-01
4.488228537936308493e-01
3.744610412282315393e-01
3.915711442833449407e-01
3.260920315280325110e-01
2.186399638367769460e-01
3.891341194339830167e-01
1.046286388036099246e-01
6.190123180272063402e-02
1.156382682090587727e-01
1.167042256198584371e-01
2.742642989504604500e-01
3.269098071607902112e-01
4.177726373197606091e-01
2.168556028564847804e-01
1.706909833673324051e-01
3.886448102374340796e-01
4.210722572360839910e-01
4.127559440577140970e-01
3.988352940516072809e-01
3.256463041465584296e-01
3.248547284660655565e-01
1.384707982537122795e-01
4.072203103763190613e-01
3.505154882773268699e-01
4.477115143661878904e-01
2.433397074102417457e-01
2.014520141017539512e-01
2.807041328874660402e-01
3.792714859486339685e-01
1.849231883232242413e-01
4.079430904658364887e-01
1.034990859654758184e-02
3.805138322844336396e-01
4.173549726312463792e-01
3.153510268716331333e-01
