Sample: newVertex/00a_newVertex/bdm_m05_b1p1_00a
SigStrength	NegCosCut	PosCosCut	bestEff	BkgExpect	BkgError	CVNCut	BDTCut
16938.632722889568	-0.9	0.9	0.01529	2424.076215005759	49.23490850002424	0.75	-0.2
16937.82654376552	-0.9	0.9	0.01529	2423.833151111745	49.23244002801146	0.75	-0.07586206896551727
16934.601424016986	-0.9	0.9	0.01529	2422.860895535687	49.2225649020415	0.75	-0.044827586206896586
16930.56911655951	-0.9	0.9	0.01529	2421.645576065615	49.21021820786426	0.75	0.01724137931034478
16926.535799759746	-0.9	0.9	0.01529	2420.4302565955427	49.19786841516147	0.75	0.048275862068965475
 ======= BEST CUTS ========
16926.535799759746	-0.9	0.9	0.01529	2420.4302565955427	49.19786841516147	0.75	0.048275862068965475

Sample: newVertex/00a_newVertex/bdm_m10_b1p1_00a
SigStrength	NegCosCut	PosCosCut	bestEff	BkgExpect	BkgError	CVNCut	BDTCut
14129.388670648199	-0.9	0.9	0.01833	2424.076215005759	49.23490850002424	0.75	-0.2
14128.716194990444	-0.9	0.9	0.01833	2423.833151111745	49.23244002801146	0.75	-0.07586206896551727
14126.0259559858	-0.9	0.9	0.01833	2422.860895535687	49.2225649020415	0.75	-0.044827586206896586
 ======= BEST CUTS ========
14126.0259559858	-0.9	0.9	0.01833	2422.860895535687	49.2225649020415	0.75	-0.044827586206896586

Sample: newVertex/00a_newVertex/bdm_m20_b1p1_00a
SigStrength	NegCosCut	PosCosCut	bestEff	BkgExpect	BkgError	CVNCut	BDTCut
14007.122462573363	-0.9	0.9	0.01849	2424.076215005759	49.23490850002424	0.75	-0.2
14006.455806066782	-0.9	0.9	0.01849	2423.833151111745	49.23244002801146	0.75	-0.07586206896551727
14003.788846577594	-0.9	0.9	0.01849	2422.860895535687	49.2225649020415	0.75	-0.044827586206896586
 ======= BEST CUTS ========
14003.788846577594	-0.9	0.9	0.01849	2422.860895535687	49.2225649020415	0.75	-0.044827586206896586

Sample: newVertex/00a_newVertex/bdm_m40_b1p1_00a
SigStrength	NegCosCut	PosCosCut	bestEff	BkgExpect	BkgError	CVNCut	BDTCut
13378.556467097078	-0.9	0.9	0.01935871743486974	2424.076215005759	49.23490850002424	0.75	-0.2
13377.9197266287	-0.9	0.9	0.01935871743486974	2423.833151111745	49.23244002801146	0.75	-0.07586206896551727
13375.37244625638	-0.9	0.9	0.01935871743486974	2422.860895535687	49.2225649020415	0.75	-0.044827586206896586
13372.187628810067	-0.9	0.9	0.01935871743486974	2421.645576065615	49.21021820786426	0.75	0.01724137931034478
 ======= BEST CUTS ========
13372.187628810067	-0.9	0.9	0.01935871743486974	2421.645576065615	49.21021820786426	0.75	0.01724137931034478

Sample: newVertex/00a_newVertex/bdm_m05_b1p5_00a
SigStrength	NegCosCut	PosCosCut	bestEff	BkgExpect	BkgError	CVNCut	BDTCut
1962.1289515609642	-1.1	0.85	0.11558232931726907	1830.5141858225581	42.784508713114356	0.75	-0.2
1961.8563312386595	-1.1	0.85	0.11556224899598394	1829.2988663524861	42.7703035569364	0.75	-2.7755575615628914e-17
1961.5680100640457	-1.1	0.85	0.1154417670682731	1824.6806523662121	42.71628088172251	0.75	0.09999999999999998
1939.6663800183433	-1.1	0.85	0.11274096385542169	1694.1553412804715	41.160118334140776	0.75	0.49999999999999994
1931.1315294973049	-1.1	0.85	0.11268072289156626	1676.4116770174192	40.94400660679679	0.75	0.5999999999999999
1931.0000590567897	-1.1	0.85	0.11268072289156626	1676.1686131234046	40.941038251654106	0.75	0.7
 ======= BEST CUTS ========
1931.0000590567897	-1.1	0.85	0.11268072289156626	1676.1686131234046	40.941038251654106	0.75	0.7

Sample: newVertex/00a_newVertex/bdm_m10_b1p5_00a
SigStrength	NegCosCut	PosCosCut	bestEff	BkgExpect	BkgError	CVNCut	BDTCut
1937.5862127734827	-1.1	0.85	0.11704637096774194	1830.5141858225581	42.784508713114356	0.75	-0.2
1937.3141321921778	-1.1	0.85	0.11702620967741935	1829.2988663524861	42.7703035569364	0.75	-2.7755575615628914e-17
1937.0121780455154	-1.1	0.85	0.11690524193548388	1824.6806523662121	42.71628088172251	0.75	0.09999999999999998
1934.2341781966568	-1.1	0.85	0.11525201612903226	1764.886934438666	42.0105574164241	0.75	0.39999999999999997
1908.5906949084538	-1.1	0.85	0.11457661290322581	1694.1553412804715	41.160118334140776	0.75	0.49999999999999994
1900.0130830781857	-1.1	0.85	0.11452620967741936	1676.4116770174192	40.94400660679679	0.75	0.5999999999999999
1899.8837311654852	-1.1	0.85	0.11452620967741936	1676.1686131234046	40.941038251654106	0.75	0.7
 ======= BEST CUTS ========
1899.8837311654852	-1.1	0.85	0.11452620967741936	1676.1686131234046	40.941038251654106	0.75	0.7

Sample: newVertex/00a_newVertex/bdm_m20_b1p5_00a
SigStrength	NegCosCut	PosCosCut	bestEff	BkgExpect	BkgError	CVNCut	BDTCut
1883.736191480017	-1.1	0.85	0.1203923541247485	1830.5141858225581	42.784508713114356	0.75	-0.2
1881.5219696920221	-1.1	0.85	0.11848088531187123	1764.886934438666	42.0105574164241	0.75	0.39999999999999997
1852.3031793589887	-1.1	0.85	0.11805835010060362	1694.1553412804715	41.160118334140776	0.75	0.49999999999999994
1843.3244329469712	-1.1	0.85	0.11804828973843058	1676.4116770174192	40.94400660679679	0.75	0.5999999999999999
1843.1989403683924	-1.1	0.85	0.11804828973843058	1676.1686131234046	40.941038251654106	0.75	0.7
 ======= BEST CUTS ========
1843.1989403683924	-1.1	0.85	0.11804828973843058	1676.1686131234046	40.941038251654106	0.75	0.7

Sample: newVertex/00a_newVertex/bdm_m40_b1p5_00a
SigStrength	NegCosCut	PosCosCut	bestEff	BkgExpect	BkgError	CVNCut	BDTCut
1876.4206580416405	-1.1	0.85	0.12086172344689379	1830.5141858225581	42.784508713114356	0.75	-0.2
1874.9244895115528	-1.1	0.85	0.11889779559118237	1764.886934438666	42.0105574164241	0.75	0.39999999999999997
1848.5727386645963	-1.1	0.85	0.11829659318637274	1694.1553412804715	41.160118334140776	0.75	0.49999999999999994
1839.4553121206795	-1.1	0.85	0.11829659318637274	1676.4116770174192	40.94400660679679	0.75	0.5999999999999999
1839.3300829498548	-1.1	0.85	0.11829659318637274	1676.1686131234046	40.941038251654106	0.75	0.7
 ======= BEST CUTS ========
1839.3300829498548	-1.1	0.85	0.11829659318637274	1676.1686131234046	40.941038251654106	0.75	0.7

Sample: newVertex/00a_newVertex/bdm_m05_b10_00a
SigStrength	NegCosCut	PosCosCut	bestEff	BkgExpect	BkgError	CVNCut	BDTCut
738.0058046828503	-1.1	0.8315789473684211	0.3765578947368421	2811.276998170722	53.021476763390154	0.3	-0.2
737.8537809108875	-1.1	0.8315789473684211	0.3765578947368421	2810.0616787006497	53.01001489059072	0.3	-2.7755575615628914e-17
737.1746557171564	-1.1	0.8315789473684211	0.37654736842105263	2804.4712091383185	52.95725832346609	0.3	0.09999999999999998
735.7950345891998	-1.1	0.8315789473684211	0.3764736842105263	2792.3180144375974	52.84238842480152	0.3	0.19999999999999996
733.3911827986409	-1.1	0.8315789473684211	0.37642105263157893	2772.3867751284156	52.653459289285216	0.3	0.29999999999999993
729.0274540641967	-1.1	0.8315789473684211	0.3763263157894737	2736.4133188142823	52.31073808324905	0.3	0.39999999999999997
719.1482040192622	-1.1	0.8315789473684211	0.37626315789473685	2658.1467449416405	51.55721816527382	0.3	0.49999999999999994
716.5150091070186	-1.1	0.8315789473684211	0.37626315789473685	2637.7293778444296	51.35882959963583	0.3	0.5999999999999999
716.4836004249323	-1.1	0.8315789473684211	0.37626315789473685	2637.4863139504155	51.35646321496853	0.3	0.7
716.1559201159839	-1.1	0.8315789473684211	0.37517894736842106	2619.01345800532	51.17629781456763	0.3088235294117647	0.5999999999999999
716.1243085794933	-1.1	0.8315789473684211	0.37517894736842106	2618.7703941113054	51.17392298926579	0.3088235294117647	0.7
715.7761022232959	-1.1	0.8315789473684211	0.3732842105263158	2588.3874073595034	50.876196864147616	0.3264705882352941	0.5999999999999999
715.7441432606848	-1.1	0.8315789473684211	0.3732842105263158	2588.1443434654893	50.87380802992331	0.3264705882352941	0.7
 ======= BEST CUTS ========
715.7441432606848	-1.1	0.8315789473684211	0.3732842105263158	2588.1443434654893	50.87380802992331	0.3264705882352941	0.7

Sample: newVertex/00a_newVertex/bdm_m10_b10_00a
SigStrength	NegCosCut	PosCosCut	bestEff	BkgExpect	BkgError	CVNCut	BDTCut
714.5538773043322	-1.1	0.8315789473684211	0.3889166666666667	2811.276998170722	53.021476763390154	0.3	-0.2
714.4066844570549	-1.1	0.8315789473684211	0.3889166666666667	2810.0616787006497	53.01001489059072	0.3	-2.7755575615628914e-17
713.7674227511413	-1.1	0.8315789473684211	0.38889583333333333	2804.4712091383185	52.95725832346609	0.3	0.09999999999999998
712.4257743611415	-1.1	0.8315789473684211	0.3888229166666667	2792.3180144375974	52.84238842480152	0.3	0.19999999999999996
710.0560652100305	-1.1	0.8315789473684211	0.38879166666666665	2772.3867751284156	52.653459289285216	0.3	0.29999999999999993
705.785907927927	-1.1	0.8315789473684211	0.38871875	2736.4133188142823	52.31073808324905	0.3	0.39999999999999997
696.1793886020191	-1.1	0.8315789473684211	0.38867708333333334	2658.1467449416405	51.55721816527382	0.3	0.49999999999999994
693.6302950857869	-1.1	0.8315789473684211	0.38867708333333334	2637.7293778444296	51.35882959963583	0.3	0.5999999999999999
693.5998895630178	-1.1	0.8315789473684211	0.38867708333333334	2637.4863139504155	51.35646321496853	0.3	0.7
693.3102873087485	-1.1	0.8315789473684211	0.3875416666666667	2619.01345800532	51.17629781456763	0.3088235294117647	0.5999999999999999
693.2796841917022	-1.1	0.8315789473684211	0.3875416666666667	2618.7703941113054	51.17392298926579	0.3088235294117647	0.7
 ======= BEST CUTS ========
693.2796841917022	-1.1	0.8315789473684211	0.3875416666666667	2618.7703941113054	51.17392298926579	0.3088235294117647	0.7

Sample: newVertex/00a_newVertex/bdm_m20_b10_00a
SigStrength	NegCosCut	PosCosCut	bestEff	BkgExpect	BkgError	CVNCut	BDTCut
545.1402656574087	-1.1	0.9052631578947369	0.3868724279835391	1568.2482441810046	39.60111417853044	0.3	-0.2
544.9423065783953	-1.1	0.9052631578947369	0.3868724279835391	1567.0329247109323	39.58576669348381	0.3	-2.7755575615628914e-17
544.4272548538692	-1.1	0.9052631578947369	0.3868724279835391	1563.8730940887451	39.54583535707325	0.3	0.09999999999999998
543.3558734153131	-1.1	0.9052631578947369	0.3868724279835391	1557.3103689503557	39.46277193698329	0.3	0.19999999999999996
541.5397663303876	-1.1	0.9052631578947369	0.38686213991769547	1546.1294298256928	39.32085235375364	0.3	0.29999999999999993
538.354733495132	-1.1	0.9052631578947369	0.38685185185185184	1526.6843183045396	39.072807914258476	0.3	0.39999999999999997
530.589131883025	-1.1	0.8947368421052632	0.4051954732510288	1633.8754955648965	40.42122580482804	0.3	0.49999999999999994
528.7713406603405	-1.1	0.8947368421052632	0.4051954732510288	1621.9653647581902	40.273631134505244	0.3	0.5999999999999999
528.7638228101574	-1.1	0.8947368421052632	0.4038888888888889	1610.784425633527	40.13457892682477	0.3088235294117647	0.5999999999999999
528.7281552128613	-1.1	0.8947368421052632	0.4026851851851852	1600.3326781909072	40.004158261247134	0.3176470588235294	0.5999999999999999
 ======= BEST CUTS ========
528.7281552128613	-1.1	0.8947368421052632	0.4026851851851852	1600.3326781909072	40.004158261247134	0.3176470588235294	0.5999999999999999

Sample: newVertex/00a_newVertex/bdm_m40_b10_00a
SigStrength	NegCosCut	PosCosCut	bestEff	BkgExpect	BkgError	CVNCut	BDTCut
693.6177734045989	-1.1	0.8842105263157896	0.3336767676767677	1911.2113986353438	43.71740384143761	0.3	-0.2
693.4097989415453	-1.1	0.8842105263157896	0.3336767676767677	1909.9960791652718	43.703501909632735	0.3	-2.7755575615628914e-17
692.8687564827285	-1.1	0.8842105263157896	0.3336767676767677	1906.8362485430844	43.66733617411399	0.3	0.09999999999999998
691.5977082989415	-1.1	0.8842105263157896	0.33366666666666667	1899.3012678286375	43.58097369069027	0.3	0.19999999999999996
689.3199742099239	-1.1	0.8842105263157896	0.33365656565656565	1885.9327536578446	43.4273272681827	0.3	0.29999999999999993
685.244787682085	-1.1	0.8842105263157896	0.33361616161616164	1861.8694281504177	43.14938502632938	0.3	0.39999999999999997
675.5380783105303	-1.1	0.8842105263157896	0.33356565656565657	1805.7216686330878	42.493783882270215	0.3	0.49999999999999994
673.265843134074	-1.1	0.8842105263157896	0.33356565656565657	1792.8392822503238	42.34193290640289	0.3	0.5999999999999999
672.68325670084	-1.1	0.8842105263157896	0.3327878787878788	1780.6860875496031	42.198176353363934	0.3088235294117647	0.5999999999999999
672.4868744731382	-1.1	0.8842105263157896	0.3318787878787879	1769.2620845309257	42.062597215708465	0.3176470588235294	0.5999999999999999
 ======= BEST CUTS ========
672.4868744731382	-1.1	0.8842105263157896	0.3318787878787879	1769.2620845309257	42.062597215708465	0.3176470588235294	0.5999999999999999

